phi_u	d_u	x_u	y_u	phi_v	d_v	x_v	y_v	phi_f	d_f	x_f	y_f
0.496	1.646	1.452	0.774	0.358	1.451	1.359	0.508	0.327	1.531	1.450	0.492
0.498	1.640	1.454	0.757	0.358	1.451	1.359	0.508	0.327	1.527	1.446	0.491
0.495	1.642	1.459	0.753	0.358	1.451	1.359	0.508	0.327	1.529	1.448	0.491
0.489	1.643	1.460	0.753	0.358	1.451	1.359	0.508	0.327	1.529	1.448	0.491
0.486	1.649	1.469	0.747	0.358	1.451	1.359	0.508	0.327	1.532	1.451	0.492
0.484	1.653	1.481	0.734	0.358	1.451	1.359	0.508	0.327	1.535	1.454	0.493
0.475	1.659	1.542	0.613	0.358	1.451	1.359	0.508	0.326	1.538	1.457	0.492
0.469	1.658	1.498	0.709	0.358	1.451	1.359	0.508	0.326	1.538	1.457	0.493
0.459	1.663	1.503	0.711	0.358	1.451	1.359	0.508	0.327	1.542	1.460	0.495
0.458	1.656	1.496	0.711	0.358	1.451	1.359	0.508	0.326	1.537	1.456	0.493
0.453	1.659	1.498	0.713	0.358	1.451	1.359	0.508	0.327	1.539	1.458	0.494
0.449	1.650	1.517	0.650	0.358	1.451	1.359	0.508	0.326	1.532	1.451	0.491
0.443	1.642	1.505	0.658	0.358	1.451	1.359	0.508	0.326	1.527	1.447	0.489
0.435	1.658	1.514	0.674	0.358	1.451	1.359	0.508	0.326	1.537	1.456	0.493
0.432	1.654	1.473	0.753	0.358	1.451	1.359	0.508	0.327	1.538	1.456	0.494
0.441	1.663	1.427	0.853	0.358	1.451	1.359	0.508	0.327	1.545	1.463	0.497
0.456	1.659	1.396	0.897	0.358	1.451	1.359	0.508	0.328	1.544	1.462	0.497
0.474	1.663	1.358	0.959	0.358	1.451	1.359	0.508	0.328	1.548	1.465	0.499
0.485	1.660	1.413	0.871	0.358	1.451	1.359	0.508	0.328	1.543	1.461	0.497
0.492	1.649	1.441	0.801	0.358	1.451	1.359	0.508	0.327	1.534	1.453	0.493
0.501	1.651	1.506	0.677	0.358	1.451	1.359	0.508	0.327	1.533	1.452	0.492
0.501	1.645	1.488	0.701	0.358	1.451	1.359	0.508	0.327	1.530	1.449	0.491
0.500	1.663	1.531	0.648	0.358	1.451	1.359	0.508	0.326	1.540	1.459	0.493
0.501	1.659	1.490	0.729	0.358	1.451	1.359	0.508	0.327	1.539	1.458	0.494
0.500	1.659	1.434	0.834	0.358	1.451	1.359	0.508	0.327	1.542	1.460	0.496
0.492	1.661	1.446	0.816	0.358	1.451	1.359	0.508	0.327	1.543	1.461	0.496
0.484	1.652	1.451	0.790	0.358	1.451	1.359	0.508	0.327	1.537	1.455	0.494
0.474	1.656	1.496	0.710	0.357	1.487	1.393	0.520	0.327	1.549	1.467	0.497
0.461	1.649	1.524	0.627	0.357	1.487	1.393	0.520	0.326	1.542	1.461	0.494
0.449	1.639	1.533	0.579	0.357	1.487	1.393	0.520	0.326	1.535	1.454	0.491
0.441	1.646	1.521	0.628	0.359	1.496	1.401	0.526	0.328	1.543	1.461	0.497
0.449	1.656	1.485	0.732	0.359	1.496	1.401	0.526	0.329	1.552	1.469	0.501
0.449	1.652	1.495	0.704	0.359	1.496	1.401	0.526	0.329	1.549	1.466	0.500
0.443	1.653	1.487	0.720	0.359	1.496	1.401	0.526	0.329	1.549	1.466	0.500
0.441	1.647	1.456	0.770	0.359	1.496	1.401	0.526	0.329	1.547	1.464	0.500
0.440	1.653	1.440	0.811	0.359	1.496	1.401	0.526	0.329	1.551	1.468	0.502
0.447	1.649	1.413	0.849	0.359	1.496	1.401	0.526	0.329	1.549	1.466	0.501
0.460	1.648	1.407	0.858	0.359	1.496	1.401	0.526	0.330	1.550	1.466	0.502
0.473	1.638	1.435	0.788	0.359	1.496	1.401	0.526	0.329	1.541	1.458	0.498
0.488	1.642	1.432	0.804	0.359	1.496	1.401	0.526	0.329	1.545	1.462	0.499
0.495	1.651	1.442	0.805	0.359	1.496	1.401	0.526	0.329	1.551	1.468	0.501
0.502	1.670	1.500	0.734	0.359	1.496	1.401	0.526	0.329	1.562	1.478	0.504
0.505	1.647	1.446	0.788	0.359	1.496	1.401	0.526	0.329	1.547	1.464	0.500
0.506	1.622	1.433	0.760	0.359	1.496	1.401	0.526	0.329	1.530	1.448	0.494
0.502	1.627	1.442	0.754	0.359	1.496	1.401	0.526	0.329	1.533	1.451	0.495
0.495	1.637	1.419	0.816	0.359	1.496	1.401	0.526	0.329	1.533	1.451	0.495
0.495	1.637	1.419	0.816	0.359	1.496	1.401	0.526	0.329	1.542	1.459	0.498
0.495	1.651	1.419	0.844	0.359	1.496	1.401	0.526	0.329	1.551	1.468	0.502
0.491	1.643	1.473	0.728	0.359	1.496	1.401	0.526	0.329	1.543	1.460	0.498
0.491	1.643	1.473	0.728	0.359	1.496	1.401	0.526	0.329	1.544	1.461	0.498
0.482	1.639	1.513	0.630	0.359	1.496	1.401	0.526	0.328	1.535	1.453	0.495
0.475	1.642	1.523	0.612	0.359	1.496	1.401	0.526	0.328	1.540	1.458	0.496
0.465	1.632	1.513	0.611	0.359	1.496	1.401	0.526	0.328	1.534	1.452	0.494
0.459	1.640	1.510	0.640	0.359	1.496	1.401	0.526	0.328	1.540	1.458	0.496
0.454	1.639	1.462	0.741	0.357	1.479	1.385	0.517	0.327	1.535	1.454	0.493
0.451	1.650	1.452	0.783	0.357	1.479	1.385	0.517	0.327	1.544	1.462	0.496
0.448	1.647	1.455	0.771	0.357	1.479	1.385	0.517	0.327	1.542	1.460	0.495
0.447	1.638	1.437	0.786	0.357	1.479	1.385	0.517	0.327	1.535	1.454	0.493
0.447	1.633	1.452	0.747	0.357	1.479	1.385	0.517	0.326	1.532	1.451	0.491
0.443	1.632	1.477	0.693	0.357	1.479	1.385	0.517	0.326	1.530	1.449	0.490
0.441	1.629	1.495	0.646	0.357	1.479	1.385	0.517	0.326	1.526	1.446	0.489
0.439	1.627	1.515	0.592	0.357	1.479	1.385	0.517	0.325	1.524	1.444	0.487
0.451	1.623	1.395	0.830	0.357	1.479	1.385	0.517	0.327	1.527	1.446	0.491
0.459	1.626	1.383	0.854	0.357	1.479	1.385	0.517	0.328	1.529	1.448	0.492
0.464	1.626	1.410	0.810	0.357	1.479	1.385	0.517	0.327	1.528	1.447	0.491
0.466	1.638	1.430	0.799	0.357	1.479	1.385	0.517	0.327	1.536	1.455	0.493
0.463	1.644	1.490	0.694	0.357	1.479	1.385	0.517	0.326	1.538	1.457	0.493
0.459	1.659	1.489	0.729	0.357	1.479	1.385	0.517	0.326	1.548	1.466	0.496
0.461	1.649	1.489	0.707	0.357	1.479	1.385	0.517	0.326	1.541	1.460	0.494
0.465	1.643	1.477	0.719	0.357	1.479	1.385	0.517	0.326	1.537	1.456	0.493
0.470	1.644	1.505	0.661	0.357	1.479	1.385	0.517	0.326	1.537	1.456	0.492
0.465	1.645	1.546	0.561	0.355	1.477	1.385	0.514	0.325	1.536	1.455	0.491
0.454	1.639	1.500	0.659	0.355	1.477	1.385	0.514	0.325	1.533	1.453	0.489
0.446	1.630	1.463	0.718	0.357	1.471	1.378	0.514	0.326	1.526	1.446	0.489
0.445	1.608	1.404	0.784	0.357	1.471	1.378	0.514	0.327	1.513	1.433	0.486
0.446	1.610	1.461	0.676	0.357	1.464	1.372	0.511	0.327	1.510	1.430	0.485
0.444	1.619	1.472	0.675	0.357	1.464	1.372	0.511	0.326	1.517	1.437	0.485
0.441	1.627	1.491	0.649	0.357	1.464	1.372	0.511	0.325	1.520	1.440	0.486
0.441	1.634	1.476	0.700	0.357	1.464	1.372	0.511	0.325	1.526	1.446	0.488
0.442	1.656	1.493	0.718	0.357	1.464	1.372	0.511	0.325	1.542	1.461	0.493
0.447	1.655	1.509	0.679	0.357	1.464	1.372	0.511	0.325	1.540	1.459	0.492
0.456	1.649	1.493	0.701	0.357	1.464	1.372	0.511	0.325	1.537	1.456	0.491
0.453	1.643	1.489	0.696	0.357	1.464	1.372	0.511	0.325	1.532	1.452	0.490
0.445	1.644	1.495	0.683	0.357	1.464	1.372	0.511	0.325	1.532	1.452	0.490
0.434	1.650	1.533	0.609	0.357	1.464	1.372	0.511	0.325	1.535	1.455	0.490
0.432	1.657	1.491	0.722	0.357	1.464	1.372	0.511	0.325	1.542	1.461	0.493
0.437	1.654	1.465	0.768	0.357	1.464	1.372	0.511	0.326	1.541	1.460	0.494
0.442	1.643	1.465	0.744	0.357	1.464	1.372	0.511	0.326	1.534	1.453	0.491
0.444	1.641	1.497	0.673	0.357	1.464	1.372	0.511	0.325	1.531	1.451	0.489
0.444	1.643	1.487	0.699	0.357	1.464	1.372	0.511	0.325	1.532	1.452	0.490
0.441	1.657	1.516	0.667	0.357	1.464	1.372	0.511	0.325	1.541	1.460	0.492
0.440	1.656	1.510	0.679	0.357	1.464	1.372	0.511	0.325	1.541	1.460	0.492
0.442	1.650	1.495	0.697	0.357	1.464	1.372	0.511	0.325	1.537	1.456	0.491
0.441	1.643	1.519	0.626	0.357	1.464	1.372	0.511	0.325	1.531	1.451	0.489
0.440	1.639	1.486	0.689	0.355	1.463	1.371	0.508	0.324	1.529	1.449	0.487
0.438	1.634	1.480	0.692	0.355	1.463	1.371	0.508	0.324	1.525	1.446	0.486
0.434	1.639	1.423	0.813	0.355	1.463	1.371	0.508	0.325	1.532	1.452	0.489
0.437	1.639	1.457	0.752	0.355	1.463	1.371	0.508	0.324	1.531	1.451	0.488
0.438	1.638	1.449	0.763	0.355	1.463	1.371	0.508	0.325	1.530	1.450	0.488
0.442	1.645	1.470	0.738	0.355	1.463	1.371	0.508	0.324	1.534	1.454	0.489
0.448	1.654	1.467	0.764	0.355	1.463	1.371	0.508	0.324	1.540	1.460	0.491
0.454	1.653	1.420	0.846	0.355	1.463	1.371	0.508	0.325	1.542	1.461	0.493
0.463	1.644	1.479	0.716	0.355	1.463	1.371	0.508	0.324	1.533	1.453	0.488
0.462	1.645	1.516	0.639	0.355	1.463	1.371	0.508	0.323	1.532	1.453	0.487
0.457	1.639	1.515	0.624	0.355	1.463	1.371	0.508	0.324	1.527	1.448	0.486
0.450	1.645	1.536	0.588	0.355	1.463	1.371	0.508	0.323	1.531	1.452	0.486
0.436	1.655	1.566	0.534	0.355	1.463	1.371	0.508	0.322	1.537	1.458	0.487
0.423	1.658	1.563	0.552	0.355	1.463	1.371	0.508	0.323	1.539	1.460	0.488
0.403	1.651	1.549	0.568	0.355	1.463	1.371	0.508	0.323	1.534	1.455	0.487
0.393	1.647	1.527	0.617	0.355	1.463	1.371	0.508	0.323	1.533	1.454	0.487
0.383	1.646	1.525	0.620	0.355	1.463	1.371	0.508	0.323	1.532	1.453	0.487
0.373	1.648	1.546	0.570	0.355	1.463	1.371	0.508	0.323	1.533	1.454	0.487
0.373	1.649	1.513	0.655	0.355	1.463	1.371	0.508	0.324	1.535	1.455	0.488
0.374	1.641	1.500	0.667	0.355	1.463	1.371	0.508	0.324	1.531	1.451	0.487
0.379	1.646	1.498	0.682	0.355	1.462	1.371	0.508	0.324	1.534	1.454	0.488
0.387	1.641	1.510	0.640	0.353	1.461	1.371	0.505	0.322	1.529	1.450	0.484
0.393	1.636	1.512	0.626	0.352	1.460	1.371	0.503	0.320	1.525	1.448	0.480
0.395	1.640	1.530	0.591	0.352	1.460	1.371	0.503	0.320	1.528	1.450	0.481
0.394	1.637	1.542	0.550	0.352	1.460	1.371	0.503	0.320	1.524	1.447	0.479
0.397	1.640	1.485	0.696	0.352	1.460	1.371	0.503	0.321	1.529	1.451	0.482
0.402	1.620	1.481	0.656	0.352	1.460	1.371	0.503	0.321	1.515	1.438	0.478
0.397	1.622	1.525	0.553	0.352	1.460	1.371	0.503	0.320	1.515	1.438	0.476
0.390	1.627	1.529	0.554	0.352	1.460	1.371	0.503	0.320	1.517	1.440	0.477
0.385	1.641	1.511	0.641	0.352	1.460	1.371	0.503	0.321	1.529	1.451	0.482
0.382	1.642	1.497	0.672	0.352	1.460	1.371	0.503	0.321	1.529	1.451	0.482
0.383	1.636	1.495	0.663	0.352	1.460	1.371	0.503	0.321	1.526	1.448	0.481
0.382	1.640	1.532	0.584	0.352	1.460	1.371	0.503	0.320	1.526	1.449	0.480
0.385	1.635	1.521	0.601	0.352	1.460	1.371	0.503	0.320	1.525	1.447	0.480
0.383	1.634	1.497	0.655	0.352	1.460	1.371	0.503	0.320	1.525	1.447	0.480
0.384	1.638	1.477	0.709	0.352	1.460	1.371	0.503	0.321	1.528	1.450	0.482
0.394	1.638	1.476	0.710	0.352	1.460	1.371	0.503	0.321	1.528	1.450	0.482
0.405	1.637	1.501	0.653	0.352	1.460	1.371	0.503	0.321	1.526	1.448	0.481
0.408	1.640	1.524	0.605	0.352	1.460	1.371	0.503	0.320	1.528	1.450	0.481
0.407	1.642	1.530	0.597	0.352	1.460	1.371	0.503	0.320	1.529	1.451	0.481
0.406	1.629	1.503	0.627	0.353	1.461	1.371	0.505	0.322	1.520	1.442	0.481
0.413	1.616	1.454	0.705	0.353	1.462	1.371	0.506	0.323	1.514	1.436	0.480
0.420	1.631	1.487	0.670	0.353	1.462	1.371	0.506	0.322	1.523	1.445	0.482
0.420	1.635	1.520	0.602	0.353	1.462	1.371	0.506	0.322	1.524	1.446	0.482
0.415	1.633	1.529	0.572	0.353	1.462	1.371	0.506	0.322	1.522	1.444	0.481
0.396	1.645	1.525	0.615	0.353	1.462	1.371	0.506	0.321	1.526	1.448	0.482
0.394	1.632	1.478	0.693	0.353	1.462	1.371	0.506	0.322	1.531	1.453	0.484
0.394	1.632	1.478	0.693	0.353	1.462	1.371	0.506	0.322	1.525	1.446	0.483
0.396	1.635	1.484	0.687	0.353	1.462	1.371	0.506	0.322	1.526	1.448	0.483
0.392	1.635	1.511	0.626	0.353	1.462	1.371	0.506	0.322	1.525	1.447	0.482
0.397	1.619	1.467	0.685	0.353	1.462	1.371	0.506	0.322	1.526	1.448	0.483
0.397	1.619	1.467	0.685	0.353	1.462	1.371	0.506	0.322	1.515	1.437	0.480
0.402	1.619	1.495	0.621	0.353	1.462	1.371	0.506	0.322	1.514	1.436	0.479
0.406	1.623	1.489	0.645	0.353	1.462	1.371	0.506	0.322	1.517	1.439	0.480
0.415	1.642	1.465	0.743	0.353	1.462	1.371	0.506	0.323	1.532	1.453	0.486
0.420	1.646	1.450	0.779	0.353	1.462	1.371	0.506	0.323	1.535	1.456	0.487
0.426	1.634	1.444	0.765	0.353	1.462	1.371	0.506	0.323	1.527	1.448	0.485
0.436	1.637	1.440	0.778	0.352	1.460	1.371	0.503	0.321	1.529	1.451	0.483
0.448	1.640	1.421	0.820	0.352	1.460	1.371	0.503	0.322	1.533	1.454	0.485
0.458	1.640	1.434	0.795	0.352	1.460	1.371	0.503	0.322	1.531	1.453	0.484
0.462	1.641	1.479	0.709	0.352	1.460	1.371	0.503	0.321	1.529	1.451	0.483
0.467	1.629	1.477	0.688	0.352	1.460	1.371	0.503	0.321	1.522	1.444	0.480
0.469	1.632	1.502	0.637	0.352	1.460	1.371	0.503	0.321	1.523	1.445	0.480
0.467	1.627	1.503	0.623	0.352	1.460	1.371	0.503	0.320	1.519	1.442	0.478
0.463	1.630	1.515	0.603	0.352	1.460	1.371	0.503	0.320	1.521	1.444	0.479
0.449	1.639	1.503	0.655	0.352	1.460	1.371	0.503	0.321	1.528	1.450	0.482
0.440	1.639	1.485	0.695	0.352	1.460	1.371	0.503	0.321	1.529	1.451	0.482
0.432	1.641	1.501	0.664	0.352	1.460	1.371	0.503	0.321	1.530	1.452	0.482
0.429	1.641	1.458	0.753	0.352	1.460	1.371	0.503	0.322	1.531	1.453	0.484
0.432	1.642	1.412	0.836	0.352	1.460	1.371	0.503	0.322	1.533	1.454	0.485
0.444	1.643	1.463	0.745	0.352	1.460	1.371	0.503	0.321	1.536	1.457	0.485
0.444	1.643	1.463	0.745	0.352	1.460	1.371	0.503	0.322	1.531	1.453	0.484
0.452	1.634	1.455	0.743	0.352	1.460	1.371	0.503	0.321	1.526	1.448	0.482
0.459	1.629	1.491	0.654	0.352	1.460	1.371	0.503	0.321	1.520	1.443	0.479
0.460	1.631	1.520	0.592	0.352	1.460	1.371	0.503	0.320	1.521	1.444	0.479
0.453	1.635	1.535	0.564	0.352	1.460	1.371	0.503	0.320	1.523	1.446	0.479
0.450	1.643	1.519	0.626	0.352	1.460	1.371	0.503	0.321	1.530	1.452	0.482
0.445	1.640	1.483	0.701	0.352	1.460	1.371	0.503	0.321	1.530	1.452	0.483
0.436	1.629	1.513	0.603	0.352	1.460	1.371	0.503	0.321	1.520	1.443	0.479
0.425	1.618	1.501	0.605	0.352	1.460	1.371	0.503	0.320	1.513	1.436	0.476
0.418	1.619	1.479	0.657	0.352	1.460	1.371	0.503	0.320	1.514	1.437	0.477
0.412	1.631	1.482	0.680	0.352	1.460	1.371	0.503	0.321	1.523	1.445	0.480
0.409	1.634	1.501	0.644	0.352	1.460	1.371	0.503	0.321	1.524	1.446	0.480
0.409	1.628	1.505	0.620	0.352	1.461	1.371	0.503	0.321	1.519	1.442	0.479
0.413	1.622	1.481	0.663	0.352	1.461	1.371	0.503	0.321	1.517	1.440	0.478
0.414	1.624	1.486	0.653	0.352	1.461	1.371	0.503	0.321	1.517	1.440	0.478
0.417	1.638	1.480	0.701	0.352	1.461	1.371	0.503	0.321	1.528	1.450	0.482
0.417	1.651	1.497	0.695	0.352	1.461	1.371	0.503	0.321	1.537	1.458	0.485
0.415	1.646	1.550	0.552	0.352	1.461	1.371	0.503	0.320	1.531	1.453	0.481
0.409	1.634	1.518	0.604	0.352	1.461	1.371	0.503	0.321	1.524	1.446	0.480
0.405	1.633	1.523	0.589	0.352	1.461	1.371	0.503	0.320	1.522	1.445	0.479
0.403	1.637	1.507	0.639	0.352	1.461	1.371	0.503	0.321	1.527	1.449	0.481
0.406	1.630	1.466	0.711	0.352	1.461	1.371	0.503	0.321	1.523	1.445	0.480
0.408	1.628	1.507	0.616	0.352	1.461	1.371	0.503	0.321	1.520	1.443	0.479
0.407	1.636	1.521	0.602	0.352	1.461	1.371	0.503	0.320	1.525	1.447	0.480
0.396	1.638	1.544	0.547	0.352	1.461	1.371	0.503	0.320	1.525	1.448	0.480
0.386	1.635	1.545	0.534	0.352	1.461	1.371	0.503	0.320	1.523	1.446	0.479
0.385	1.631	1.499	0.641	0.352	1.461	1.371	0.503	0.320	1.521	1.444	0.479
0.390	1.636	1.452	0.754	0.352	1.461	1.371	0.503	0.322	1.528	1.450	0.483
0.401	1.637	1.456	0.750	0.352	1.460	1.371	0.503	0.321	1.529	1.451	0.483
0.409	1.634	1.497	0.656	0.352	1.460	1.371	0.503	0.320	1.525	1.447	0.480
0.404	1.629	1.496	0.643	0.350	1.459	1.370	0.500	0.319	1.519	1.443	0.476
0.401	1.635	1.507	0.633	0.350	1.459	1.370	0.500	0.319	1.524	1.447	0.478
0.403	1.642	1.494	0.679	0.348	1.457	1.370	0.497	0.317	1.528	1.452	0.477
0.411	1.649	1.507	0.670	0.348	1.457	1.370	0.497	0.318	1.534	1.457	0.479
0.415	1.657	1.543	0.604	0.348	1.457	1.370	0.497	0.317	1.538	1.461	0.479
0.416	1.648	1.520	0.634	0.348	1.457	1.370	0.497	0.317	1.532	1.455	0.478
0.415	1.630	1.476	0.691	0.348	1.457	1.370	0.497	0.318	1.521	1.445	0.475
0.412	1.616	1.448	0.717	0.348	1.457	1.370	0.497	0.318	1.513	1.437	0.473
0.417	1.613	1.413	0.778	0.348	1.457	1.370	0.497	0.318	1.512	1.436	0.473
0.429	1.611	1.393	0.810	0.348	1.457	1.370	0.497	0.319	1.512	1.436	0.474
0.446	1.625	1.475	0.681	0.348	1.457	1.370	0.497	0.318	1.518	1.442	0.474
0.447	1.636	1.488	0.678	0.348	1.457	1.370	0.497	0.317	1.525	1.449	0.476
0.446	1.640	1.504	0.653	0.348	1.457	1.370	0.497	0.317	1.527	1.451	0.476
0.451	1.638	1.470	0.723	0.348	1.457	1.370	0.497	0.318	1.527	1.451	0.477
0.454	1.632	1.459	0.730	0.348	1.457	1.370	0.497	0.318	1.523	1.447	0.476
0.459	1.631	1.442	0.761	0.348	1.457	1.370	0.497	0.318	1.523	1.447	0.476
0.460	1.626	1.453	0.730	0.348	1.457	1.370	0.497	0.318	1.520	1.444	0.475
0.452	1.628	1.477	0.686	0.348	1.457	1.370	0.497	0.318	1.520	1.444	0.475
0.441	1.629	1.504	0.625	0.348	1.457	1.370	0.497	0.317	1.520	1.444	0.474
0.432	1.625	1.457	0.719	0.348	1.457	1.370	0.497	0.318	1.519	1.443	0.475
0.434	1.628	1.445	0.750	0.348	1.457	1.370	0.497	0.318	1.521	1.445	0.476
0.452	1.628	1.435	0.769	0.348	1.457	1.370	0.497	0.318	1.522	1.446	0.476
0.455	1.628	1.495	0.644	0.348	1.457	1.370	0.497	0.317	1.519	1.443	0.474
0.454	1.619	1.487	0.641	0.349	1.444	1.356	0.494	0.318	1.509	1.433	0.472
0.444	1.615	1.517	0.554	0.349	1.443	1.356	0.494	0.318	1.504	1.429	0.470
0.436	1.620	1.505	0.600	0.349	1.443	1.356	0.494	0.318	1.509	1.433	0.472
0.432	1.624	1.487	0.651	0.349	1.443	1.356	0.494	0.318	1.512	1.436	0.473
0.436	1.634	1.454	0.746	0.349	1.443	1.356	0.494	0.319	1.521	1.444	0.477
0.443	1.636	1.450	0.757	0.349	1.443	1.356	0.494	0.319	1.523	1.446	0.478
0.441	1.637	1.483	0.693	0.349	1.443	1.356	0.494	0.319	1.522	1.445	0.477
0.434	1.636	1.479	0.700	0.349	1.443	1.356	0.494	0.319	1.522	1.445	0.477
0.413	1.650	1.542	0.585	0.349	1.443	1.356	0.494	0.318	1.524	1.448	0.476
0.404	1.644	1.554	0.536	0.349	1.443	1.356	0.494	0.317	1.524	1.448	0.475
0.399	1.641	1.528	0.598	0.349	1.443	1.356	0.494	0.318	1.522	1.446	0.476
0.398	1.627	1.512	0.601	0.349	1.443	1.356	0.494	0.318	1.514	1.438	0.473
0.397	1.625	1.483	0.663	0.349	1.443	1.356	0.494	0.319	1.513	1.437	0.474
0.397	1.621	1.455	0.714	0.349	1.443	1.356	0.494	0.319	1.511	1.435	0.474
0.392	1.626	1.486	0.660	0.349	1.443	1.356	0.494	0.318	1.514	1.438	0.474
0.388	1.629	1.487	0.664	0.351	1.430	1.343	0.492	0.320	1.512	1.435	0.475
0.384	1.630	1.520	0.589	0.351	1.430	1.343	0.492	0.319	1.511	1.435	0.474
0.388	1.619	1.477	0.664	0.351	1.430	1.343	0.492	0.319	1.504	1.428	0.471
0.398	1.618	1.462	0.693	0.351	1.430	1.343	0.492	0.320	1.505	1.429	0.473
0.411	1.619	1.457	0.707	0.351	1.430	1.343	0.491	0.320	1.504	1.428	0.473
0.418	1.633	1.472	0.705	0.351	1.430	1.343	0.491	0.320	1.515	1.438	0.476
0.426	1.641	1.452	0.763	0.351	1.430	1.343	0.491	0.320	1.521	1.444	0.479
0.448	1.633	1.386	0.864	0.351	1.430	1.343	0.491	0.321	1.521	1.443	0.480
0.448	1.633	1.386	0.864	0.351	1.430	1.343	0.491	0.321	1.519	1.441	0.479
0.459	1.633	1.443	0.764	0.351	1.430	1.343	0.491	0.320	1.516	1.439	0.477
0.468	1.632	1.447	0.755	0.351	1.430	1.343	0.491	0.320	1.516	1.439	0.477
0.475	1.643	1.471	0.732	0.351	1.430	1.343	0.491	0.320	1.522	1.445	0.479
0.477	1.651	1.519	0.646	0.351	1.430	1.343	0.491	0.319	1.526	1.449	0.479
0.477	1.645	1.490	0.698	0.351	1.430	1.343	0.491	0.320	1.523	1.446	0.479
0.468	1.651	1.542	0.591	0.351	1.430	1.343	0.491	0.319	1.523	1.446	0.478
0.458	1.653	1.552	0.568	0.351	1.430	1.343	0.491	0.319	1.526	1.449	0.478
0.439	1.637	1.535	0.567	0.351	1.430	1.343	0.491	0.319	1.514	1.438	0.475
0.422	1.635	1.503	0.643	0.351	1.430	1.343	0.491	0.319	1.514	1.438	0.475
0.411	1.640	1.498	0.668	0.351	1.430	1.343	0.491	0.319	1.519	1.442	0.477
0.405	1.636	1.484	0.688	0.351	1.430	1.343	0.491	0.319	1.517	1.440	0.476
0.402	1.636	1.512	0.625	0.351	1.430	1.343	0.491	0.319	1.515	1.439	0.475
0.397	1.639	1.534	0.579	0.351	1.430	1.343	0.491	0.318	1.517	1.441	0.475
0.393	1.631	1.517	0.599	0.351	1.430	1.343	0.491	0.319	1.511	1.435	0.474
0.393	1.630	1.497	0.645	0.351	1.430	1.343	0.491	0.320	1.512	1.435	0.475
0.400	1.636	1.475	0.707	0.351	1.430	1.343	0.491	0.320	1.517	1.440	0.477
0.408	1.622	1.456	0.716	0.351	1.430	1.343	0.492	0.320	1.508	1.432	0.474
0.422	1.627	1.468	0.701	0.351	1.430	1.343	0.492	0.319	1.513	1.437	0.475
0.424	1.617	1.446	0.723	0.351	1.430	1.343	0.492	0.320	1.504	1.428	0.473
0.426	1.607	1.429	0.733	0.351	1.430	1.343	0.492	0.320	1.497	1.421	0.471
0.434	1.608	1.419	0.755	0.351	1.430	1.343	0.492	0.320	1.499	1.423	0.472
0.446	1.625	1.432	0.769	0.351	1.430	1.343	0.492	0.320	1.511	1.434	0.476
0.453	1.626	1.457	0.720	0.351	1.430	1.343	0.492	0.320	1.510	1.433	0.475
0.455	1.634	1.493	0.664	0.351	1.430	1.343	0.492	0.320	1.515	1.438	0.476
0.450	1.626	1.481	0.670	0.351	1.430	1.343	0.492	0.319	1.509	1.433	0.474
0.450	1.631	1.456	0.734	0.351	1.430	1.343	0.492	0.320	1.514	1.437	0.476
0.454	1.624	1.461	0.708	0.351	1.430	1.343	0.492	0.320	1.508	1.432	0.474
0.450	1.627	1.526	0.564	0.351	1.430	1.343	0.492	0.319	1.508	1.432	0.473
0.437	1.626	1.562	0.450	0.351	1.430	1.343	0.492	0.318	1.506	1.430	0.471
0.417	1.635	1.574	0.444	0.351	1.430	1.343	0.492	0.318	1.513	1.437	0.473
0.396	1.632	1.544	0.527	0.351	1.430	1.343	0.492	0.318	1.511	1.435	0.473
0.385	1.620	1.504	0.603	0.351	1.430	1.343	0.492	0.319	1.505	1.429	0.472
0.384	1.616	1.468	0.673	0.351	1.430	1.343	0.492	0.320	1.502	1.426	0.472
0.391	1.624	1.413	0.800	0.351	1.430	1.343	0.492	0.320	1.511	1.434	0.476
0.394	1.633	1.449	0.752	0.351	1.430	1.343	0.492	0.320	1.516	1.439	0.477
0.391	1.636	1.495	0.665	0.351	1.430	1.343	0.492	0.319	1.517	1.440	0.476
0.385	1.635	1.502	0.645	0.351	1.430	1.343	0.492	0.320	1.515	1.438	0.476
0.388	1.627	1.495	0.643	0.351	1.430	1.343	0.492	0.319	1.510	1.434	0.474
0.417	1.634	1.470	0.712	0.350	1.443	1.356	0.494	0.319	1.519	1.443	0.476
0.432	1.630	1.495	0.648	0.350	1.443	1.356	0.494	0.319	1.515	1.439	0.475
0.437	1.627	1.522	0.574	0.350	1.443	1.356	0.494	0.318	1.513	1.437	0.473
0.432	1.626	1.521	0.577	0.350	1.443	1.356	0.494	0.318	1.513	1.437	0.473
0.420	1.625	1.518	0.579	0.350	1.443	1.356	0.494	0.318	1.512	1.436	0.472
0.410	1.624	1.521	0.568	0.350	1.443	1.356	0.494	0.318	1.511	1.435	0.472
0.403	1.627	1.504	0.619	0.350	1.443	1.356	0.494	0.318	1.513	1.437	0.473
0.399	1.626	1.518	0.583	0.350	1.443	1.356	0.494	0.318	1.513	1.437	0.473
0.399	1.634	1.491	0.667	0.350	1.443	1.356	0.494	0.319	1.519	1.442	0.476
0.397	1.645	1.503	0.668	0.350	1.443	1.356	0.494	0.318	1.527	1.450	0.478
0.394	1.646	1.510	0.655	0.350	1.443	1.356	0.494	0.318	1.527	1.450	0.478
0.389	1.640	1.519	0.618	0.350	1.443	1.356	0.494	0.318	1.522	1.446	0.476
0.390	1.650	1.517	0.649	0.350	1.443	1.356	0.494	0.318	1.530	1.453	0.479
0.398	1.645	1.480	0.717	0.350	1.443	1.356	0.494	0.319	1.527	1.450	0.479
0.407	1.639	1.449	0.767	0.350	1.443	1.356	0.494	0.319	1.525	1.448	0.479
0.418	1.632	1.462	0.724	0.350	1.443	1.356	0.494	0.319	1.519	1.442	0.476
0.426	1.629	1.478	0.685	0.348	1.456	1.369	0.497	0.318	1.520	1.444	0.475
0.428	1.649	1.520	0.639	0.348	1.456	1.369	0.497	0.317	1.532	1.456	0.478
0.422	1.662	1.573	0.536	0.348	1.456	1.369	0.497	0.316	1.539	1.463	0.479
0.414	1.665	1.569	0.557	0.350	1.458	1.370	0.499	0.318	1.543	1.466	0.482
0.412	1.656	1.530	0.632	0.350	1.458	1.370	0.499	0.319	1.538	1.460	0.482
0.416	1.652	1.520	0.646	0.350	1.458	1.370	0.499	0.319	1.535	1.458	0.481
0.420	1.666	1.442	0.834	0.348	1.456	1.369	0.497	0.318	1.546	1.469	0.483
0.423	1.667	1.489	0.749	0.348	1.456	1.369	0.497	0.318	1.548	1.470	0.484
0.425	1.666	1.507	0.711	0.348	1.456	1.369	0.497	0.318	1.546	1.469	0.483
0.433	1.661	1.492	0.731	0.348	1.456	1.369	0.497	0.318	1.543	1.466	0.482
0.442	1.654	1.488	0.720	0.348	1.456	1.369	0.497	0.318	1.537	1.460	0.480
0.452	1.656	1.441	0.816	0.348	1.456	1.369	0.497	0.319	1.542	1.464	0.483
0.459	1.659	1.485	0.738	0.348	1.456	1.369	0.497	0.318	1.541	1.464	0.482
0.463	1.652	1.469	0.755	0.348	1.456	1.369	0.497	0.318	1.537	1.460	0.481
0.465	1.640	1.440	0.784	0.348	1.456	1.369	0.497	0.318	1.530	1.453	0.479
0.436	1.662	1.581	0.514	0.348	1.456	1.369	0.497	0.317	1.534	1.458	0.478
0.424	1.672	1.571	0.574	0.348	1.456	1.369	0.497	0.317	1.548	1.471	0.482
0.416	1.678	1.564	0.606	0.348	1.456	1.369	0.497	0.317	1.551	1.474	0.484
0.402	1.674	1.522	0.696	0.348	1.456	1.369	0.497	0.317	1.548	1.471	0.483
0.402	1.674	1.522	0.696	0.348	1.456	1.369	0.497	0.317	1.550	1.473	0.484
0.398	1.666	1.505	0.713	0.348	1.456	1.369	0.497	0.318	1.545	1.468	0.483
0.400	1.669	1.493	0.745	0.348	1.456	1.369	0.497	0.318	1.549	1.471	0.484
0.403	1.667	1.465	0.795	0.348	1.441	1.355	0.491	0.318	1.543	1.466	0.482
0.402	1.654	1.507	0.681	0.348	1.441	1.355	0.491	0.317	1.532	1.456	0.478
0.401	1.654	1.544	0.593	0.346	1.425	1.341	0.483	0.314	1.526	1.451	0.472
0.419	1.641	1.500	0.667	0.348	1.427	1.341	0.486	0.317	1.519	1.444	0.473
0.425	1.643	1.500	0.671	0.348	1.427	1.341	0.486	0.316	1.520	1.445	0.473
0.427	1.646	1.512	0.649	0.348	1.427	1.341	0.486	0.316	1.516	1.441	0.471
0.420	1.664	1.569	0.553	0.348	1.427	1.341	0.486	0.315	1.532	1.456	0.475
0.408	1.678	1.571	0.589	0.348	1.427	1.341	0.486	0.316	1.542	1.466	0.479
0.399	1.670	1.537	0.654	0.348	1.427	1.341	0.486	0.316	1.538	1.462	0.478
0.395	1.668	1.493	0.744	0.348	1.427	1.341	0.486	0.317	1.538	1.462	0.479
0.405	1.664	1.450	0.816	0.348	1.427	1.341	0.486	0.318	1.537	1.460	0.480
0.414	1.664	1.464	0.790	0.348	1.427	1.341	0.486	0.317	1.537	1.460	0.479
0.423	1.658	1.472	0.764	0.348	1.427	1.341	0.486	0.317	1.532	1.456	0.478
0.428	1.646	1.489	0.702	0.348	1.427	1.341	0.486	0.317	1.523	1.447	0.474
0.430	1.655	1.542	0.601	0.348	1.427	1.341	0.486	0.316	1.526	1.451	0.474
0.430	1.654	1.541	0.601	0.348	1.427	1.341	0.486	0.316	1.526	1.451	0.474
0.432	1.656	1.544	0.600	0.348	1.427	1.341	0.486	0.316	1.528	1.452	0.475
0.428	1.653	1.547	0.584	0.348	1.427	1.341	0.486	0.316	1.526	1.450	0.474
0.424	1.650	1.533	0.610	0.348	1.427	1.341	0.486	0.316	1.523	1.448	0.473
0.414	1.641	1.514	0.632	0.348	1.427	1.341	0.486	0.316	1.518	1.443	0.472
0.403	1.646	1.504	0.668	0.348	1.427	1.341	0.486	0.316	1.521	1.446	0.473
0.400	1.662	1.483	0.749	0.348	1.427	1.341	0.486	0.317	1.534	1.458	0.478
0.401	1.659	1.460	0.788	0.348	1.427	1.341	0.486	0.317	1.533	1.457	0.478
0.408	1.660	1.480	0.751	0.348	1.427	1.341	0.486	0.317	1.533	1.457	0.478
0.413	1.647	1.506	0.667	0.346	1.425	1.340	0.483	0.315	1.522	1.447	0.472
0.416	1.640	1.507	0.646	0.346	1.425	1.340	0.483	0.315	1.517	1.442	0.470
0.426	1.663	1.528	0.656	0.346	1.425	1.340	0.483	0.315	1.532	1.457	0.475
0.431	1.665	1.520	0.679	0.346	1.425	1.340	0.483	0.315	1.534	1.459	0.475
0.435	1.668	1.519	0.687	0.346	1.425	1.340	0.483	0.315	1.536	1.460	0.476
0.435	1.662	1.540	0.627	0.346	1.425	1.340	0.483	0.315	1.532	1.457	0.474
0.426	1.649	1.533	0.608	0.346	1.425	1.340	0.483	0.314	1.523	1.448	0.471
0.415	1.654	1.550	0.576	0.346	1.425	1.340	0.483	0.314	1.525	1.450	0.471
0.400	1.656	1.577	0.503	0.346	1.425	1.340	0.483	0.314	1.526	1.451	0.471
0.389	1.660	1.565	0.553	0.346	1.425	1.340	0.483	0.314	1.529	1.454	0.472
0.385	1.662	1.558	0.580	0.346	1.425	1.340	0.483	0.314	1.531	1.456	0.473
0.384	1.644	1.499	0.675	0.346	1.425	1.340	0.483	0.315	1.520	1.445	0.471
0.387	1.641	1.464	0.741	0.346	1.425	1.340	0.483	0.316	1.519	1.444	0.472
0.390	1.643	1.470	0.734	0.346	1.425	1.340	0.483	0.316	1.521	1.446	0.472
0.394	1.658	1.502	0.702	0.346	1.425	1.340	0.483	0.315	1.530	1.455	0.474
0.402	1.645	1.475	0.728	0.346	1.425	1.340	0.483	0.315	1.522	1.447	0.472
0.411	1.642	1.508	0.651	0.346	1.425	1.340	0.483	0.315	1.519	1.444	0.470
0.422	1.640	1.504	0.655	0.346	1.425	1.340	0.483	0.315	1.518	1.443	0.470
0.428	1.625	1.504	0.615	0.346	1.425	1.340	0.483	0.315	1.506	1.432	0.466
0.426	1.631	1.541	0.535	0.346	1.425	1.340	0.483	0.314	1.509	1.435	0.466
0.422	1.628	1.530	0.556	0.346	1.425	1.340	0.483	0.314	1.508	1.434	0.466
0.412	1.635	1.524	0.592	0.345	1.424	1.340	0.481	0.313	1.513	1.439	0.466
0.405	1.650	1.523	0.635	0.345	1.424	1.340	0.481	0.314	1.523	1.449	0.470
0.397	1.659	1.510	0.685	0.345	1.424	1.340	0.481	0.313	1.531	1.456	0.472
0.397	1.659	1.510	0.685	0.345	1.424	1.340	0.481	0.314	1.530	1.455	0.472
0.387	1.656	1.523	0.649	0.346	1.419	1.335	0.481	0.314	1.526	1.451	0.472
0.383	1.650	1.531	0.616	0.346	1.419	1.335	0.481	0.314	1.521	1.447	0.470
0.382	1.648	1.530	0.613	0.346	1.419	1.335	0.481	0.314	1.520	1.446	0.470
0.388	1.647	1.531	0.605	0.346	1.419	1.335	0.481	0.314	1.518	1.444	0.469
0.391	1.650	1.536	0.603	0.346	1.419	1.335	0.481	0.314	1.521	1.447	0.470
0.397	1.646	1.510	0.656	0.346	1.419	1.335	0.481	0.314	1.520	1.445	0.470
0.401	1.644	1.510	0.650	0.346	1.419	1.335	0.481	0.315	1.519	1.444	0.470
0.401	1.640	1.504	0.654	0.346	1.419	1.335	0.481	0.315	1.515	1.441	0.469
0.404	1.641	1.493	0.680	0.346	1.419	1.335	0.481	0.314	1.516	1.442	0.469
0.406	1.639	1.509	0.639	0.346	1.419	1.335	0.481	0.315	1.515	1.441	0.469
0.408	1.648	1.518	0.642	0.346	1.419	1.335	0.481	0.314	1.520	1.446	0.470
0.412	1.654	1.500	0.696	0.346	1.419	1.335	0.481	0.315	1.525	1.450	0.472
0.412	1.654	1.518	0.656	0.346	1.419	1.335	0.481	0.315	1.525	1.450	0.472
0.412	1.646	1.507	0.663	0.346	1.419	1.335	0.481	0.314	1.520	1.445	0.470
0.410	1.652	1.512	0.666	0.346	1.419	1.335	0.481	0.314	1.524	1.449	0.471
0.409	1.662	1.534	0.639	0.346	1.419	1.335	0.481	0.314	1.530	1.455	0.473
0.410	1.656	1.513	0.673	0.344	1.425	1.341	0.481	0.313	1.528	1.454	0.471
0.408	1.665	1.526	0.666	0.344	1.425	1.341	0.481	0.313	1.535	1.460	0.473
0.410	1.642	1.491	0.686	0.344	1.425	1.341	0.481	0.313	1.519	1.445	0.468
0.412	1.642	1.503	0.660	0.344	1.425	1.341	0.481	0.313	1.519	1.445	0.468
0.408	1.644	1.536	0.588	0.344	1.425	1.341	0.481	0.312	1.520	1.446	0.467
0.407	1.652	1.521	0.646	0.344	1.425	1.341	0.481	0.313	1.525	1.451	0.470
0.410	1.650	1.504	0.678	0.344	1.425	1.341	0.481	0.313	1.524	1.450	0.470
0.413	1.654	1.509	0.675	0.344	1.425	1.341	0.481	0.314	1.526	1.452	0.471
0.412	1.637	1.504	0.646	0.344	1.425	1.341	0.481	0.313	1.516	1.442	0.467
0.412	1.637	1.504	0.646	0.344	1.425	1.341	0.481	0.313	1.515	1.441	0.467
0.406	1.634	1.519	0.602	0.344	1.425	1.341	0.481	0.313	1.513	1.439	0.466
0.399	1.628	1.497	0.639	0.344	1.425	1.341	0.481	0.313	1.509	1.436	0.465
0.399	1.628	1.497	0.639	0.344	1.425	1.341	0.481	0.313	1.509	1.436	0.465
0.399	1.642	1.494	0.682	0.344	1.425	1.341	0.481	0.314	1.519	1.445	0.469
0.402	1.650	1.522	0.636	0.344	1.425	1.341	0.481	0.313	1.523	1.449	0.469
0.398	1.655	1.539	0.608	0.344	1.425	1.341	0.481	0.313	1.526	1.452	0.470
0.395	1.656	1.503	0.695	0.344	1.425	1.341	0.481	0.314	1.529	1.454	0.472
0.400	1.645	1.476	0.726	0.344	1.425	1.341	0.481	0.314	1.522	1.448	0.470
0.407	1.644	1.482	0.711	0.344	1.425	1.341	0.481	0.313	1.521	1.447	0.469
0.415	1.649	1.508	0.667	0.344	1.425	1.341	0.481	0.314	1.523	1.449	0.470
0.416	1.652	1.520	0.646	0.344	1.425	1.341	0.481	0.313	1.525	1.451	0.470
0.413	1.646	1.532	0.601	0.344	1.425	1.341	0.481	0.313	1.520	1.446	0.468
0.410	1.644	1.508	0.656	0.344	1.425	1.342	0.481	0.314	1.520	1.446	0.469
0.412	1.646	1.487	0.706	0.344	1.425	1.342	0.481	0.314	1.522	1.448	0.470
0.413	1.657	1.532	0.631	0.344	1.425	1.342	0.481	0.313	1.528	1.454	0.471
0.414	1.656	1.508	0.685	0.346	1.426	1.342	0.484	0.315	1.529	1.454	0.474
0.424	1.661	1.466	0.779	0.346	1.426	1.342	0.484	0.316	1.534	1.458	0.476
0.425	1.654	1.467	0.763	0.344	1.426	1.342	0.481	0.314	1.529	1.454	0.472
0.422	1.657	1.550	0.586	0.344	1.426	1.342	0.481	0.313	1.528	1.454	0.470
0.414	1.653	1.575	0.503	0.344	1.426	1.342	0.481	0.312	1.524	1.450	0.468
0.409	1.659	1.544	0.606	0.344	1.426	1.342	0.481	0.313	1.529	1.455	0.471
0.409	1.649	1.518	0.646	0.344	1.426	1.342	0.481	0.313	1.524	1.450	0.469
0.409	1.645	1.505	0.664	0.344	1.426	1.342	0.481	0.313	1.521	1.447	0.469
0.411	1.650	1.500	0.687	0.344	1.426	1.342	0.481	0.313	1.524	1.450	0.470
0.412	1.657	1.530	0.638	0.344	1.426	1.342	0.481	0.313	1.529	1.455	0.471
0.408	1.667	1.540	0.640	0.344	1.426	1.342	0.481	0.313	1.536	1.461	0.473
0.396	1.668	1.557	0.596	0.344	1.426	1.342	0.481	0.313	1.534	1.460	0.472
0.381	1.645	1.534	0.593	0.344	1.426	1.342	0.481	0.312	1.516	1.443	0.466
0.390	1.653	1.489	0.717	0.344	1.426	1.342	0.481	0.313	1.527	1.453	0.471
0.399	1.652	1.463	0.767	0.344	1.426	1.342	0.481	0.314	1.528	1.453	0.472
0.414	1.640	1.459	0.749	0.344	1.426	1.342	0.481	0.315	1.525	1.450	0.472
0.416	1.633	1.497	0.654	0.344	1.426	1.342	0.481	0.313	1.514	1.440	0.466
0.414	1.642	1.516	0.630	0.344	1.426	1.342	0.481	0.313	1.518	1.444	0.468
0.412	1.635	1.542	0.545	0.344	1.426	1.342	0.481	0.313	1.512	1.439	0.465
0.410	1.637	1.544	0.544	0.344	1.425	1.342	0.481	0.312	1.513	1.440	0.465
0.412	1.640	1.523	0.606	0.344	1.425	1.342	0.481	0.313	1.516	1.442	0.467
0.413	1.639	1.517	0.622	0.344	1.425	1.342	0.481	0.313	1.517	1.443	0.467
0.404	1.648	1.512	0.655	0.344	1.425	1.341	0.481	0.313	1.522	1.448	0.469
0.391	1.665	1.527	0.662	0.344	1.425	1.341	0.481	0.314	1.534	1.459	0.473
0.383	1.670	1.522	0.687	0.344	1.425	1.341	0.481	0.313	1.538	1.463	0.474
0.382	1.673	1.532	0.672	0.344	1.425	1.341	0.481	0.313	1.540	1.465	0.474
0.386	1.653	1.529	0.628	0.344	1.425	1.341	0.481	0.313	1.525	1.451	0.470
0.395	1.630	1.472	0.698	0.344	1.425	1.341	0.481	0.314	1.511	1.437	0.466
0.404	1.627	1.504	0.621	0.344	1.425	1.341	0.481	0.313	1.508	1.435	0.464
0.408	1.625	1.500	0.624	0.344	1.425	1.341	0.481	0.313	1.506	1.433	0.464
0.410	1.642	1.522	0.616	0.344	1.425	1.341	0.481	0.313	1.518	1.444	0.467
0.408	1.644	1.542	0.570	0.344	1.425	1.341	0.481	0.313	1.519	1.445	0.467
0.402	1.651	1.559	0.546	0.344	1.425	1.341	0.481	0.312	1.524	1.450	0.468
0.392	1.658	1.596	0.449	0.344	1.425	1.341	0.481	0.312	1.527	1.453	0.468
0.375	1.652	1.532	0.620	0.344	1.425	1.341	0.481	0.313	1.525	1.451	0.469
0.375	1.648	1.490	0.704	0.344	1.425	1.341	0.481	0.314	1.523	1.449	0.470
0.378	1.648	1.476	0.733	0.344	1.425	1.341	0.481	0.313	1.524	1.450	0.470
0.381	1.647	1.481	0.720	0.344	1.425	1.341	0.481	0.314	1.523	1.449	0.470
0.381	1.632	1.504	0.634	0.344	1.425	1.341	0.481	0.313	1.511	1.438	0.465
0.373	1.626	1.556	0.473	0.344	1.425	1.341	0.481	0.312	1.505	1.432	0.462
0.368	1.625	1.540	0.518	0.344	1.425	1.341	0.481	0.312	1.505	1.432	0.462
0.368	1.630	1.534	0.551	0.344	1.425	1.341	0.481	0.313	1.509	1.436	0.464
0.376	1.643	1.516	0.633	0.346	1.427	1.342	0.484	0.314	1.520	1.445	0.470
0.387	1.633	1.504	0.635	0.346	1.427	1.342	0.484	0.315	1.512	1.438	0.468
0.391	1.647	1.522	0.631	0.346	1.426	1.342	0.484	0.314	1.523	1.448	0.471
0.385	1.645	1.500	0.674	0.346	1.426	1.342	0.484	0.315	1.521	1.446	0.471
0.385	1.649	1.485	0.717	0.346	1.426	1.342	0.484	0.315	1.525	1.450	0.473
0.390	1.646	1.479	0.720	0.346	1.426	1.342	0.484	0.315	1.522	1.447	0.472
0.404	1.636	1.472	0.714	0.346	1.426	1.342	0.484	0.315	1.516	1.441	0.470
0.419	1.637	1.471	0.716	0.346	1.426	1.342	0.484	0.315	1.516	1.441	0.470
0.428	1.644	1.504	0.661	0.346	1.426	1.342	0.484	0.315	1.520	1.445	0.471
0.431	1.649	1.513	0.653	0.346	1.426	1.342	0.484	0.315	1.523	1.448	0.472
0.435	1.645	1.474	0.729	0.346	1.426	1.342	0.484	0.315	1.522	1.447	0.472
0.441	1.651	1.487	0.716	0.346	1.426	1.342	0.484	0.315	1.526	1.451	0.473
0.447	1.652	1.460	0.773	0.346	1.426	1.342	0.484	0.316	1.529	1.453	0.475
0.454	1.653	1.493	0.708	0.346	1.426	1.342	0.484	0.315	1.527	1.452	0.473
0.442	1.644	1.553	0.538	0.346	1.426	1.342	0.484	0.314	1.518	1.444	0.469
0.429	1.635	1.539	0.551	0.346	1.426	1.342	0.484	0.314	1.512	1.438	0.467
0.421	1.630	1.507	0.620	0.346	1.426	1.342	0.484	0.314	1.510	1.436	0.467
0.416	1.631	1.506	0.624	0.346	1.426	1.342	0.484	0.315	1.510	1.436	0.468
0.414	1.633	1.512	0.615	0.346	1.426	1.342	0.484	0.315	1.512	1.438	0.468
0.408	1.642	1.512	0.640	0.346	1.426	1.342	0.484	0.315	1.519	1.444	0.470
0.400	1.646	1.518	0.636	0.346	1.426	1.342	0.484	0.315	1.522	1.447	0.471
0.393	1.650	1.515	0.652	0.346	1.426	1.342	0.484	0.315	1.524	1.449	0.472
0.388	1.639	1.463	0.737	0.344	1.425	1.341	0.481	0.313	1.518	1.444	0.468
0.409	1.620	1.426	0.769	0.344	1.425	1.341	0.481	0.314	1.509	1.435	0.466
0.426	1.626	1.424	0.784	0.344	1.425	1.341	0.481	0.314	1.510	1.436	0.467
0.436	1.631	1.449	0.748	0.344	1.425	1.341	0.481	0.314	1.513	1.439	0.467
0.443	1.640	1.486	0.691	0.344	1.425	1.341	0.481	0.314	1.517	1.443	0.468
0.446	1.637	1.493	0.670	0.344	1.425	1.341	0.481	0.313	1.515	1.441	0.467
0.449	1.628	1.495	0.645	0.344	1.424	1.341	0.480	0.313	1.509	1.436	0.464
0.453	1.624	1.466	0.697	0.344	1.424	1.341	0.480	0.313	1.506	1.433	0.464
0.456	1.638	1.478	0.706	0.344	1.424	1.341	0.480	0.314	1.517	1.443	0.468
0.461	1.636	1.443	0.772	0.344	1.424	1.341	0.480	0.314	1.517	1.443	0.468
0.462	1.622	1.445	0.737	0.344	1.424	1.341	0.480	0.314	1.507	1.433	0.465
0.457	1.631	1.460	0.725	0.344	1.424	1.341	0.480	0.313	1.512	1.438	0.466
0.444	1.623	1.508	0.598	0.344	1.424	1.341	0.480	0.313	1.504	1.431	0.463
0.436	1.621	1.513	0.581	0.344	1.424	1.341	0.480	0.312	1.503	1.430	0.462
0.428	1.608	1.525	0.509	0.344	1.424	1.341	0.480	0.312	1.493	1.421	0.458
0.420	1.618	1.514	0.572	0.344	1.424	1.341	0.480	0.312	1.502	1.429	0.461
0.417	1.630	1.496	0.648	0.344	1.424	1.341	0.480	0.313	1.510	1.437	0.465
0.415	1.635	1.494	0.664	0.344	1.424	1.341	0.480	0.313	1.514	1.440	0.466
0.408	1.640	1.504	0.654	0.344	1.424	1.341	0.480	0.313	1.517	1.443	0.467
0.396	1.650	1.552	0.559	0.344	1.424	1.341	0.480	0.312	1.521	1.448	0.467
0.383	1.666	1.559	0.586	0.344	1.424	1.341	0.480	0.312	1.533	1.459	0.471
0.376	1.658	1.542	0.609	0.344	1.424	1.341	0.480	0.313	1.528	1.454	0.470
0.375	1.662	1.528	0.654	0.344	1.425	1.341	0.481	0.313	1.532	1.457	0.472
0.382	1.656	1.500	0.703	0.344	1.425	1.341	0.481	0.314	1.530	1.455	0.472
0.386	1.645	1.529	0.608	0.344	1.425	1.341	0.481	0.313	1.520	1.446	0.468
0.390	1.656	1.532	0.628	0.344	1.425	1.341	0.481	0.313	1.523	1.449	0.469
0.387	1.662	1.550	0.599	0.344	1.425	1.341	0.481	0.313	1.531	1.457	0.471
0.387	1.650	1.543	0.586	0.344	1.425	1.341	0.481	0.313	1.523	1.449	0.469
0.390	1.644	1.534	0.591	0.344	1.425	1.341	0.481	0.313	1.519	1.445	0.468
0.391	1.639	1.514	0.626	0.344	1.425	1.341	0.481	0.313	1.516	1.442	0.467
0.395	1.642	1.464	0.743	0.344	1.425	1.341	0.481	0.314	1.520	1.446	0.470
0.397	1.644	1.473	0.730	0.344	1.425	1.341	0.481	0.314	1.521	1.447	0.470
0.402	1.644	1.484	0.707	0.344	1.425	1.341	0.481	0.313	1.521	1.447	0.469
0.421	1.633	1.418	0.811	0.344	1.425	1.341	0.481	0.314	1.517	1.443	0.469
0.435	1.640	1.434	0.795	0.344	1.425	1.341	0.481	0.314	1.520	1.446	0.470
0.448	1.648	1.439	0.802	0.344	1.425	1.341	0.481	0.314	1.526	1.451	0.472
0.458	1.649	1.468	0.751	0.344	1.425	1.341	0.481	0.314	1.526	1.451	0.471
0.470	1.643	1.479	0.714	0.344	1.425	1.341	0.481	0.314	1.520	1.446	0.469
0.479	1.640	1.467	0.733	0.344	1.425	1.341	0.481	0.314	1.519	1.445	0.469
0.480	1.644	1.506	0.661	0.344	1.425	1.341	0.481	0.313	1.521	1.447	0.469
0.477	1.643	1.505	0.657	0.344	1.425	1.341	0.481	0.313	1.519	1.445	0.468
0.474	1.640	1.499	0.666	0.344	1.425	1.341	0.481	0.313	1.518	1.444	0.468
0.469	1.649	1.515	0.652	0.344	1.425	1.341	0.481	0.314	1.523	1.449	0.470
0.445	1.650	1.519	0.644	0.344	1.425	1.341	0.481	0.313	1.525	1.451	0.470
0.436	1.648	1.496	0.689	0.343	1.424	1.341	0.478	0.313	1.524	1.450	0.470
0.434	1.633	1.472	0.708	0.343	1.424	1.341	0.478	0.312	1.513	1.440	0.465
0.431	1.619	1.444	0.732	0.343	1.424	1.341	0.478	0.312	1.505	1.432	0.462
0.429	1.616	1.461	0.689	0.343	1.424	1.341	0.478	0.312	1.501	1.428	0.461
0.425	1.621	1.503	0.608	0.343	1.424	1.341	0.478	0.312	1.503	1.431	0.461
0.419	1.627	1.502	0.625	0.343	1.424	1.341	0.478	0.311	1.508	1.435	0.462
0.414	1.640	1.542	0.558	0.343	1.424	1.341	0.478	0.311	1.515	1.442	0.464
0.408	1.628	1.522	0.578	0.343	1.424	1.341	0.478	0.311	1.508	1.435	0.462
0.407	1.627	1.473	0.690	0.343	1.424	1.341	0.478	0.312	1.509	1.436	0.463
0.415	1.623	1.456	0.716	0.343	1.424	1.341	0.478	0.312	1.507	1.434	0.463
0.422	1.621	1.429	0.766	0.343	1.424	1.341	0.478	0.313	1.507	1.434	0.464
0.418	1.635	1.512	0.620	0.343	1.424	1.341	0.478	0.312	1.512	1.439	0.464
0.411	1.632	1.518	0.599	0.343	1.424	1.341	0.478	0.311	1.511	1.438	0.463
0.412	1.639	1.481	0.702	0.343	1.424	1.341	0.478	0.312	1.517	1.444	0.466
0.428	1.634	1.453	0.747	0.343	1.424	1.341	0.478	0.312	1.519	1.446	0.466
0.437	1.630	1.451	0.744	0.343	1.424	1.341	0.478	0.313	1.512	1.439	0.465
0.442	1.638	1.463	0.736	0.343	1.424	1.341	0.478	0.312	1.517	1.444	0.466
0.443	1.646	1.470	0.740	0.343	1.424	1.341	0.478	0.312	1.523	1.449	0.468
0.440	1.656	1.478	0.746	0.343	1.424	1.341	0.478	0.312	1.529	1.455	0.470
0.440	1.660	1.483	0.744	0.343	1.424	1.341	0.478	0.313	1.531	1.457	0.471
0.443	1.663	1.510	0.697	0.343	1.424	1.341	0.478	0.312	1.533	1.459	0.471
0.460	1.645	1.433	0.807	0.344	1.418	1.335	0.478	0.314	1.521	1.447	0.470
0.464	1.650	1.464	0.761	0.344	1.418	1.335	0.478	0.313	1.524	1.450	0.470
0.466	1.638	1.491	0.678	0.344	1.418	1.335	0.478	0.313	1.514	1.441	0.466
0.455	1.633	1.518	0.603	0.344	1.418	1.335	0.478	0.313	1.506	1.433	0.464
0.445	1.628	1.520	0.583	0.344	1.418	1.335	0.478	0.313	1.506	1.433	0.463
0.438	1.634	1.517	0.606	0.344	1.418	1.335	0.478	0.312	1.510	1.437	0.464
0.432	1.636	1.498	0.657	0.344	1.418	1.335	0.478	0.313	1.513	1.439	0.466
0.431	1.634	1.489	0.672	0.344	1.418	1.335	0.478	0.313	1.511	1.438	0.465
0.428	1.647	1.460	0.760	0.344	1.418	1.335	0.478	0.313	1.521	1.447	0.469
0.426	1.657	1.478	0.747	0.344	1.418	1.335	0.478	0.313	1.527	1.453	0.471
0.415	1.663	1.524	0.665	0.344	1.418	1.335	0.478	0.313	1.530	1.456	0.471
0.416	1.635	1.484	0.687	0.344	1.418	1.335	0.478	0.313	1.513	1.439	0.466
0.425	1.635	1.456	0.742	0.344	1.418	1.335	0.478	0.314	1.513	1.439	0.467
0.437	1.639	1.426	0.809	0.344	1.418	1.335	0.478	0.314	1.518	1.444	0.469
0.456	1.641	1.344	0.941	0.344	1.418	1.335	0.478	0.315	1.523	1.448	0.472
0.475	1.634	1.355	0.912	0.344	1.418	1.335	0.478	0.315	1.517	1.442	0.470
0.487	1.642	1.438	0.794	0.344	1.418	1.335	0.478	0.314	1.520	1.446	0.469
0.488	1.646	1.492	0.695	0.344	1.418	1.335	0.478	0.313	1.520	1.446	0.468
0.481	1.649	1.516	0.647	0.344	1.418	1.335	0.478	0.313	1.521	1.447	0.468
0.476	1.654	1.529	0.631	0.346	1.419	1.335	0.481	0.314	1.525	1.450	0.471
0.476	1.652	1.496	0.702	0.346	1.419	1.335	0.481	0.315	1.525	1.450	0.472
0.474	1.645	1.521	0.627	0.344	1.425	1.341	0.481	0.313	1.520	1.446	0.468
0.444	1.638	1.555	0.514	0.344	1.425	1.341	0.481	0.312	1.513	1.440	0.465
0.422	1.651	1.535	0.607	0.342	1.439	1.355	0.483	0.311	1.527	1.454	0.468
0.406	1.636	1.459	0.741	0.342	1.439	1.355	0.483	0.313	1.521	1.447	0.468
0.399	1.634	1.447	0.759	0.342	1.438	1.355	0.483	0.313	1.520	1.446	0.468
0.403	1.628	1.460	0.719	0.342	1.438	1.355	0.483	0.313	1.514	1.441	0.466
0.409	1.623	1.477	0.672	0.342	1.438	1.355	0.483	0.312	1.510	1.437	0.464
0.410	1.636	1.510	0.628	0.342	1.438	1.355	0.483	0.312	1.518	1.445	0.466
0.405	1.636	1.538	0.555	0.342	1.438	1.355	0.483	0.311	1.517	1.444	0.464
0.403	1.630	1.528	0.569	0.342	1.438	1.355	0.483	0.312	1.514	1.441	0.464
0.409	1.639	1.480	0.704	0.342	1.438	1.355	0.483	0.313	1.522	1.448	0.468
0.426	1.646	1.416	0.838	0.342	1.438	1.355	0.483	0.313	1.529	1.455	0.471
0.459	1.641	1.423	0.817	0.342	1.438	1.355	0.483	0.313	1.525	1.451	0.470
0.460	1.636	1.456	0.746	0.342	1.438	1.355	0.483	0.313	1.521	1.447	0.468
0.454	1.640	1.500	0.665	0.342	1.438	1.355	0.483	0.312	1.522	1.449	0.467
0.450	1.639	1.487	0.687	0.342	1.438	1.355	0.483	0.312	1.520	1.447	0.467
0.454	1.649	1.466	0.755	0.342	1.438	1.355	0.483	0.312	1.529	1.455	0.470
0.461	1.643	1.508	0.651	0.342	1.438	1.355	0.483	0.312	1.523	1.450	0.467
0.461	1.636	1.527	0.587	0.342	1.423	1.341	0.478	0.311	1.513	1.440	0.463
0.457	1.636	1.527	0.588	0.342	1.423	1.341	0.478	0.311	1.514	1.441	0.463
0.414	1.643	1.469	0.736	0.342	1.423	1.341	0.478	0.311	1.508	1.436	0.461
0.439	1.639	1.408	0.840	0.342	1.423	1.341	0.478	0.311	1.516	1.443	0.464
0.445	1.643	1.435	0.800	0.342	1.423	1.341	0.478	0.313	1.522	1.448	0.468
0.451	1.652	1.446	0.800	0.342	1.423	1.341	0.478	0.313	1.528	1.454	0.470
0.461	1.650	1.434	0.816	0.342	1.423	1.341	0.478	0.313	1.527	1.453	0.470
0.476	1.651	1.442	0.805	0.342	1.423	1.341	0.478	0.313	1.528	1.454	0.470
0.491	1.650	1.473	0.742	0.342	1.423	1.341	0.478	0.312	1.525	1.451	0.468
0.497	1.649	1.487	0.711	0.342	1.423	1.341	0.478	0.312	1.523	1.450	0.467
0.492	1.651	1.532	0.614	0.342	1.423	1.341	0.478	0.311	1.523	1.450	0.466
0.483	1.651	1.504	0.680	0.342	1.423	1.341	0.478	0.311	1.524	1.451	0.467
0.473	1.642	1.455	0.760	0.342	1.423	1.341	0.478	0.312	1.520	1.447	0.467
0.468	1.631	1.413	0.813	0.342	1.423	1.341	0.478	0.313	1.514	1.440	0.466
0.472	1.644	1.460	0.756	0.342	1.423	1.341	0.478	0.312	1.521	1.448	0.467
0.466	1.644	1.505	0.661	0.342	1.423	1.341	0.478	0.312	1.519	1.446	0.466
0.453	1.645	1.550	0.550	0.342	1.423	1.341	0.478	0.311	1.518	1.445	0.464
0.435	1.642	1.563	0.503	0.342	1.423	1.341	0.478	0.310	1.515	1.443	0.463
0.422	1.642	1.554	0.531	0.339	1.420	1.340	0.472	0.307	1.515	1.444	0.458
0.419	1.639	1.543	0.552	0.339	1.420	1.340	0.472	0.308	1.513	1.442	0.458
0.417	1.648	1.528	0.617	0.337	1.418	1.339	0.469	0.306	1.520	1.449	0.458
0.414	1.661	1.524	0.659	0.337	1.418	1.339	0.469	0.306	1.529	1.458	0.461
0.404	1.641	1.513	0.634	0.337	1.418	1.339	0.469	0.306	1.516	1.445	0.457
0.390	1.634	1.502	0.643	0.337	1.418	1.339	0.469	0.306	1.511	1.441	0.456
