phi_u	d_u	x_u	y_u	phi_v	d_v	x_v	y_v	phi_f	d_f	x_f	y_f
-0.150	2.487	2.458	-0.378	-0.171	2.138	2.106	-0.363	-0.159	2.317	2.288	-0.368
-0.162	2.483	2.444	-0.438	-0.171	2.138	2.106	-0.363	-0.160	2.316	2.286	-0.369
-0.168	2.476	2.431	-0.472	-0.171	2.138	2.106	-0.363	-0.160	2.311	2.282	-0.368
-0.185	2.478	2.421	-0.529	-0.171	2.138	2.106	-0.363	-0.160	2.317	2.287	-0.369
-0.185	2.478	2.421	-0.529	-0.171	2.138	2.106	-0.363	-0.160	2.317	2.287	-0.369
-0.188	2.483	2.431	-0.505	-0.171	2.138	2.106	-0.363	-0.160	2.316	2.286	-0.369
-0.184	2.473	2.432	-0.448	-0.171	2.138	2.106	-0.363	-0.160	2.311	2.282	-0.368
-0.184	2.473	2.432	-0.448	-0.171	2.138	2.106	-0.363	-0.160	2.309	2.279	-0.368
-0.186	2.469	2.412	-0.527	-0.171	2.138	2.106	-0.363	-0.160	2.307	2.277	-0.368
-0.190	2.479	2.435	-0.464	-0.171	2.138	2.106	-0.363	-0.160	2.313	2.283	-0.369
-0.194	2.479	2.403	-0.608	-0.172	2.140	2.108	-0.367	-0.161	2.315	2.285	-0.372
-0.199	2.491	2.419	-0.595	-0.172	2.140	2.108	-0.367	-0.162	2.322	2.292	-0.374
-0.201	2.482	2.442	-0.444	-0.172	2.140	2.108	-0.367	-0.161	2.315	2.285	-0.372
-0.196	2.476	2.454	-0.332	-0.174	2.140	2.108	-0.371	-0.163	2.312	2.281	-0.375
-0.186	2.469	2.462	-0.184	-0.174	2.140	2.108	-0.371	-0.162	2.306	2.276	-0.372
-0.175	2.464	2.459	-0.160	-0.173	2.158	2.125	-0.371	-0.161	2.308	2.278	-0.370
-0.164	2.466	2.457	-0.211	-0.173	2.158	2.125	-0.371	-0.161	2.310	2.280	-0.370
-0.155	2.471	2.455	-0.277	-0.173	2.158	2.125	-0.371	-0.162	2.313	2.283	-0.372
-0.147	2.472	2.457	-0.269	-0.173	2.158	2.125	-0.371	-0.162	2.313	2.283	-0.372
-0.141	2.476	2.452	-0.339	-0.173	2.158	2.125	-0.371	-0.162	2.316	2.286	-0.373
-0.133	2.478	2.445	-0.403	-0.173	2.158	2.125	-0.371	-0.162	2.318	2.288	-0.374
-0.127	2.468	2.423	-0.467	-0.173	2.158	2.125	-0.371	-0.162	2.311	2.281	-0.373
-0.136	2.459	2.393	-0.565	-0.173	2.158	2.125	-0.371	-0.163	2.307	2.276	-0.374
-0.150	2.461	2.394	-0.570	-0.173	2.158	2.125	-0.371	-0.163	2.308	2.277	-0.374
-0.165	2.471	2.418	-0.512	-0.173	2.158	2.125	-0.371	-0.162	2.314	2.284	-0.374
-0.179	2.472	2.419	-0.512	-0.172	2.176	2.144	-0.372	-0.161	2.321	2.291	-0.373
-0.188	2.476	2.451	-0.350	-0.172	2.176	2.144	-0.372	-0.160	2.323	2.293	-0.371
-0.189	2.470	2.459	-0.226	-0.172	2.176	2.144	-0.372	-0.160	2.318	2.288	-0.369
-0.185	2.470	2.455	-0.268	-0.172	2.176	2.144	-0.372	-0.160	2.318	2.288	-0.370
-0.184	2.476	2.446	-0.379	-0.170	2.176	2.144	-0.367	-0.159	2.322	2.293	-0.367
-0.192	2.488	2.385	-0.708	-0.170	2.176	2.144	-0.367	-0.160	2.333	2.303	-0.372
-0.201	2.487	2.352	-0.808	-0.170	2.176	2.144	-0.367	-0.161	2.333	2.303	-0.373
-0.208	2.476	2.381	-0.680	-0.170	2.176	2.144	-0.367	-0.160	2.325	2.295	-0.371
-0.205	2.461	2.431	-0.379	-0.170	2.176	2.144	-0.367	-0.159	2.312	2.283	-0.366
-0.201	2.465	2.430	-0.414	-0.170	2.176	2.144	-0.367	-0.159	2.315	2.286	-0.367
-0.200	2.474	2.446	-0.373	-0.170	2.176	2.144	-0.367	-0.159	2.321	2.292	-0.367
-0.200	2.481	2.464	-0.286	-0.170	2.176	2.144	-0.367	-0.159	2.325	2.296	-0.367
-0.201	2.478	2.453	-0.349	-0.170	2.176	2.144	-0.367	-0.159	2.323	2.294	-0.367
-0.202	2.471	2.443	-0.373	-0.170	2.176	2.144	-0.367	-0.159	2.319	2.290	-0.367
-0.194	2.475	2.428	-0.481	-0.170	2.176	2.144	-0.367	-0.159	2.322	2.293	-0.368
-0.181	2.470	2.426	-0.465	-0.170	2.176	2.144	-0.367	-0.159	2.319	2.290	-0.368
-0.168	2.473	2.439	-0.412	-0.169	2.177	2.145	-0.367	-0.159	2.321	2.292	-0.367
-0.161	2.468	2.437	-0.395	-0.169	2.177	2.145	-0.367	-0.159	2.318	2.289	-0.366
-0.155	2.477	2.450	-0.364	-0.169	2.177	2.146	-0.367	-0.158	2.322	2.293	-0.366
-0.151	2.461	2.442	-0.305	-0.169	2.178	2.147	-0.367	-0.158	2.313	2.284	-0.364
-0.152	2.471	2.451	-0.314	-0.169	2.178	2.147	-0.367	-0.158	2.320	2.291	-0.365
-0.155	2.476	2.458	-0.301	-0.169	2.178	2.147	-0.367	-0.158	2.323	2.294	-0.366
-0.153	2.483	2.463	-0.315	-0.169	2.180	2.148	-0.367	-0.158	2.328	2.299	-0.366
-0.149	2.483	2.450	-0.405	-0.169	2.180	2.148	-0.367	-0.158	2.329	2.300	-0.367
-0.146	2.474	2.441	-0.403	-0.169	2.180	2.148	-0.367	-0.158	2.323	2.294	-0.366
-0.146	2.471	2.417	-0.512	-0.169	2.180	2.148	-0.367	-0.159	2.321	2.292	-0.367
-0.149	2.468	2.417	-0.499	-0.169	2.180	2.148	-0.367	-0.159	2.319	2.290	-0.367
-0.158	2.476	2.414	-0.549	-0.169	2.180	2.148	-0.367	-0.159	2.324	2.295	-0.368
-0.165	2.478	2.416	-0.548	-0.169	2.180	2.148	-0.367	-0.159	2.325	2.296	-0.368
-0.182	2.487	2.472	-0.271	-0.169	2.180	2.148	-0.367	-0.159	2.334	2.305	-0.369
-0.178	2.476	2.470	-0.175	-0.169	2.180	2.148	-0.367	-0.157	2.324	2.295	-0.364
-0.167	2.461	2.461	-0.006	-0.169	2.180	2.148	-0.367	-0.157	2.313	2.285	-0.361
-0.151	2.453	2.453	-0.007	-0.169	2.179	2.148	-0.367	-0.157	2.307	2.279	-0.360
-0.136	2.464	2.458	-0.183	-0.169	2.179	2.148	-0.367	-0.157	2.316	2.287	-0.363
-0.125	2.464	2.451	-0.247	-0.169	2.180	2.149	-0.367	-0.157	2.315	2.286	-0.363
-0.110	2.456	2.412	-0.462	-0.169	2.180	2.149	-0.367	-0.158	2.307	2.278	-0.363
-0.110	2.456	2.412	-0.462	-0.169	2.180	2.149	-0.367	-0.159	2.308	2.279	-0.365
-0.109	2.473	2.426	-0.481	-0.169	2.180	2.149	-0.367	-0.159	2.322	2.293	-0.367
-0.113	2.484	2.437	-0.481	-0.169	2.180	2.149	-0.367	-0.159	2.330	2.301	-0.368
-0.133	2.479	2.462	-0.287	-0.169	2.180	2.149	-0.367	-0.158	2.326	2.297	-0.366
-0.142	2.479	2.471	-0.196	-0.169	2.180	2.149	-0.367	-0.158	2.326	2.297	-0.365
-0.145	2.473	2.468	-0.168	-0.169	2.180	2.149	-0.367	-0.157	2.322	2.293	-0.364
-0.143	2.473	2.457	-0.276	-0.169	2.180	2.149	-0.367	-0.158	2.321	2.292	-0.365
-0.141	2.478	2.446	-0.398	-0.169	2.180	2.149	-0.367	-0.159	2.325	2.296	-0.367
-0.145	2.477	2.398	-0.619	-0.169	2.180	2.149	-0.367	-0.159	2.325	2.296	-0.369
-0.151	2.473	2.401	-0.591	-0.169	2.180	2.149	-0.367	-0.159	2.323	2.294	-0.368
-0.161	2.471	2.379	-0.669	-0.169	2.179	2.148	-0.367	-0.159	2.319	2.290	-0.367
-0.161	2.471	2.379	-0.669	-0.169	2.179	2.148	-0.367	-0.160	2.323	2.293	-0.369
-0.166	2.477	2.404	-0.596	-0.169	2.179	2.148	-0.367	-0.159	2.325	2.296	-0.369
-0.181	2.480	2.387	-0.674	-0.169	2.179	2.148	-0.367	-0.160	2.329	2.299	-0.370
-0.202	2.481	2.378	-0.709	-0.169	2.179	2.148	-0.367	-0.160	2.330	2.300	-0.371
-0.243	2.478	2.402	-0.610	-0.169	2.179	2.148	-0.367	-0.159	2.326	2.297	-0.369
-0.253	2.475	2.408	-0.572	-0.169	2.179	2.148	-0.367	-0.159	2.324	2.295	-0.368
-0.257	2.481	2.416	-0.564	-0.169	2.179	2.148	-0.367	-0.159	2.328	2.299	-0.369
-0.255	2.486	2.419	-0.573	-0.169	2.179	2.148	-0.367	-0.159	2.332	2.302	-0.370
-0.254	2.482	2.411	-0.591	-0.169	2.179	2.148	-0.367	-0.159	2.329	2.300	-0.369
-0.252	2.473	2.412	-0.547	-0.169	2.179	2.148	-0.367	-0.159	2.322	2.293	-0.368
-0.250	2.479	2.416	-0.554	-0.169	2.179	2.148	-0.367	-0.159	2.326	2.297	-0.369
-0.247	2.474	2.383	-0.664	-0.169	2.179	2.148	-0.367	-0.159	2.323	2.294	-0.369
-0.244	2.476	2.381	-0.678	-0.169	2.179	2.148	-0.367	-0.160	2.326	2.296	-0.370
-0.242	2.479	2.386	-0.674	-0.169	2.179	2.148	-0.367	-0.160	2.328	2.298	-0.370
-0.240	2.478	2.421	-0.528	-0.169	2.179	2.148	-0.367	-0.159	2.326	2.297	-0.368
-0.230	2.483	2.434	-0.490	-0.169	2.179	2.148	-0.367	-0.159	2.329	2.300	-0.368
-0.228	2.475	2.423	-0.504	-0.169	2.179	2.148	-0.367	-0.159	2.323	2.294	-0.368
-0.227	2.459	2.398	-0.544	-0.169	2.179	2.148	-0.367	-0.159	2.313	2.284	-0.366
-0.227	2.460	2.411	-0.487	-0.169	2.179	2.148	-0.367	-0.159	2.313	2.284	-0.366
-0.228	2.464	2.398	-0.569	-0.169	2.179	2.148	-0.367	-0.159	2.317	2.288	-0.367
-0.226	2.470	2.410	-0.543	-0.169	2.179	2.148	-0.367	-0.159	2.321	2.292	-0.368
-0.223	2.469	2.425	-0.461	-0.169	2.179	2.148	-0.367	-0.159	2.319	2.290	-0.367
-0.216	2.479	2.447	-0.398	-0.169	2.179	2.148	-0.367	-0.158	2.326	2.297	-0.367
-0.207	2.478	2.452	-0.358	-0.169	2.179	2.148	-0.367	-0.158	2.325	2.296	-0.366
-0.202	2.475	2.449	-0.352	-0.169	2.179	2.148	-0.367	-0.158	2.322	2.293	-0.366
-0.202	2.482	2.437	-0.469	-0.169	2.179	2.148	-0.367	-0.159	2.328	2.299	-0.368
-0.203	2.484	2.421	-0.557	-0.169	2.179	2.148	-0.367	-0.159	2.330	2.301	-0.369
-0.198	2.468	2.429	-0.438	-0.169	2.179	2.148	-0.367	-0.159	2.319	2.290	-0.367
-0.195	2.467	2.419	-0.485	-0.169	2.179	2.148	-0.367	-0.159	2.318	2.289	-0.367
-0.195	2.469	2.394	-0.604	-0.169	2.180	2.149	-0.367	-0.160	2.321	2.291	-0.369
-0.198	2.482	2.419	-0.554	-0.169	2.180	2.149	-0.367	-0.159	2.328	2.299	-0.369
-0.195	2.485	2.461	-0.343	-0.169	2.180	2.149	-0.367	-0.158	2.330	2.301	-0.367
-0.194	2.487	2.465	-0.332	-0.169	2.180	2.149	-0.367	-0.158	2.331	2.302	-0.367
-0.191	2.491	2.470	-0.321	-0.169	2.180	2.149	-0.367	-0.158	2.334	2.305	-0.368
-0.188	2.486	2.456	-0.384	-0.169	2.180	2.149	-0.367	-0.159	2.331	2.302	-0.368
-0.186	2.486	2.436	-0.495	-0.169	2.180	2.149	-0.367	-0.159	2.331	2.302	-0.369
-0.183	2.483	2.451	-0.397	-0.169	2.180	2.149	-0.367	-0.159	2.329	2.300	-0.368
-0.177	2.476	2.458	-0.294	-0.169	2.180	2.149	-0.367	-0.158	2.324	2.295	-0.366
-0.159	2.472	2.454	-0.299	-0.169	2.180	2.149	-0.367	-0.158	2.321	2.292	-0.365
-0.152	2.476	2.420	-0.521	-0.169	2.180	2.149	-0.367	-0.159	2.324	2.295	-0.368
-0.161	2.479	2.389	-0.659	-0.169	2.180	2.149	-0.367	-0.160	2.328	2.298	-0.370
-0.174	2.471	2.387	-0.641	-0.169	2.180	2.149	-0.367	-0.160	2.323	2.293	-0.369
-0.188	2.469	2.405	-0.556	-0.169	2.180	2.149	-0.367	-0.159	2.320	2.291	-0.368
-0.197	2.475	2.403	-0.589	-0.169	2.180	2.149	-0.367	-0.159	2.324	2.295	-0.369
-0.197	2.485	2.436	-0.493	-0.169	2.180	2.149	-0.367	-0.159	2.331	2.302	-0.369
-0.201	2.486	2.438	-0.484	-0.169	2.180	2.149	-0.367	-0.159	2.331	2.302	-0.369
-0.207	2.490	2.456	-0.412	-0.169	2.180	2.149	-0.367	-0.159	2.334	2.305	-0.369
-0.210	2.487	2.463	-0.344	-0.169	2.181	2.150	-0.367	-0.158	2.332	2.303	-0.367
-0.210	2.483	2.460	-0.336	-0.169	2.181	2.150	-0.367	-0.158	2.329	2.300	-0.367
-0.204	2.475	2.421	-0.515	-0.169	2.181	2.150	-0.367	-0.159	2.324	2.295	-0.368
-0.195	2.470	2.424	-0.472	-0.169	2.181	2.150	-0.367	-0.160	2.327	2.297	-0.370
-0.195	2.470	2.424	-0.472	-0.169	2.181	2.150	-0.367	-0.159	2.320	2.291	-0.367
-0.186	2.465	2.439	-0.353	-0.169	2.181	2.150	-0.367	-0.158	2.317	2.288	-0.365
-0.180	2.477	2.460	-0.291	-0.169	2.181	2.150	-0.367	-0.158	2.325	2.296	-0.366
-0.175	2.485	2.421	-0.561	-0.169	2.181	2.150	-0.367	-0.159	2.331	2.302	-0.368
-0.175	2.485	2.421	-0.561	-0.169	2.181	2.150	-0.367	-0.159	2.332	2.302	-0.370
-0.183	2.486	2.420	-0.570	-0.169	2.181	2.150	-0.367	-0.159	2.333	2.303	-0.370
-0.194	2.484	2.426	-0.533	-0.169	2.181	2.150	-0.367	-0.159	2.330	2.301	-0.369
-0.199	2.489	2.412	-0.613	-0.169	2.181	2.150	-0.367	-0.160	2.335	2.305	-0.371
-0.200	2.477	2.442	-0.417	-0.169	2.181	2.150	-0.367	-0.159	2.325	2.296	-0.367
-0.190	2.475	2.433	-0.456	-0.169	2.181	2.150	-0.367	-0.159	2.324	2.295	-0.367
-0.193	2.471	2.431	-0.447	-0.169	2.181	2.150	-0.367	-0.159	2.322	2.293	-0.367
-0.198	2.467	2.414	-0.509	-0.169	2.181	2.150	-0.367	-0.159	2.319	2.290	-0.367
-0.204	2.465	2.406	-0.537	-0.169	2.181	2.150	-0.367	-0.159	2.318	2.289	-0.367
-0.206	2.463	2.404	-0.533	-0.169	2.181	2.150	-0.367	-0.159	2.316	2.287	-0.367
-0.202	2.478	2.431	-0.478	-0.169	2.181	2.149	-0.367	-0.159	2.326	2.297	-0.368
-0.199	2.482	2.429	-0.511	-0.169	2.181	2.149	-0.367	-0.159	2.329	2.300	-0.369
-0.196	2.481	2.434	-0.482	-0.169	2.181	2.149	-0.367	-0.159	2.328	2.299	-0.368
-0.192	2.486	2.447	-0.436	-0.169	2.181	2.149	-0.367	-0.159	2.331	2.302	-0.368
-0.190	2.485	2.449	-0.422	-0.169	2.181	2.149	-0.367	-0.159	2.330	2.301	-0.368
-0.193	2.491	2.427	-0.560	-0.169	2.181	2.149	-0.367	-0.159	2.335	2.306	-0.370
-0.210	2.491	2.396	-0.680	-0.169	2.181	2.149	-0.367	-0.160	2.334	2.304	-0.371
-0.210	2.480	2.440	-0.442	-0.169	2.181	2.149	-0.367	-0.159	2.327	2.298	-0.368
-0.206	2.479	2.454	-0.356	-0.169	2.181	2.149	-0.367	-0.158	2.327	2.298	-0.367
-0.198	2.477	2.461	-0.279	-0.169	2.181	2.149	-0.367	-0.158	2.324	2.295	-0.366
-0.188	2.472	2.456	-0.279	-0.169	2.181	2.149	-0.367	-0.158	2.321	2.292	-0.365
-0.181	2.477	2.460	-0.296	-0.169	2.181	2.149	-0.367	-0.158	2.325	2.296	-0.366
-0.174	2.476	2.464	-0.240	-0.169	2.180	2.149	-0.367	-0.158	2.324	2.295	-0.365
-0.170	2.473	2.457	-0.280	-0.169	2.180	2.149	-0.367	-0.158	2.322	2.293	-0.365
-0.161	2.471	2.452	-0.310	-0.169	2.180	2.149	-0.367	-0.158	2.321	2.292	-0.365
-0.148	2.473	2.442	-0.387	-0.169	2.180	2.149	-0.367	-0.158	2.322	2.293	-0.366
-0.136	2.482	2.433	-0.491	-0.169	2.180	2.149	-0.367	-0.159	2.327	2.298	-0.368
-0.141	2.494	2.441	-0.512	-0.169	2.180	2.149	-0.367	-0.159	2.337	2.308	-0.370
-0.147	2.496	2.459	-0.428	-0.169	2.180	2.149	-0.367	-0.158	2.338	2.309	-0.369
-0.156	2.486	2.441	-0.472	-0.169	2.180	2.149	-0.367	-0.159	2.331	2.302	-0.369
-0.164	2.469	2.420	-0.491	-0.169	2.180	2.149	-0.367	-0.159	2.320	2.291	-0.367
-0.173	2.465	2.433	-0.394	-0.169	2.180	2.149	-0.367	-0.159	2.317	2.288	-0.366
-0.178	2.463	2.434	-0.382	-0.169	2.180	2.149	-0.367	-0.158	2.316	2.287	-0.365
-0.185	2.466	2.431	-0.416	-0.169	2.180	2.149	-0.367	-0.159	2.318	2.289	-0.366
-0.187	2.474	2.442	-0.395	-0.169	2.180	2.149	-0.367	-0.159	2.323	2.294	-0.367
-0.186	2.472	2.441	-0.390	-0.169	2.180	2.149	-0.367	-0.158	2.321	2.292	-0.366
-0.175	2.474	2.435	-0.440	-0.169	2.180	2.149	-0.367	-0.158	2.320	2.291	-0.366
-0.174	2.485	2.450	-0.418	-0.169	2.180	2.149	-0.367	-0.159	2.331	2.302	-0.368
-0.171	2.486	2.446	-0.441	-0.169	2.180	2.149	-0.367	-0.159	2.331	2.302	-0.368
-0.165	2.475	2.450	-0.345	-0.169	2.180	2.149	-0.367	-0.158	2.323	2.294	-0.366
-0.160	2.465	2.439	-0.358	-0.169	2.180	2.149	-0.367	-0.158	2.317	2.288	-0.365
-0.160	2.472	2.426	-0.473	-0.169	2.180	2.149	-0.367	-0.159	2.321	2.292	-0.367
-0.162	2.476	2.420	-0.524	-0.169	2.180	2.149	-0.367	-0.159	2.325	2.296	-0.368
-0.171	2.490	2.407	-0.639	-0.169	2.180	2.149	-0.367	-0.160	2.336	2.306	-0.371
-0.179	2.481	2.425	-0.523	-0.169	2.180	2.149	-0.367	-0.159	2.328	2.299	-0.369
-0.182	2.474	2.435	-0.440	-0.169	2.180	2.149	-0.367	-0.159	2.323	2.294	-0.367
-0.180	2.470	2.455	-0.269	-0.169	2.180	2.149	-0.367	-0.158	2.320	2.291	-0.365
-0.171	2.484	2.455	-0.380	-0.169	2.180	2.149	-0.367	-0.159	2.330	2.301	-0.368
-0.172	2.488	2.451	-0.428	-0.169	2.180	2.149	-0.367	-0.158	2.332	2.303	-0.368
-0.177	2.489	2.444	-0.469	-0.169	2.180	2.149	-0.367	-0.159	2.333	2.304	-0.369
-0.174	2.488	2.440	-0.487	-0.169	2.180	2.149	-0.367	-0.159	2.330	2.301	-0.368
-0.167	2.476	2.431	-0.472	-0.169	2.180	2.149	-0.367	-0.159	2.325	2.296	-0.368
-0.163	2.472	2.416	-0.525	-0.169	2.180	2.149	-0.367	-0.159	2.322	2.293	-0.368
-0.164	2.466	2.422	-0.461	-0.169	2.180	2.149	-0.367	-0.159	2.317	2.288	-0.366
-0.169	2.470	2.429	-0.445	-0.169	2.180	2.149	-0.367	-0.159	2.320	2.291	-0.367
-0.175	2.474	2.437	-0.426	-0.169	2.180	2.149	-0.367	-0.159	2.323	2.294	-0.367
-0.179	2.479	2.430	-0.490	-0.169	2.180	2.149	-0.367	-0.159	2.326	2.297	-0.368
-0.187	2.478	2.433	-0.468	-0.169	2.180	2.149	-0.367	-0.159	2.325	2.296	-0.368
-0.184	2.467	2.448	-0.307	-0.169	2.180	2.149	-0.367	-0.158	2.318	2.289	-0.365
-0.180	2.468	2.450	-0.291	-0.169	2.180	2.149	-0.367	-0.158	2.318	2.289	-0.365
-0.178	2.481	2.437	-0.460	-0.169	2.161	2.131	-0.364	-0.159	2.321	2.292	-0.367
-0.179	2.492	2.426	-0.566	-0.169	2.161	2.131	-0.364	-0.159	2.329	2.300	-0.369
-0.176	2.490	2.463	-0.366	-0.169	2.161	2.131	-0.364	-0.159	2.329	2.300	-0.369
-0.167	2.491	2.473	-0.295	-0.169	2.161	2.131	-0.364	-0.158	2.328	2.299	-0.366
-0.162	2.491	2.458	-0.406	-0.169	2.161	2.131	-0.364	-0.158	2.328	2.299	-0.367
-0.173	2.474	2.429	-0.470	-0.169	2.143	2.112	-0.361	-0.159	2.311	2.282	-0.365
-0.180	2.478	2.414	-0.559	-0.169	2.143	2.112	-0.361	-0.159	2.314	2.285	-0.366
-0.182	2.483	2.423	-0.546	-0.169	2.142	2.112	-0.360	-0.159	2.318	2.289	-0.367
-0.183	2.497	2.426	-0.594	-0.169	2.142	2.112	-0.360	-0.159	2.328	2.299	-0.369
-0.183	2.501	2.472	-0.377	-0.169	2.142	2.112	-0.360	-0.158	2.329	2.300	-0.366
-0.180	2.502	2.486	-0.275	-0.169	2.142	2.112	-0.360	-0.157	2.329	2.300	-0.365
-0.166	2.486	2.480	-0.173	-0.169	2.142	2.112	-0.360	-0.157	2.321	2.292	-0.363
-0.161	2.492	2.477	-0.277	-0.169	2.142	2.112	-0.360	-0.157	2.323	2.294	-0.364
-0.149	2.493	2.483	-0.216	-0.169	2.142	2.112	-0.360	-0.157	2.323	2.294	-0.364
-0.133	2.504	2.504	-0.016	-0.169	2.142	2.112	-0.360	-0.156	2.330	2.302	-0.363
-0.113	2.515	2.514	-0.057	-0.169	2.142	2.112	-0.360	-0.156	2.338	2.309	-0.364
-0.085	2.525	2.504	-0.325	-0.167	2.141	2.112	-0.356	-0.156	2.344	2.316	-0.364
-0.081	2.515	2.483	-0.396	-0.167	2.141	2.112	-0.356	-0.156	2.337	2.309	-0.363
-0.083	2.497	2.470	-0.368	-0.165	2.141	2.112	-0.351	-0.154	2.327	2.299	-0.357
-0.088	2.495	2.476	-0.309	-0.165	2.141	2.112	-0.351	-0.154	2.324	2.297	-0.356
-0.096	2.497	2.470	-0.364	-0.165	2.141	2.112	-0.351	-0.154	2.325	2.298	-0.356
-0.100	2.503	2.481	-0.329	-0.165	2.141	2.112	-0.351	-0.154	2.330	2.302	-0.357
-0.107	2.513	2.481	-0.396	-0.165	2.141	2.112	-0.351	-0.154	2.337	2.309	-0.358
-0.119	2.505	2.476	-0.380	-0.165	2.141	2.112	-0.351	-0.154	2.331	2.304	-0.357
-0.131	2.497	2.468	-0.378	-0.165	2.141	2.112	-0.351	-0.154	2.326	2.298	-0.357
-0.139	2.501	2.486	-0.267	-0.165	2.141	2.112	-0.351	-0.154	2.327	2.300	-0.356
-0.138	2.496	2.481	-0.278	-0.165	2.141	2.112	-0.351	-0.153	2.325	2.298	-0.355
-0.123	2.497	2.491	-0.170	-0.165	2.141	2.112	-0.351	-0.153	2.325	2.298	-0.354
-0.120	2.489	2.475	-0.264	-0.165	2.141	2.112	-0.351	-0.153	2.320	2.293	-0.354
-0.114	2.496	2.493	-0.130	-0.165	2.141	2.112	-0.351	-0.153	2.325	2.298	-0.354
-0.095	2.503	2.502	-0.083	-0.165	2.141	2.112	-0.351	-0.153	2.329	2.302	-0.354
-0.095	2.503	2.502	-0.083	-0.165	2.141	2.112	-0.351	-0.153	2.329	2.302	-0.354
-0.085	2.499	2.496	-0.118	-0.165	2.141	2.112	-0.351	-0.153	2.326	2.299	-0.354
-0.077	2.503	2.496	-0.185	-0.165	2.141	2.112	-0.351	-0.153	2.329	2.302	-0.355
-0.074	2.511	2.496	-0.271	-0.165	2.141	2.112	-0.351	-0.154	2.334	2.307	-0.357
-0.075	2.509	2.488	-0.324	-0.165	2.141	2.112	-0.351	-0.154	2.333	2.306	-0.357
-0.081	2.507	2.482	-0.353	-0.165	2.141	2.112	-0.351	-0.154	2.332	2.305	-0.357
-0.090	2.515	2.489	-0.355	-0.165	2.141	2.112	-0.351	-0.154	2.338	2.310	-0.358
-0.102	2.517	2.505	-0.246	-0.165	2.141	2.112	-0.351	-0.153	2.339	2.312	-0.357
-0.102	2.504	2.502	-0.101	-0.165	2.141	2.112	-0.351	-0.153	2.330	2.303	-0.354
-0.103	2.495	2.494	-0.066	-0.165	2.141	2.112	-0.351	-0.152	2.324	2.297	-0.353
-0.105	2.490	2.482	-0.206	-0.165	2.141	2.112	-0.351	-0.153	2.321	2.294	-0.354
-0.111	2.494	2.464	-0.382	-0.165	2.141	2.112	-0.351	-0.154	2.323	2.296	-0.356
-0.115	2.491	2.474	-0.296	-0.165	2.141	2.112	-0.351	-0.153	2.322	2.295	-0.355
-0.117	2.494	2.473	-0.321	-0.165	2.141	2.112	-0.351	-0.154	2.323	2.296	-0.356
-0.111	2.499	2.495	-0.130	-0.165	2.141	2.112	-0.351	-0.153	2.326	2.299	-0.354
-0.103	2.493	2.481	-0.242	-0.165	2.141	2.113	-0.351	-0.153	2.322	2.295	-0.355
-0.098	2.499	2.487	-0.245	-0.165	2.141	2.113	-0.351	-0.153	2.327	2.300	-0.355
-0.094	2.500	2.486	-0.258	-0.165	2.141	2.113	-0.351	-0.153	2.327	2.300	-0.355
-0.097	2.488	2.476	-0.248	-0.165	2.141	2.113	-0.351	-0.153	2.319	2.292	-0.354
-0.093	2.482	2.481	-0.051	-0.165	2.141	2.113	-0.351	-0.152	2.315	2.288	-0.351
-0.082	2.490	2.490	0.005	-0.165	2.141	2.113	-0.351	-0.152	2.321	2.294	-0.352
-0.068	2.487	2.487	-0.006	-0.165	2.141	2.112	-0.351	-0.152	2.318	2.291	-0.352
-0.057	2.491	2.487	-0.136	-0.165	2.141	2.112	-0.351	-0.153	2.321	2.294	-0.353
-0.054	2.484	2.483	-0.078	-0.165	2.141	2.112	-0.351	-0.153	2.317	2.290	-0.352
-0.053	2.488	2.483	-0.164	-0.165	2.141	2.112	-0.351	-0.153	2.319	2.292	-0.353
-0.051	2.499	2.484	-0.277	-0.165	2.141	2.112	-0.351	-0.154	2.327	2.300	-0.356
-0.051	2.501	2.489	-0.246	-0.165	2.141	2.112	-0.351	-0.153	2.328	2.301	-0.355
-0.051	2.502	2.490	-0.244	-0.165	2.141	2.112	-0.351	-0.153	2.328	2.301	-0.356
-0.052	2.507	2.499	-0.201	-0.165	2.141	2.112	-0.351	-0.153	2.332	2.305	-0.356
-0.060	2.512	2.502	-0.221	-0.165	2.141	2.112	-0.351	-0.153	2.335	2.308	-0.356
-0.086	2.527	2.503	-0.347	-0.165	2.141	2.112	-0.351	-0.154	2.346	2.318	-0.359
-0.097	2.512	2.502	-0.229	-0.165	2.141	2.112	-0.351	-0.153	2.336	2.309	-0.356
-0.098	2.505	2.502	-0.135	-0.165	2.141	2.112	-0.351	-0.153	2.331	2.304	-0.355
-0.095	2.495	2.494	-0.073	-0.165	2.140	2.111	-0.351	-0.152	2.324	2.297	-0.353
-0.095	2.494	2.484	-0.220	-0.165	2.140	2.111	-0.351	-0.153	2.323	2.296	-0.354
-0.099	2.502	2.467	-0.418	-0.165	2.159	2.130	-0.354	-0.154	2.330	2.302	-0.357
-0.103	2.500	2.474	-0.355	-0.165	2.159	2.130	-0.354	-0.154	2.334	2.306	-0.358
-0.110	2.487	2.465	-0.330	-0.165	2.159	2.130	-0.354	-0.154	2.324	2.297	-0.356
-0.113	2.497	2.482	-0.274	-0.166	2.160	2.130	-0.357	-0.155	2.332	2.304	-0.360
-0.107	2.496	2.485	-0.232	-0.166	2.160	2.130	-0.357	-0.155	2.331	2.303	-0.359
-0.106	2.497	2.473	-0.343	-0.166	2.160	2.130	-0.357	-0.155	2.331	2.303	-0.360
-0.106	2.512	2.489	-0.345	-0.166	2.160	2.130	-0.357	-0.155	2.342	2.314	-0.362
-0.116	2.493	2.486	-0.184	-0.166	2.160	2.130	-0.357	-0.154	2.329	2.301	-0.358
-0.112	2.484	2.481	-0.134	-0.166	2.160	2.130	-0.357	-0.154	2.323	2.295	-0.357
-0.105	2.487	2.480	-0.190	-0.166	2.160	2.130	-0.357	-0.155	2.325	2.297	-0.358
-0.098	2.494	2.486	-0.208	-0.166	2.160	2.130	-0.357	-0.155	2.330	2.302	-0.359
-0.091	2.499	2.490	-0.209	-0.166	2.160	2.130	-0.357	-0.155	2.333	2.305	-0.359
-0.089	2.493	2.474	-0.307	-0.166	2.160	2.130	-0.357	-0.155	2.329	2.301	-0.360
-0.090	2.483	2.468	-0.272	-0.166	2.160	2.130	-0.357	-0.155	2.322	2.294	-0.358
-0.085	2.479	2.474	-0.150	-0.166	2.160	2.130	-0.357	-0.154	2.318	2.291	-0.356
-0.080	2.472	2.465	-0.192	-0.166	2.160	2.130	-0.357	-0.154	2.315	2.287	-0.356
-0.075	2.487	2.485	-0.110	-0.166	2.160	2.130	-0.357	-0.154	2.325	2.297	-0.357
-0.066	2.497	2.496	-0.056	-0.166	2.160	2.130	-0.357	-0.154	2.329	2.301	-0.357
-0.062	2.500	2.497	-0.109	-0.166	2.160	2.130	-0.357	-0.154	2.333	2.305	-0.358
-0.062	2.500	2.492	-0.198	-0.166	2.160	2.130	-0.357	-0.155	2.333	2.305	-0.359
-0.063	2.497	2.487	-0.222	-0.166	2.160	2.130	-0.357	-0.155	2.331	2.303	-0.359
-0.064	2.481	2.466	-0.274	-0.166	2.160	2.130	-0.357	-0.155	2.321	2.293	-0.358
-0.064	2.477	2.470	-0.191	-0.165	2.177	2.148	-0.357	-0.153	2.323	2.296	-0.355
-0.062	2.479	2.471	-0.199	-0.166	2.159	2.130	-0.357	-0.155	2.319	2.291	-0.357
-0.062	2.489	2.483	-0.166	-0.166	2.159	2.130	-0.357	-0.155	2.326	2.298	-0.358
-0.061	2.492	2.490	-0.100	-0.166	2.159	2.130	-0.357	-0.154	2.328	2.300	-0.357
-0.061	2.491	2.491	-0.046	-0.166	2.160	2.130	-0.357	-0.154	2.328	2.300	-0.357
-0.057	2.488	2.487	0.084	-0.166	2.160	2.130	-0.357	-0.153	2.325	2.298	-0.355
-0.053	2.501	2.495	-0.165	-0.166	2.160	2.130	-0.357	-0.154	2.331	2.303	-0.358
-0.051	2.495	2.489	-0.171	-0.166	2.160	2.130	-0.357	-0.154	2.330	2.302	-0.358
-0.044	2.495	2.494	-0.058	-0.166	2.160	2.130	-0.357	-0.154	2.330	2.302	-0.357
-0.037	2.495	2.494	-0.046	-0.166	2.160	2.130	-0.357	-0.154	2.330	2.302	-0.357
-0.032	2.497	2.494	-0.105	-0.166	2.160	2.130	-0.357	-0.154	2.331	2.303	-0.358
-0.028	2.496	2.491	-0.157	-0.166	2.160	2.130	-0.357	-0.154	2.331	2.303	-0.358
-0.032	2.504	2.488	-0.281	-0.166	2.160	2.130	-0.357	-0.155	2.336	2.308	-0.360
-0.041	2.500	2.490	-0.222	-0.166	2.160	2.130	-0.357	-0.155	2.333	2.305	-0.359
-0.051	2.508	2.494	-0.262	-0.166	2.160	2.130	-0.357	-0.155	2.339	2.311	-0.361
-0.056	2.500	2.499	-0.095	-0.166	2.160	2.130	-0.357	-0.154	2.334	2.306	-0.358
-0.048	2.490	2.489	-0.075	-0.166	2.160	2.130	-0.357	-0.154	2.327	2.299	-0.357
-0.047	2.487	2.485	-0.106	-0.166	2.160	2.130	-0.357	-0.154	2.325	2.297	-0.357
-0.051	2.505	2.503	-0.116	-0.166	2.141	2.111	-0.354	-0.154	2.331	2.303	-0.358
-0.053	2.493	2.491	-0.098	-0.166	2.141	2.111	-0.354	-0.154	2.322	2.295	-0.356
-0.051	2.487	2.486	-0.069	-0.166	2.141	2.111	-0.354	-0.154	2.318	2.291	-0.355
-0.041	2.465	2.463	0.083	-0.166	2.141	2.111	-0.354	-0.153	2.303	2.276	-0.351
-0.027	2.456	2.454	0.094	-0.165	2.158	2.129	-0.354	-0.152	2.302	2.276	-0.348
-0.017	2.475	2.473	-0.080	-0.165	2.158	2.129	-0.354	-0.153	2.315	2.288	-0.352
-0.018	2.475	2.466	-0.207	-0.165	2.158	2.129	-0.354	-0.154	2.315	2.288	-0.354
-0.027	2.475	2.453	-0.328	-0.165	2.158	2.129	-0.354	-0.154	2.316	2.289	-0.355
-0.038	2.476	2.460	-0.283	-0.165	2.158	2.129	-0.354	-0.153	2.317	2.290	-0.354
-0.047	2.475	2.470	-0.161	-0.165	2.158	2.129	-0.354	-0.153	2.316	2.289	-0.353
-0.048	2.488	2.486	-0.105	-0.165	2.158	2.129	-0.354	-0.153	2.325	2.298	-0.354
-0.061	2.491	2.486	-0.154	-0.165	2.158	2.129	-0.354	-0.152	2.324	2.297	-0.353
-0.061	2.491	2.486	-0.154	-0.165	2.158	2.129	-0.354	-0.152	2.324	2.297	-0.353
-0.069	2.483	2.475	-0.206	-0.165	2.158	2.129	-0.354	-0.153	2.321	2.294	-0.354
-0.073	2.480	2.469	-0.229	-0.165	2.158	2.129	-0.354	-0.153	2.319	2.292	-0.354
-0.067	2.469	2.468	-0.076	-0.166	2.159	2.129	-0.357	-0.154	2.311	2.284	-0.355
-0.057	2.480	2.480	-0.016	-0.166	2.159	2.129	-0.357	-0.154	2.319	2.292	-0.355
-0.039	2.495	2.494	0.053	-0.166	2.158	2.129	-0.356	-0.153	2.328	2.301	-0.356
-0.039	2.495	2.494	0.053	-0.166	2.158	2.129	-0.356	-0.153	2.329	2.302	-0.356
-0.036	2.490	2.489	-0.070	-0.166	2.158	2.129	-0.356	-0.154	2.325	2.298	-0.356
-0.039	2.496	2.490	-0.175	-0.166	2.158	2.129	-0.356	-0.154	2.331	2.303	-0.358
-0.049	2.493	2.487	-0.180	-0.166	2.158	2.129	-0.356	-0.154	2.329	2.301	-0.358
-0.046	2.492	2.491	-0.086	-0.166	2.158	2.129	-0.356	-0.154	2.328	2.300	-0.357
-0.039	2.482	2.482	-0.033	-0.166	2.158	2.129	-0.356	-0.154	2.320	2.293	-0.355
-0.041	2.487	2.485	-0.100	-0.166	2.158	2.129	-0.356	-0.154	2.317	2.290	-0.355
-0.041	2.487	2.485	-0.100	-0.166	2.158	2.129	-0.356	-0.154	2.323	2.296	-0.356
-0.046	2.498	2.496	-0.083	-0.166	2.158	2.129	-0.356	-0.154	2.331	2.303	-0.357
-0.048	2.507	2.505	-0.103	-0.165	2.175	2.145	-0.356	-0.153	2.343	2.316	-0.357
-0.047	2.516	2.511	-0.151	-0.165	2.175	2.146	-0.356	-0.153	2.348	2.321	-0.358
-0.044	2.507	2.503	-0.141	-0.165	2.175	2.146	-0.356	-0.153	2.343	2.316	-0.357
-0.046	2.498	2.491	-0.189	-0.165	2.175	2.146	-0.356	-0.153	2.343	2.315	-0.358
-0.052	2.491	2.479	-0.241	-0.165	2.175	2.146	-0.356	-0.154	2.332	2.305	-0.357
-0.063	2.485	2.466	-0.313	-0.165	2.175	2.146	-0.356	-0.154	2.330	2.302	-0.357
-0.068	2.484	2.475	-0.207	-0.165	2.175	2.146	-0.356	-0.153	2.327	2.300	-0.355
-0.072	2.487	2.482	-0.163	-0.165	2.175	2.146	-0.356	-0.153	2.329	2.302	-0.355
-0.078	2.485	2.473	-0.244	-0.165	2.175	2.146	-0.356	-0.153	2.328	2.301	-0.356
-0.086	2.484	2.462	-0.324	-0.165	2.175	2.146	-0.356	-0.154	2.328	2.300	-0.357
-0.097	2.473	2.447	-0.357	-0.165	2.175	2.146	-0.356	-0.154	2.320	2.293	-0.356
-0.102	2.472	2.464	-0.202	-0.165	2.175	2.146	-0.356	-0.153	2.319	2.292	-0.354
-0.099	2.479	2.478	-0.050	-0.165	2.175	2.146	-0.356	-0.152	2.324	2.297	-0.353
-0.082	2.501	2.501	0.026	-0.165	2.175	2.146	-0.356	-0.152	2.327	2.300	-0.353
-0.066	2.499	2.498	0.055	-0.165	2.175	2.146	-0.356	-0.152	2.337	2.310	-0.354
-0.053	2.484	2.479	0.148	-0.165	2.175	2.146	-0.356	-0.152	2.327	2.300	-0.352
-0.041	2.478	2.476	0.105	-0.165	2.175	2.146	-0.356	-0.152	2.324	2.297	-0.352
-0.029	2.469	2.468	0.040	-0.165	2.175	2.146	-0.356	-0.152	2.317	2.290	-0.351
-0.014	2.474	2.473	0.027	-0.165	2.175	2.146	-0.356	-0.152	2.320	2.293	-0.352
0.000	2.481	2.481	-0.020	-0.165	2.175	2.146	-0.356	-0.152	2.325	2.298	-0.353
0.014	2.480	2.478	0.100	-0.165	2.175	2.146	-0.356	-0.152	2.325	2.298	-0.352
0.024	2.484	2.481	0.115	-0.165	2.175	2.146	-0.356	-0.152	2.327	2.300	-0.352
0.029	2.485	2.481	0.136	-0.165	2.175	2.146	-0.356	-0.152	2.328	2.301	-0.352
0.031	2.483	2.482	0.049	-0.165	2.175	2.146	-0.356	-0.152	2.326	2.299	-0.353
0.019	2.501	2.500	-0.076	-0.165	2.175	2.146	-0.356	-0.153	2.338	2.311	-0.357
0.011	2.503	2.502	-0.094	-0.165	2.175	2.146	-0.356	-0.153	2.339	2.312	-0.356
0.007	2.500	2.499	-0.065	-0.165	2.175	2.146	-0.356	-0.153	2.338	2.311	-0.356
0.004	2.485	2.485	-0.014	-0.165	2.175	2.146	-0.356	-0.153	2.328	2.301	-0.354
0.005	2.487	2.487	0.025	-0.165	2.175	2.146	-0.357	-0.152	2.329	2.302	-0.353
0.006	2.487	2.482	0.154	-0.165	2.175	2.146	-0.357	-0.152	2.329	2.302	-0.352
0.008	2.497	2.491	0.179	-0.165	2.175	2.146	-0.357	-0.152	2.337	2.310	-0.353
0.013	2.507	2.502	0.144	-0.165	2.175	2.146	-0.357	-0.152	2.342	2.315	-0.354
0.010	2.490	2.490	0.005	-0.165	2.174	2.145	-0.357	-0.152	2.331	2.304	-0.354
0.006	2.481	2.475	-0.175	-0.165	2.175	2.145	-0.358	-0.154	2.326	2.298	-0.357
0.010	2.482	2.479	0.117	-0.165	2.175	2.145	-0.358	-0.153	2.330	2.303	-0.356
0.010	2.482	2.479	0.117	-0.165	2.175	2.145	-0.358	-0.153	2.325	2.298	-0.354
0.026	2.503	2.499	0.135	-0.165	2.175	2.145	-0.358	-0.153	2.340	2.313	-0.356
0.028	2.501	2.501	-0.001	-0.165	2.175	2.145	-0.358	-0.153	2.338	2.311	-0.357
0.024	2.502	2.501	-0.073	-0.165	2.175	2.145	-0.358	-0.154	2.340	2.312	-0.358
0.015	2.494	2.494	-0.046	-0.165	2.175	2.145	-0.358	-0.154	2.334	2.307	-0.357
0.004	2.476	2.476	0.031	-0.165	2.175	2.145	-0.358	-0.153	2.322	2.295	-0.354
0.005	2.472	2.471	0.066	-0.165	2.175	2.145	-0.358	-0.153	2.319	2.292	-0.353
0.015	2.479	2.477	0.105	-0.165	2.175	2.145	-0.358	-0.152	2.324	2.297	-0.353
0.022	2.479	2.478	0.069	-0.165	2.175	2.145	-0.358	-0.153	2.323	2.296	-0.354
0.022	2.480	2.480	0.015	-0.168	2.175	2.145	-0.363	-0.155	2.325	2.297	-0.359
0.016	2.482	2.482	-0.017	-0.168	2.175	2.145	-0.363	-0.155	2.326	2.298	-0.360
0.008	2.480	2.480	0.035	-0.168	2.175	2.145	-0.363	-0.155	2.325	2.297	-0.359
0.013	2.480	2.480	0.040	-0.169	2.176	2.145	-0.366	-0.155	2.325	2.297	-0.359
0.016	2.477	2.477	-0.016	-0.169	2.176	2.145	-0.366	-0.157	2.322	2.294	-0.362
0.016	2.485	2.484	-0.076	-0.169	2.176	2.145	-0.366	-0.157	2.329	2.300	-0.364
0.014	2.478	2.478	0.006	-0.169	2.176	2.145	-0.366	-0.156	2.323	2.295	-0.362
0.012	2.481	2.481	0.056	-0.169	2.176	2.145	-0.366	-0.156	2.325	2.297	-0.362
0.012	2.481	2.480	0.072	-0.169	2.176	2.145	-0.366	-0.156	2.325	2.297	-0.362
0.012	2.475	2.475	-0.001	-0.169	2.176	2.145	-0.366	-0.157	2.321	2.293	-0.362
0.009	2.478	2.476	-0.084	-0.169	2.176	2.145	-0.366	-0.157	2.323	2.294	-0.363
0.004	2.481	2.479	-0.107	-0.169	2.176	2.145	-0.366	-0.157	2.326	2.297	-0.364
-0.000	2.475	2.474	-0.069	-0.169	2.176	2.145	-0.366	-0.157	2.322	2.293	-0.363
-0.004	2.467	2.466	0.067	-0.169	2.176	2.145	-0.366	-0.156	2.316	2.288	-0.361
-0.003	2.473	2.472	0.066	-0.169	2.176	2.145	-0.366	-0.156	2.320	2.292	-0.361
-0.002	2.476	2.476	-0.022	-0.169	2.176	2.145	-0.366	-0.157	2.322	2.293	-0.363
-0.003	2.480	2.480	0.015	-0.169	2.175	2.144	-0.366	-0.157	2.325	2.296	-0.363
-0.007	2.484	2.484	-0.044	-0.169	2.175	2.144	-0.366	-0.157	2.328	2.299	-0.364
-0.013	2.484	2.481	-0.136	-0.169	2.175	2.144	-0.366	-0.157	2.328	2.299	-0.365
-0.014	2.486	2.485	-0.060	-0.169	2.175	2.144	-0.366	-0.157	2.329	2.300	-0.364
-0.012	2.487	2.486	-0.060	-0.169	2.176	2.145	-0.366	-0.157	2.330	2.301	-0.364
-0.009	2.486	2.486	0.025	-0.169	2.176	2.145	-0.366	-0.157	2.328	2.300	-0.363
-0.009	2.478	2.478	0.015	-0.169	2.176	2.145	-0.366	-0.156	2.323	2.295	-0.362
-0.010	2.470	2.470	0.007	-0.169	2.176	2.145	-0.366	-0.156	2.317	2.289	-0.361
-0.004	2.489	2.489	0.016	-0.169	2.176	2.145	-0.366	-0.156	2.324	2.296	-0.361
0.000	2.485	2.483	0.099	-0.169	2.176	2.145	-0.366	-0.156	2.328	2.300	-0.362
0.006	2.482	2.482	0.027	-0.169	2.176	2.145	-0.366	-0.157	2.326	2.298	-0.363
0.008	2.480	2.479	-0.061	-0.169	2.176	2.145	-0.366	-0.157	2.325	2.296	-0.363
0.011	2.473	2.473	0.014	-0.169	2.176	2.145	-0.366	-0.157	2.320	2.292	-0.362
0.012	2.461	2.460	0.059	-0.169	2.176	2.145	-0.366	-0.156	2.311	2.283	-0.360
0.014	2.462	2.460	0.114	-0.169	2.176	2.145	-0.366	-0.156	2.313	2.285	-0.360
0.020	2.469	2.460	0.205	-0.169	2.176	2.145	-0.366	-0.156	2.317	2.289	-0.359
0.029	2.465	2.453	0.241	-0.168	2.175	2.144	-0.363	-0.154	2.314	2.287	-0.355
0.033	2.472	2.463	0.208	-0.168	2.175	2.144	-0.363	-0.154	2.318	2.291	-0.356
0.035	2.474	2.474	0.033	-0.166	2.175	2.145	-0.360	-0.154	2.320	2.293	-0.355
0.033	2.474	2.474	0.026	-0.166	2.175	2.145	-0.360	-0.154	2.320	2.293	-0.355
0.037	2.478	2.478	0.026	-0.166	2.175	2.145	-0.360	-0.154	2.323	2.296	-0.356
0.042	2.475	2.472	0.114	-0.166	2.175	2.145	-0.360	-0.154	2.321	2.294	-0.355
0.046	2.476	2.472	0.146	-0.166	2.175	2.145	-0.360	-0.153	2.322	2.295	-0.354
0.050	2.476	2.474	0.109	-0.166	2.175	2.145	-0.360	-0.153	2.322	2.295	-0.355
0.046	2.467	2.467	0.067	-0.166	2.175	2.145	-0.360	-0.153	2.316	2.289	-0.354
0.040	2.474	2.474	0.047	-0.166	2.175	2.145	-0.360	-0.154	2.320	2.293	-0.355
0.036	2.474	2.472	0.100	-0.166	2.175	2.145	-0.360	-0.154	2.320	2.293	-0.355
0.032	2.479	2.479	0.053	-0.165	2.175	2.146	-0.358	-0.153	2.324	2.297	-0.354
0.032	2.481	2.481	0.038	-0.165	2.175	2.146	-0.358	-0.153	2.325	2.298	-0.354
0.030	2.481	2.481	-0.025	-0.165	2.175	2.146	-0.358	-0.153	2.325	2.298	-0.355
0.024	2.489	2.489	-0.003	-0.165	2.174	2.145	-0.357	-0.153	2.330	2.303	-0.354
0.019	2.484	2.483	0.066	-0.166	2.157	2.128	-0.357	-0.154	2.321	2.294	-0.355
0.014	2.471	2.470	0.020	-0.166	2.157	2.128	-0.357	-0.154	2.312	2.285	-0.354
0.012	2.466	2.466	0.001	-0.166	2.157	2.128	-0.357	-0.153	2.309	2.282	-0.353
0.009	2.469	2.468	-0.046	-0.166	2.157	2.128	-0.357	-0.154	2.311	2.284	-0.354
0.003	2.480	2.479	-0.056	-0.166	2.157	2.128	-0.357	-0.154	2.318	2.291	-0.355
-0.004	2.481	2.472	-0.205	-0.166	2.157	2.128	-0.357	-0.155	2.320	2.292	-0.357
-0.016	2.487	2.473	-0.260	-0.166	2.157	2.128	-0.357	-0.155	2.324	2.296	-0.358
-0.026	2.487	2.473	-0.259	-0.166	2.157	2.128	-0.357	-0.155	2.324	2.296	-0.358
-0.030	2.487	2.485	-0.098	-0.166	2.157	2.128	-0.357	-0.154	2.324	2.296	-0.357
-0.032	2.488	2.487	-0.055	-0.166	2.157	2.128	-0.357	-0.154	2.323	2.296	-0.356
-0.029	2.466	2.465	0.065	-0.166	2.158	2.128	-0.357	-0.153	2.309	2.282	-0.353
-0.024	2.469	2.463	0.174	-0.166	2.158	2.128	-0.357	-0.153	2.312	2.285	-0.352
-0.015	2.461	2.454	0.179	-0.166	2.158	2.128	-0.357	-0.153	2.306	2.279	-0.351
-0.007	2.458	2.457	0.074	-0.166	2.158	2.128	-0.357	-0.153	2.304	2.277	-0.352
0.002	2.470	2.469	0.053	-0.165	2.175	2.146	-0.357	-0.152	2.318	2.291	-0.351
0.010	2.469	2.469	-0.031	-0.165	2.175	2.146	-0.357	-0.153	2.317	2.290	-0.352
0.015	2.481	2.477	-0.133	-0.165	2.175	2.146	-0.357	-0.153	2.325	2.298	-0.355
0.017	2.484	2.483	-0.063	-0.165	2.175	2.146	-0.357	-0.153	2.327	2.300	-0.354
0.019	2.472	2.472	0.048	-0.165	2.175	2.146	-0.357	-0.152	2.320	2.293	-0.352
0.020	2.472	2.471	0.063	-0.165	2.175	2.146	-0.357	-0.152	2.319	2.292	-0.352
0.016	2.471	2.471	0.004	-0.165	2.175	2.146	-0.357	-0.152	2.318	2.291	-0.352
0.006	2.476	2.476	-0.065	-0.165	2.175	2.146	-0.357	-0.153	2.322	2.295	-0.353
-0.002	2.476	2.474	-0.094	-0.165	2.175	2.146	-0.357	-0.153	2.322	2.295	-0.354
-0.006	2.471	2.467	0.140	-0.165	2.175	2.146	-0.357	-0.152	2.319	2.292	-0.351
0.004	2.468	2.450	0.293	-0.165	2.175	2.146	-0.357	-0.151	2.316	2.290	-0.349
0.018	2.468	2.454	0.263	-0.165	2.175	2.146	-0.357	-0.151	2.316	2.290	-0.349
0.030	2.471	2.468	0.114	-0.165	2.157	2.128	-0.354	-0.152	2.313	2.286	-0.350
0.031	2.475	2.475	-0.037	-0.165	2.157	2.128	-0.354	-0.153	2.316	2.289	-0.352
0.028	2.472	2.472	-0.002	-0.165	2.158	2.129	-0.354	-0.152	2.314	2.287	-0.351
0.025	2.472	2.472	0.015	-0.165	2.158	2.129	-0.354	-0.152	2.314	2.287	-0.351
0.028	2.464	2.458	0.165	-0.165	2.158	2.129	-0.354	-0.151	2.308	2.282	-0.348
0.040	2.468	2.468	0.047	-0.165	2.158	2.129	-0.354	-0.152	2.312	2.285	-0.350
0.041	2.478	2.478	0.033	-0.165	2.158	2.129	-0.354	-0.152	2.318	2.291	-0.351
0.033	2.477	2.476	0.047	-0.165	2.158	2.129	-0.354	-0.152	2.317	2.290	-0.351
0.018	2.473	2.473	-0.030	-0.165	2.158	2.129	-0.354	-0.152	2.318	2.291	-0.351
0.015	2.469	2.467	-0.097	-0.165	2.158	2.129	-0.354	-0.153	2.312	2.285	-0.352
0.014	2.476	2.475	-0.064	-0.165	2.158	2.129	-0.354	-0.153	2.316	2.289	-0.352
0.012	2.478	2.478	-0.002	-0.165	2.158	2.129	-0.354	-0.152	2.318	2.291	-0.352
0.009	2.480	2.480	0.021	-0.165	2.158	2.129	-0.354	-0.152	2.319	2.292	-0.352
0.005	2.484	2.484	-0.007	-0.165	2.158	2.129	-0.354	-0.152	2.322	2.295	-0.352
0.003	2.477	2.477	0.024	-0.165	2.158	2.129	-0.354	-0.152	2.317	2.290	-0.351
0.012	2.476	2.460	0.281	-0.165	2.158	2.129	-0.354	-0.151	2.316	2.290	-0.349
0.020	2.476	2.465	0.225	-0.165	2.158	2.129	-0.354	-0.151	2.316	2.290	-0.349
0.024	2.484	2.482	0.085	-0.165	2.158	2.129	-0.354	-0.152	2.322	2.295	-0.351
0.030	2.487	2.487	0.029	-0.165	2.176	2.146	-0.357	-0.153	2.330	2.303	-0.354
0.033	2.486	2.485	0.089	-0.165	2.176	2.146	-0.357	-0.152	2.329	2.302	-0.353
0.041	2.482	2.468	0.267	-0.165	2.176	2.146	-0.357	-0.151	2.327	2.300	-0.351
0.051	2.479	2.468	0.235	-0.165	2.176	2.146	-0.357	-0.152	2.325	2.298	-0.351
0.061	2.468	2.452	0.281	-0.165	2.176	2.146	-0.357	-0.151	2.317	2.291	-0.349
0.071	2.469	2.455	0.262	-0.165	2.176	2.146	-0.357	-0.151	2.317	2.291	-0.349
0.076	2.472	2.461	0.229	-0.165	2.176	2.146	-0.357	-0.151	2.320	2.293	-0.350
0.078	2.475	2.464	0.229	-0.165	2.176	2.146	-0.357	-0.151	2.322	2.295	-0.350
0.077	2.477	2.467	0.222	-0.165	2.176	2.146	-0.357	-0.152	2.323	2.296	-0.351
0.082	2.488	2.485	0.118	-0.165	2.176	2.146	-0.357	-0.152	2.330	2.303	-0.353
0.086	2.475	2.472	0.127	-0.165	2.176	2.146	-0.357	-0.152	2.322	2.295	-0.351
0.083	2.475	2.474	0.034	-0.165	2.176	2.146	-0.357	-0.152	2.321	2.294	-0.352
0.076	2.468	2.466	0.110	-0.165	2.176	2.146	-0.357	-0.152	2.317	2.290	-0.351
0.064	2.477	2.476	-0.066	-0.165	2.176	2.146	-0.357	-0.153	2.322	2.295	-0.354
0.049	2.478	2.475	-0.124	-0.165	2.176	2.146	-0.357	-0.153	2.323	2.296	-0.354
0.034	2.474	2.472	-0.095	-0.165	2.176	2.146	-0.358	-0.154	2.320	2.293	-0.355
0.022	2.482	2.480	-0.092	-0.165	2.176	2.146	-0.358	-0.154	2.325	2.298	-0.356
0.010	2.484	2.484	-0.015	-0.165	2.176	2.146	-0.358	-0.153	2.327	2.300	-0.355
0.000	2.490	2.489	-0.077	-0.165	2.176	2.146	-0.358	-0.154	2.331	2.304	-0.357
-0.008	2.490	2.489	-0.087	-0.165	2.176	2.146	-0.358	-0.154	2.331	2.304	-0.357
-0.010	2.486	2.486	0.037	-0.165	2.176	2.146	-0.358	-0.153	2.320	2.293	-0.354
-0.003	2.485	2.485	0.026	-0.165	2.176	2.146	-0.358	-0.153	2.328	2.301	-0.355
-0.000	2.481	2.481	-0.015	-0.165	2.176	2.146	-0.358	-0.153	2.325	2.298	-0.355
0.001	2.492	2.492	-0.022	-0.168	2.177	2.146	-0.363	-0.153	2.333	2.306	-0.356
0.002	2.489	2.489	-0.007	-0.168	2.177	2.146	-0.363	-0.155	2.331	2.303	-0.360
0.000	2.488	2.485	-0.132	-0.168	2.176	2.146	-0.363	-0.156	2.330	2.302	-0.362
-0.002	2.495	2.493	-0.110	-0.168	2.176	2.146	-0.363	-0.156	2.335	2.307	-0.362
-0.004	2.488	2.488	-0.061	-0.168	2.176	2.146	-0.363	-0.155	2.331	2.303	-0.361
-0.008	2.485	2.485	-0.045	-0.168	2.176	2.146	-0.363	-0.155	2.328	2.300	-0.360
-0.012	2.462	2.462	0.012	-0.168	2.176	2.146	-0.363	-0.155	2.313	2.285	-0.357
-0.013	2.464	2.464	-0.016	-0.168	2.176	2.146	-0.363	-0.155	2.314	2.286	-0.358
-0.014	2.471	2.471	-0.028	-0.168	2.176	2.146	-0.363	-0.155	2.319	2.291	-0.359
-0.014	2.473	2.473	0.028	-0.168	2.176	2.146	-0.363	-0.155	2.320	2.292	-0.358
-0.010	2.471	2.470	0.095	-0.168	2.176	2.146	-0.363	-0.155	2.320	2.292	-0.358
-0.004	2.470	2.469	0.064	-0.168	2.176	2.146	-0.363	-0.155	2.318	2.290	-0.358
0.010	2.474	2.470	0.148	-0.168	2.176	2.146	-0.363	-0.155	2.320	2.292	-0.358
0.010	2.474	2.470	0.148	-0.168	2.176	2.146	-0.363	-0.154	2.321	2.293	-0.357
0.020	2.475	2.465	0.221	-0.168	2.176	2.146	-0.363	-0.154	2.322	2.294	-0.357
0.027	2.478	2.471	0.186	-0.169	2.158	2.127	-0.363	-0.154	2.324	2.296	-0.357
0.045	2.473	2.463	0.224	-0.169	2.158	2.127	-0.363	-0.156	2.318	2.290	-0.359
0.054	2.472	2.463	0.211	-0.169	2.158	2.127	-0.363	-0.155	2.314	2.286	-0.358
0.066	2.482	2.471	0.229	-0.169	2.158	2.127	-0.363	-0.155	2.320	2.292	-0.359
0.071	2.490	2.485	0.158	-0.169	2.139	2.109	-0.360	-0.156	2.320	2.292	-0.360
0.075	2.475	2.471	0.132	-0.169	2.139	2.109	-0.360	-0.156	2.309	2.281	-0.358
0.081	2.469	2.460	0.210	-0.169	2.139	2.108	-0.360	-0.155	2.306	2.278	-0.357
0.081	2.469	2.460	0.210	-0.169	2.139	2.108	-0.360	-0.155	2.306	2.278	-0.357
0.084	2.471	2.462	0.206	-0.169	2.139	2.108	-0.360	-0.155	2.307	2.279	-0.357
0.083	2.477	2.469	0.206	-0.169	2.139	2.108	-0.360	-0.156	2.311	2.283	-0.358
0.079	2.475	2.474	0.090	-0.169	2.139	2.108	-0.360	-0.156	2.310	2.282	-0.359
0.062	2.490	2.490	-0.022	-0.169	2.139	2.108	-0.360	-0.156	2.319	2.291	-0.361
0.050	2.492	2.492	0.018	-0.169	2.139	2.108	-0.360	-0.156	2.321	2.293	-0.361
0.044	2.478	2.476	0.094	-0.169	2.139	2.108	-0.360	-0.156	2.311	2.283	-0.359
0.041	2.475	2.472	0.111	-0.169	2.139	2.108	-0.360	-0.156	2.309	2.281	-0.358
0.040	2.477	2.475	0.105	-0.169	2.139	2.108	-0.360	-0.156	2.311	2.283	-0.359
0.035	2.475	2.474	0.073	-0.169	2.139	2.108	-0.360	-0.156	2.309	2.281	-0.359
0.027	2.478	2.478	0.005	-0.169	2.139	2.108	-0.360	-0.156	2.311	2.283	-0.360
0.023	2.473	2.470	0.116	-0.169	2.139	2.108	-0.360	-0.156	2.308	2.280	-0.358
0.023	2.476	2.473	0.115	-0.169	2.138	2.108	-0.360	-0.156	2.310	2.282	-0.359
0.024	2.474	2.474	0.030	-0.169	2.138	2.108	-0.360	-0.156	2.308	2.280	-0.359
0.029	2.475	2.475	0.006	-0.169	2.138	2.108	-0.360	-0.157	2.309	2.281	-0.360
0.014	2.490	2.488	-0.086	-0.169	2.138	2.108	-0.360	-0.157	2.318	2.290	-0.362
0.012	2.497	2.497	-0.002	-0.169	2.138	2.108	-0.360	-0.156	2.324	2.296	-0.362
0.011	2.490	2.490	-0.000	-0.169	2.138	2.108	-0.360	-0.156	2.319	2.291	-0.361
0.007	2.476	2.476	-0.044	-0.169	2.138	2.108	-0.360	-0.156	2.310	2.282	-0.360
0.004	2.461	2.460	0.064	-0.169	2.138	2.108	-0.360	-0.156	2.300	2.272	-0.358
0.003	2.465	2.463	0.098	-0.169	2.138	2.108	-0.360	-0.156	2.302	2.274	-0.358
0.005	2.466	2.462	0.134	-0.169	2.138	2.107	-0.360	-0.156	2.303	2.275	-0.357
0.012	2.465	2.456	0.212	-0.169	2.137	2.107	-0.360	-0.156	2.303	2.275	-0.357
0.023	2.451	2.437	0.262	-0.169	2.137	2.107	-0.360	-0.155	2.293	2.265	-0.355
0.046	2.445	2.441	0.146	-0.169	2.137	2.107	-0.360	-0.156	2.289	2.261	-0.355
0.049	2.458	2.458	0.026	-0.169	2.137	2.107	-0.360	-0.156	2.297	2.269	-0.358
0.046	2.472	2.471	-0.087	-0.171	2.138	2.107	-0.365	-0.159	2.307	2.278	-0.365
0.046	2.475	2.475	0.020	-0.171	2.138	2.107	-0.365	-0.158	2.309	2.280	-0.364
0.049	2.497	2.490	0.186	-0.171	2.138	2.107	-0.365	-0.158	2.324	2.295	-0.365
0.054	2.492	2.489	0.132	-0.171	2.138	2.107	-0.365	-0.158	2.321	2.292	-0.365
0.056	2.487	2.483	0.126	-0.171	2.138	2.107	-0.365	-0.158	2.317	2.288	-0.364
0.051	2.487	2.487	-0.021	-0.171	2.138	2.107	-0.365	-0.159	2.317	2.288	-0.366
0.041	2.469	2.468	-0.072	-0.171	2.138	2.107	-0.365	-0.159	2.305	2.276	-0.365
0.027	2.470	2.468	-0.099	-0.171	2.138	2.107	-0.365	-0.159	2.306	2.277	-0.365
0.013	2.466	2.463	-0.129	-0.171	2.138	2.107	-0.365	-0.159	2.303	2.274	-0.365
0.007	2.463	2.463	-0.038	-0.171	2.138	2.107	-0.365	-0.159	2.301	2.272	-0.364
0.016	2.477	2.461	0.275	-0.174	2.139	2.106	-0.370	-0.160	2.310	2.281	-0.367
0.021	2.483	2.474	0.209	-0.174	2.139	2.106	-0.370	-0.160	2.314	2.285	-0.368
0.022	2.480	2.473	0.181	-0.174	2.139	2.106	-0.370	-0.160	2.312	2.283	-0.368
0.020	2.480	2.478	0.097	-0.174	2.139	2.106	-0.370	-0.160	2.313	2.283	-0.369
0.017	2.492	2.492	-0.044	-0.174	2.139	2.106	-0.370	-0.161	2.321	2.291	-0.372
0.013	2.498	2.492	-0.168	-0.174	2.139	2.106	-0.370	-0.162	2.325	2.295	-0.374
0.012	2.497	2.495	-0.113	-0.174	2.139	2.106	-0.370	-0.161	2.325	2.295	-0.373
0.015	2.495	2.495	-0.000	-0.174	2.139	2.106	-0.370	-0.160	2.323	2.293	-0.371
0.018	2.485	2.484	0.072	-0.174	2.139	2.106	-0.370	-0.160	2.316	2.286	-0.370
0.020	2.484	2.484	0.034	-0.174	2.139	2.106	-0.370	-0.160	2.316	2.286	-0.370
0.013	2.485	2.485	0.005	-0.174	2.139	2.106	-0.370	-0.160	2.316	2.286	-0.370
0.000	2.489	2.484	-0.149	-0.174	2.139	2.106	-0.370	-0.161	2.318	2.288	-0.372
-0.027	2.495	2.494	-0.081	-0.174	2.139	2.106	-0.370	-0.161	2.323	2.293	-0.372
-0.027	2.490	2.489	0.036	-0.174	2.139	2.106	-0.370	-0.161	2.319	2.289	-0.371
-0.017	2.482	2.481	0.086	-0.174	2.139	2.106	-0.370	-0.160	2.315	2.285	-0.369
-0.008	2.476	2.473	0.123	-0.174	2.139	2.106	-0.370	-0.160	2.310	2.280	-0.368
-0.003	2.487	2.487	-0.011	-0.174	2.139	2.106	-0.370	-0.161	2.318	2.288	-0.371
-0.002	2.481	2.481	-0.003	-0.174	2.139	2.106	-0.370	-0.161	2.314	2.284	-0.370
-0.005	2.485	2.484	0.060	-0.174	2.140	2.107	-0.370	-0.160	2.317	2.287	-0.370
-0.003	2.486	2.486	0.000	-0.171	2.140	2.109	-0.365	-0.159	2.317	2.288	-0.366
0.003	2.480	2.480	0.024	-0.171	2.140	2.109	-0.365	-0.158	2.313	2.284	-0.365
0.015	2.476	2.472	0.140	-0.171	2.140	2.109	-0.365	-0.158	2.311	2.282	-0.363
0.028	2.479	2.475	0.147	-0.171	2.140	2.109	-0.365	-0.158	2.313	2.284	-0.364
0.021	2.486	2.485	-0.044	-0.171	2.140	2.109	-0.365	-0.159	2.316	2.287	-0.366
0.021	2.486	2.485	-0.044	-0.171	2.140	2.109	-0.365	-0.159	2.317	2.288	-0.366
0.017	2.487	2.484	-0.105	-0.171	2.140	2.109	-0.365	-0.159	2.317	2.288	-0.367
0.010	2.483	2.476	-0.180	-0.171	2.140	2.109	-0.365	-0.159	2.315	2.286	-0.367
0.001	2.485	2.478	-0.187	-0.171	2.140	2.109	-0.365	-0.160	2.316	2.287	-0.368
-0.006	2.491	2.489	-0.106	-0.171	2.140	2.109	-0.365	-0.159	2.321	2.292	-0.367
-0.013	2.490	2.488	-0.102	-0.171	2.140	2.109	-0.365	-0.159	2.320	2.291	-0.367
-0.022	2.495	2.492	-0.121	-0.171	2.140	2.109	-0.365	-0.159	2.323	2.294	-0.368
-0.035	2.501	2.489	-0.250	-0.171	2.140	2.109	-0.365	-0.160	2.329	2.299	-0.370
-0.050	2.500	2.488	-0.243	-0.171	2.140	2.109	-0.365	-0.160	2.327	2.297	-0.370
-0.057	2.475	2.474	-0.086	-0.169	2.140	2.110	-0.360	-0.157	2.310	2.282	-0.361
-0.059	2.467	2.465	-0.084	-0.169	2.140	2.110	-0.360	-0.157	2.304	2.276	-0.360
-0.044	2.476	2.474	0.101	-0.169	2.140	2.110	-0.360	-0.156	2.310	2.282	-0.359
-0.034	2.478	2.477	0.083	-0.169	2.140	2.110	-0.360	-0.156	2.312	2.284	-0.360
-0.023	2.477	2.474	0.137	-0.169	2.140	2.110	-0.360	-0.156	2.312	2.284	-0.359
-0.016	2.483	2.482	0.083	-0.169	2.140	2.110	-0.360	-0.156	2.315	2.287	-0.360
0.010	2.476	2.473	-0.131	-0.169	2.139	2.109	-0.360	-0.156	2.320	2.292	-0.360
0.012	2.471	2.470	-0.045	-0.169	2.139	2.109	-0.360	-0.156	2.320	2.292	-0.360
0.012	2.471	2.470	-0.045	-0.169	2.139	2.109	-0.360	-0.157	2.306	2.278	-0.360
0.011	2.468	2.461	0.190	-0.169	2.139	2.109	-0.360	-0.156	2.305	2.277	-0.357
0.025	2.476	2.465	0.231	-0.169	2.139	2.109	-0.360	-0.155	2.311	2.283	-0.357
0.024	2.486	2.486	0.044	-0.169	2.139	2.109	-0.360	-0.156	2.317	2.289	-0.360
0.019	2.490	2.489	-0.069	-0.169	2.139	2.109	-0.360	-0.157	2.319	2.291	-0.362
0.012	2.488	2.487	-0.086	-0.169	2.139	2.109	-0.360	-0.157	2.318	2.290	-0.362
0.007	2.480	2.479	-0.070	-0.169	2.139	2.109	-0.360	-0.157	2.313	2.285	-0.361
0.004	2.474	2.473	-0.077	-0.169	2.139	2.109	-0.360	-0.157	2.309	2.281	-0.360
0.005	2.476	2.474	-0.084	-0.169	2.139	2.109	-0.360	-0.157	2.310	2.282	-0.361
0.006	2.469	2.469	0.000	-0.169	2.139	2.109	-0.360	-0.156	2.305	2.277	-0.359
0.004	2.478	2.478	-0.012	-0.169	2.139	2.109	-0.360	-0.156	2.311	2.283	-0.360
-0.004	2.489	2.489	-0.034	-0.169	2.139	2.109	-0.360	-0.157	2.319	2.291	-0.362
-0.014	2.484	2.484	0.002	-0.169	2.140	2.109	-0.360	-0.156	2.316	2.288	-0.361
-0.020	2.485	2.483	-0.078	-0.169	2.140	2.109	-0.360	-0.156	2.316	2.288	-0.361
-0.017	2.483	2.483	-0.040	-0.169	2.140	2.109	-0.360	-0.157	2.315	2.287	-0.361
-0.012	2.485	2.484	0.092	-0.169	2.140	2.109	-0.360	-0.156	2.317	2.289	-0.360
-0.005	2.485	2.481	0.143	-0.169	2.140	2.109	-0.360	-0.156	2.317	2.289	-0.359
0.005	2.490	2.484	0.166	-0.169	2.140	2.109	-0.360	-0.156	2.320	2.292	-0.360
0.012	2.500	2.499	0.067	-0.169	2.140	2.109	-0.360	-0.156	2.326	2.298	-0.362
0.013	2.497	2.496	0.032	-0.169	2.140	2.109	-0.360	-0.156	2.324	2.296	-0.362
0.012	2.486	2.485	-0.049	-0.169	2.140	2.109	-0.360	-0.156	2.316	2.288	-0.361
0.012	2.474	2.472	0.111	-0.169	2.140	2.109	-0.360	-0.156	2.309	2.281	-0.358
0.022	2.474	2.461	0.253	-0.169	2.141	2.110	-0.360	-0.155	2.310	2.282	-0.357
