phi_u	d_u	x_u	y_u	phi_v	d_v	x_v	y_v	phi_f	d_f	x_f	y_f
0.207	1.929	1.883	0.421	-0.020	1.908	1.907	0.038	0.021	1.867	1.867	0.039
0.211	1.915	1.870	0.414	-0.018	1.907	1.906	0.034	0.019	1.857	1.857	0.035
0.216	1.914	1.876	0.382	-0.018	1.907	1.906	0.034	0.018	1.856	1.856	0.034
0.215	1.921	1.882	0.385	-0.018	1.907	1.906	0.034	0.018	1.860	1.860	0.034
0.217	1.921	1.872	0.433	-0.018	1.907	1.906	0.034	0.019	1.862	1.862	0.035
0.217	1.921	1.872	0.433	-0.018	1.907	1.906	0.034	0.019	1.861	1.861	0.035
0.220	1.920	1.860	0.475	-0.018	1.907	1.906	0.034	0.019	1.860	1.860	0.035
0.216	1.915	1.878	0.371	-0.018	1.907	1.906	0.034	0.018	1.856	1.856	0.034
0.211	1.903	1.841	0.480	-0.018	1.907	1.906	0.034	0.019	1.849	1.849	0.035
0.213	1.894	1.830	0.489	-0.018	1.907	1.906	0.034	0.019	1.843	1.843	0.035
0.220	1.918	1.847	0.516	-0.018	1.906	1.906	0.034	0.019	1.859	1.859	0.036
0.225	1.924	1.877	0.425	-0.018	1.906	1.906	0.034	0.019	1.863	1.863	0.035
0.230	1.929	1.876	0.449	-0.018	1.905	1.905	0.034	0.019	1.866	1.866	0.035
0.234	1.936	1.867	0.512	-0.018	1.905	1.905	0.034	0.019	1.871	1.871	0.036
0.238	1.931	1.876	0.457	-0.018	1.905	1.905	0.034	0.019	1.867	1.867	0.035
0.242	1.914	1.850	0.491	-0.020	1.905	1.905	0.037	0.021	1.856	1.856	0.039
0.248	1.907	1.836	0.515	-0.020	1.905	1.905	0.037	0.021	1.851	1.851	0.039
0.250	1.902	1.846	0.459	-0.020	1.905	1.905	0.037	0.021	1.848	1.848	0.038
0.247	1.908	1.872	0.370	-0.020	1.905	1.905	0.037	0.020	1.851	1.851	0.037
0.222	1.912	1.893	0.272	-0.020	1.905	1.905	0.037	0.019	1.853	1.853	0.036
0.213	1.929	1.903	0.313	-0.020	1.905	1.905	0.037	0.020	1.864	1.864	0.037
0.209	1.922	1.879	0.405	-0.020	1.905	1.905	0.037	0.020	1.861	1.861	0.038
0.205	1.922	1.875	0.420	-0.020	1.905	1.905	0.037	0.020	1.860	1.860	0.038
0.203	1.922	1.886	0.371	-0.020	1.905	1.905	0.037	0.020	1.860	1.860	0.038
0.197	1.916	1.876	0.391	-0.020	1.892	1.892	0.037	0.021	1.852	1.852	0.038
0.194	1.917	1.851	0.499	-0.020	1.892	1.892	0.037	0.021	1.854	1.854	0.039
0.196	1.923	1.858	0.498	-0.020	1.879	1.879	0.037	0.021	1.854	1.854	0.039
0.201	1.931	1.872	0.473	-0.020	1.879	1.879	0.037	0.021	1.859	1.859	0.039
0.212	1.935	1.884	0.443	-0.022	1.879	1.878	0.041	0.023	1.861	1.861	0.042
0.219	1.932	1.906	0.314	-0.022	1.879	1.878	0.041	0.022	1.858	1.858	0.041
0.221	1.923	1.901	0.290	-0.022	1.879	1.878	0.041	0.022	1.852	1.852	0.040
0.216	1.904	1.857	0.420	-0.022	1.879	1.878	0.041	0.022	1.840	1.840	0.041
0.222	1.903	1.833	0.512	-0.022	1.879	1.878	0.041	0.023	1.840	1.840	0.042
0.231	1.903	1.826	0.532	-0.022	1.879	1.878	0.041	0.023	1.841	1.840	0.043
0.233	1.921	1.869	0.443	-0.022	1.879	1.878	0.041	0.023	1.852	1.852	0.042
0.231	1.927	1.874	0.446	-0.022	1.879	1.878	0.041	0.023	1.855	1.855	0.042
0.225	1.940	1.905	0.369	-0.022	1.879	1.878	0.041	0.022	1.864	1.864	0.041
0.223	1.928	1.880	0.423	-0.022	1.879	1.878	0.041	0.023	1.856	1.856	0.042
0.226	1.911	1.869	0.401	-0.022	1.879	1.878	0.041	0.022	1.845	1.845	0.041
0.229	1.913	1.875	0.378	-0.022	1.879	1.878	0.041	0.022	1.845	1.845	0.041
0.234	1.902	1.853	0.427	-0.022	1.879	1.878	0.041	0.022	1.838	1.838	0.041
0.237	1.914	1.864	0.433	-0.022	1.879	1.878	0.041	0.023	1.847	1.847	0.042
0.232	1.922	1.865	0.467	-0.022	1.879	1.878	0.041	0.023	1.853	1.853	0.042
0.226	1.939	1.913	0.315	-0.022	1.879	1.878	0.041	0.022	1.863	1.863	0.041
0.218	1.930	1.896	0.364	-0.022	1.879	1.878	0.041	0.022	1.858	1.858	0.041
0.213	1.940	1.914	0.315	-0.022	1.879	1.878	0.041	0.022	1.863	1.863	0.041
0.208	1.934	1.893	0.396	-0.022	1.879	1.878	0.041	0.023	1.860	1.860	0.042
0.209	1.936	1.862	0.532	-0.022	1.879	1.878	0.041	0.023	1.863	1.863	0.043
0.213	1.935	1.873	0.485	-0.022	1.879	1.878	0.041	0.023	1.861	1.861	0.043
0.216	1.923	1.856	0.503	-0.022	1.879	1.878	0.041	0.023	1.854	1.854	0.043
0.223	1.920	1.813	0.632	-0.022	1.879	1.878	0.041	0.024	1.854	1.853	0.044
0.233	1.908	1.756	0.745	-0.022	1.879	1.878	0.041	0.024	1.847	1.846	0.045
0.258	1.930	1.860	0.516	-0.022	1.879	1.878	0.041	0.024	1.855	1.854	0.045
0.269	1.925	1.870	0.457	-0.022	1.879	1.878	0.041	0.023	1.855	1.855	0.042
0.274	1.923	1.874	0.427	-0.022	1.879	1.878	0.041	0.023	1.852	1.852	0.042
0.279	1.921	1.868	0.449	-0.022	1.879	1.878	0.041	0.023	1.852	1.852	0.042
0.280	1.925	1.870	0.457	-0.022	1.879	1.878	0.041	0.023	1.854	1.854	0.042
0.278	1.936	1.882	0.452	-0.022	1.878	1.878	0.041	0.023	1.861	1.861	0.042
0.275	1.934	1.892	0.397	-0.022	1.878	1.878	0.041	0.023	1.859	1.859	0.042
0.263	1.934	1.913	0.289	-0.022	1.878	1.878	0.041	0.022	1.860	1.860	0.041
0.241	1.940	1.932	0.177	-0.022	1.878	1.878	0.041	0.021	1.863	1.863	0.039
0.211	1.943	1.937	0.148	-0.022	1.878	1.878	0.041	0.021	1.865	1.865	0.039
0.190	1.936	1.916	0.279	-0.022	1.878	1.878	0.041	0.021	1.861	1.861	0.040
0.186	1.939	1.883	0.462	-0.022	1.878	1.878	0.041	0.023	1.864	1.864	0.043
0.205	1.937	1.800	0.717	-0.022	1.878	1.878	0.041	0.024	1.867	1.866	0.045
0.219	1.938	1.806	0.703	-0.022	1.878	1.878	0.041	0.024	1.867	1.866	0.045
0.233	1.930	1.791	0.720	-0.022	1.878	1.878	0.041	0.024	1.862	1.861	0.045
0.248	1.928	1.790	0.716	-0.022	1.878	1.878	0.041	0.024	1.860	1.859	0.045
0.268	1.927	1.783	0.731	-0.022	1.878	1.878	0.041	0.025	1.860	1.859	0.046
0.296	1.921	1.761	0.768	-0.022	1.878	1.878	0.041	0.025	1.857	1.856	0.046
0.325	1.920	1.815	0.626	-0.022	1.878	1.878	0.041	0.024	1.854	1.853	0.044
0.344	1.924	1.840	0.562	-0.022	1.878	1.878	0.041	0.023	1.855	1.855	0.043
0.351	1.923	1.845	0.541	-0.022	1.878	1.878	0.041	0.023	1.854	1.854	0.043
0.349	1.929	1.857	0.524	-0.022	1.878	1.878	0.041	0.023	1.858	1.858	0.043
0.343	1.932	1.858	0.530	-0.022	1.878	1.878	0.041	0.023	1.860	1.860	0.043
0.336	1.925	1.828	0.601	-0.022	1.878	1.878	0.041	0.024	1.856	1.855	0.044
0.327	1.924	1.844	0.549	-0.022	1.878	1.878	0.041	0.023	1.855	1.855	0.043
0.317	1.931	1.861	0.516	-0.022	1.878	1.878	0.041	0.023	1.859	1.859	0.043
0.302	1.943	1.889	0.454	-0.022	1.878	1.878	0.041	0.023	1.866	1.866	0.043
0.290	1.933	1.872	0.479	-0.022	1.878	1.878	0.041	0.023	1.860	1.860	0.043
0.286	1.938	1.875	0.490	-0.022	1.878	1.878	0.041	0.023	1.863	1.863	0.043
0.283	1.929	1.867	0.485	-0.022	1.878	1.878	0.041	0.023	1.857	1.857	0.043
0.279	1.925	1.876	0.432	-0.022	1.878	1.878	0.041	0.023	1.854	1.854	0.042
0.272	1.917	1.866	0.437	-0.022	1.878	1.878	0.041	0.023	1.848	1.848	0.042
0.267	1.915	1.834	0.551	-0.022	1.878	1.878	0.041	0.023	1.849	1.849	0.043
0.264	1.915	1.820	0.595	-0.022	1.878	1.878	0.041	0.024	1.850	1.849	0.044
0.266	1.928	1.842	0.570	-0.022	1.878	1.878	0.041	0.024	1.859	1.858	0.044
0.269	1.935	1.858	0.541	-0.022	1.879	1.878	0.041	0.023	1.862	1.862	0.043
0.273	1.934	1.854	0.548	-0.022	1.879	1.878	0.041	0.023	1.861	1.861	0.043
0.275	1.930	1.841	0.579	-0.022	1.879	1.878	0.041	0.024	1.860	1.859	0.044
0.279	1.930	1.854	0.538	-0.022	1.879	1.878	0.041	0.023	1.859	1.859	0.043
0.283	1.936	1.871	0.497	-0.022	1.879	1.878	0.041	0.023	1.862	1.862	0.043
0.286	1.937	1.867	0.516	-0.022	1.879	1.878	0.041	0.023	1.863	1.863	0.043
0.286	1.952	1.878	0.532	-0.022	1.879	1.878	0.041	0.023	1.874	1.873	0.044
0.283	1.942	1.855	0.575	-0.022	1.879	1.878	0.041	0.024	1.868	1.867	0.044
0.282	1.927	1.832	0.596	-0.022	1.879	1.878	0.041	0.024	1.858	1.857	0.044
0.279	1.922	1.853	0.510	-0.022	1.879	1.878	0.041	0.023	1.856	1.856	0.043
0.276	1.912	1.836	0.533	-0.022	1.879	1.878	0.041	0.023	1.847	1.846	0.043
0.276	1.916	1.828	0.573	-0.022	1.879	1.878	0.041	0.024	1.850	1.849	0.044
0.279	1.912	1.835	0.535	-0.022	1.879	1.878	0.041	0.023	1.847	1.846	0.043
0.280	1.905	1.836	0.509	-0.022	1.878	1.878	0.041	0.023	1.843	1.842	0.043
0.282	1.912	1.855	0.463	-0.022	1.878	1.878	0.041	0.023	1.846	1.846	0.042
0.278	1.918	1.850	0.504	-0.022	1.878	1.878	0.041	0.023	1.850	1.850	0.043
0.276	1.931	1.852	0.548	-0.022	1.878	1.878	0.041	0.023	1.859	1.859	0.043
0.275	1.923	1.821	0.617	-0.022	1.878	1.878	0.041	0.024	1.855	1.854	0.044
0.280	1.913	1.793	0.667	-0.022	1.877	1.877	0.041	0.024	1.849	1.848	0.045
0.289	1.920	1.828	0.590	-0.022	1.877	1.877	0.041	0.024	1.850	1.849	0.044
0.287	1.935	1.871	0.494	-0.022	1.877	1.877	0.041	0.023	1.861	1.861	0.043
0.284	1.951	1.890	0.484	-0.022	1.877	1.877	0.041	0.023	1.872	1.872	0.043
0.285	1.937	1.850	0.576	-0.022	1.877	1.877	0.041	0.024	1.865	1.864	0.044
0.285	1.931	1.852	0.547	-0.022	1.877	1.877	0.041	0.023	1.859	1.859	0.043
0.287	1.928	1.871	0.463	-0.022	1.877	1.877	0.041	0.023	1.856	1.856	0.042
0.283	1.933	1.882	0.442	-0.022	1.851	1.851	0.041	0.023	1.851	1.851	0.043
0.276	1.942	1.892	0.438	-0.022	1.851	1.851	0.041	0.023	1.857	1.857	0.043
0.265	1.928	1.892	0.370	-0.022	1.825	1.824	0.040	0.022	1.838	1.838	0.041
0.257	1.930	1.856	0.527	-0.022	1.824	1.824	0.040	0.023	1.841	1.841	0.042
0.255	1.917	1.851	0.499	-0.022	1.824	1.824	0.040	0.023	1.832	1.832	0.042
0.259	1.911	1.843	0.505	-0.022	1.824	1.824	0.040	0.023	1.835	1.835	0.042
0.247	1.933	1.868	0.495	-0.022	1.824	1.824	0.040	0.022	1.827	1.827	0.041
0.248	1.923	1.863	0.478	-0.022	1.824	1.824	0.040	0.023	1.836	1.836	0.042
0.255	1.927	1.857	0.515	-0.022	1.824	1.824	0.040	0.023	1.839	1.839	0.042
0.260	1.919	1.828	0.583	-0.022	1.824	1.824	0.040	0.023	1.835	1.834	0.043
0.263	1.924	1.821	0.620	-0.022	1.824	1.824	0.040	0.023	1.839	1.838	0.043
0.265	1.930	1.837	0.590	-0.022	1.824	1.824	0.040	0.023	1.842	1.841	0.043
0.269	1.934	1.857	0.537	-0.022	1.824	1.824	0.040	0.023	1.842	1.842	0.042
0.277	1.933	1.834	0.609	-0.022	1.824	1.823	0.040	0.023	1.845	1.844	0.043
0.285	1.931	1.832	0.608	-0.022	1.824	1.823	0.040	0.023	1.843	1.842	0.043
0.292	1.933	1.860	0.523	-0.022	1.824	1.823	0.040	0.023	1.842	1.842	0.042
0.293	1.924	1.860	0.491	-0.022	1.824	1.823	0.040	0.023	1.836	1.836	0.042
0.288	1.916	1.871	0.411	-0.022	1.824	1.823	0.040	0.022	1.830	1.830	0.041
0.281	1.919	1.871	0.425	-0.022	1.823	1.823	0.040	0.022	1.832	1.832	0.041
0.275	1.919	1.861	0.465	-0.022	1.823	1.823	0.040	0.023	1.832	1.832	0.042
0.269	1.924	1.869	0.459	-0.022	1.823	1.823	0.040	0.023	1.837	1.837	0.042
0.265	1.934	1.889	0.411	-0.022	1.823	1.823	0.040	0.022	1.842	1.842	0.041
0.261	1.931	1.874	0.462	-0.022	1.823	1.823	0.040	0.023	1.840	1.840	0.042
0.249	1.922	1.862	0.476	-0.022	1.823	1.823	0.040	0.023	1.835	1.835	0.042
0.241	1.922	1.866	0.460	-0.022	1.823	1.823	0.040	0.023	1.835	1.835	0.042
0.243	1.909	1.824	0.564	-0.022	1.823	1.823	0.040	0.024	1.828	1.827	0.043
0.254	1.912	1.818	0.592	-0.022	1.823	1.823	0.040	0.024	1.830	1.829	0.043
0.262	1.917	1.818	0.609	-0.022	1.823	1.823	0.040	0.023	1.834	1.833	0.043
0.264	1.934	1.872	0.488	-0.022	1.823	1.823	0.040	0.023	1.844	1.844	0.042
0.262	1.935	1.878	0.469	-0.022	1.823	1.823	0.040	0.023	1.844	1.844	0.042
0.266	1.927	1.832	0.596	-0.022	1.823	1.823	0.040	0.023	1.840	1.839	0.043
0.273	1.924	1.836	0.576	-0.022	1.823	1.823	0.040	0.023	1.838	1.837	0.043
0.279	1.919	1.848	0.516	-0.022	1.823	1.823	0.040	0.023	1.833	1.833	0.042
0.281	1.918	1.848	0.514	-0.022	1.823	1.823	0.040	0.023	1.833	1.833	0.042
0.274	1.920	1.869	0.437	-0.022	1.823	1.823	0.040	0.022	1.833	1.833	0.041
0.264	1.924	1.877	0.424	-0.022	1.823	1.823	0.040	0.022	1.836	1.836	0.041
0.255	1.926	1.891	0.364	-0.022	1.823	1.823	0.040	0.022	1.837	1.837	0.041
0.239	1.923	1.891	0.350	-0.022	1.823	1.823	0.040	0.023	1.835	1.835	0.042
0.239	1.923	1.891	0.350	-0.022	1.823	1.823	0.040	0.022	1.835	1.835	0.040
0.225	1.917	1.888	0.335	-0.022	1.823	1.823	0.040	0.022	1.831	1.831	0.040
0.218	1.900	1.849	0.434	-0.022	1.823	1.823	0.040	0.023	1.819	1.819	0.041
0.217	1.898	1.855	0.402	-0.022	1.823	1.823	0.040	0.023	1.818	1.818	0.041
0.220	1.897	1.827	0.510	-0.022	1.823	1.823	0.040	0.023	1.818	1.818	0.042
0.233	1.906	1.829	0.537	-0.022	1.823	1.823	0.040	0.023	1.825	1.825	0.042
0.235	1.899	1.819	0.545	-0.022	1.823	1.822	0.040	0.023	1.820	1.820	0.042
0.238	1.902	1.829	0.520	-0.022	1.823	1.822	0.040	0.023	1.821	1.821	0.042
0.244	1.900	1.832	0.503	-0.022	1.823	1.822	0.040	0.023	1.820	1.820	0.042
0.249	1.920	1.843	0.537	-0.022	1.823	1.822	0.040	0.023	1.834	1.834	0.042
0.259	1.924	1.862	0.484	-0.022	1.823	1.822	0.040	0.023	1.836	1.836	0.042
0.265	1.921	1.862	0.469	-0.022	1.823	1.822	0.040	0.023	1.833	1.833	0.042
0.268	1.914	1.839	0.531	-0.022	1.823	1.822	0.040	0.023	1.830	1.830	0.042
0.269	1.924	1.859	0.498	-0.022	1.823	1.822	0.040	0.023	1.837	1.837	0.042
0.269	1.926	1.829	0.603	-0.022	1.823	1.822	0.040	0.023	1.840	1.839	0.043
0.272	1.924	1.827	0.603	-0.022	1.823	1.822	0.040	0.023	1.838	1.837	0.043
0.273	1.912	1.835	0.537	-0.022	1.823	1.822	0.040	0.023	1.829	1.829	0.042
0.268	1.906	1.848	0.466	-0.022	1.823	1.822	0.040	0.022	1.824	1.824	0.041
0.265	1.914	1.862	0.441	-0.022	1.823	1.822	0.040	0.022	1.829	1.829	0.041
0.262	1.924	1.870	0.452	-0.022	1.823	1.822	0.040	0.023	1.836	1.836	0.042
0.260	1.926	1.876	0.435	-0.022	1.823	1.822	0.040	0.022	1.837	1.837	0.041
0.254	1.932	1.885	0.425	-0.022	1.823	1.822	0.040	0.023	1.844	1.844	0.042
0.245	1.927	1.886	0.398	-0.022	1.823	1.822	0.040	0.022	1.838	1.838	0.041
0.235	1.930	1.882	0.426	-0.022	1.823	1.822	0.040	0.022	1.839	1.839	0.041
0.228	1.931	1.873	0.467	-0.022	1.823	1.822	0.040	0.023	1.840	1.840	0.042
0.227	1.938	1.868	0.516	-0.022	1.823	1.822	0.040	0.023	1.846	1.846	0.042
0.228	1.931	1.874	0.463	-0.022	1.823	1.822	0.040	0.023	1.840	1.840	0.042
0.229	1.914	1.864	0.433	-0.022	1.823	1.822	0.040	0.022	1.829	1.829	0.041
0.231	1.916	1.841	0.530	-0.022	1.823	1.822	0.040	0.023	1.831	1.831	0.042
0.232	1.917	1.873	0.412	-0.022	1.823	1.822	0.040	0.022	1.831	1.831	0.041
0.231	1.902	1.861	0.389	-0.022	1.823	1.822	0.040	0.023	1.820	1.820	0.041
0.233	1.900	1.851	0.426	-0.022	1.823	1.822	0.040	0.023	1.819	1.819	0.041
0.231	1.900	1.864	0.370	-0.022	1.823	1.822	0.040	0.022	1.819	1.819	0.040
0.231	1.903	1.849	0.447	-0.022	1.823	1.822	0.040	0.023	1.821	1.821	0.041
0.228	1.909	1.869	0.391	-0.022	1.823	1.823	0.040	0.022	1.826	1.826	0.041
0.218	1.903	1.877	0.314	-0.022	1.823	1.823	0.040	0.022	1.821	1.821	0.040
0.215	1.909	1.863	0.417	-0.022	1.823	1.823	0.040	0.022	1.826	1.826	0.041
0.215	1.909	1.838	0.517	-0.022	1.823	1.823	0.040	0.023	1.827	1.827	0.042
0.217	1.915	1.835	0.547	-0.022	1.823	1.823	0.040	0.023	1.831	1.831	0.042
0.211	1.925	1.906	0.274	-0.022	1.823	1.823	0.040	0.022	1.834	1.834	0.040
0.206	1.921	1.903	0.267	-0.022	1.823	1.823	0.040	0.021	1.833	1.833	0.039
0.200	1.917	1.878	0.386	-0.022	1.823	1.823	0.040	0.022	1.831	1.831	0.041
0.200	1.916	1.870	0.418	-0.022	1.823	1.823	0.040	0.022	1.830	1.830	0.041
0.209	1.905	1.843	0.484	-0.022	1.823	1.823	0.040	0.023	1.824	1.824	0.042
0.215	1.913	1.844	0.507	-0.022	1.824	1.823	0.040	0.023	1.829	1.829	0.042
0.219	1.918	1.869	0.433	-0.022	1.824	1.823	0.040	0.022	1.832	1.832	0.041
0.214	1.922	1.881	0.396	-0.022	1.824	1.824	0.040	0.022	1.835	1.835	0.041
0.209	1.926	1.892	0.359	-0.022	1.824	1.824	0.040	0.022	1.837	1.837	0.040
0.207	1.920	1.899	0.281	-0.022	1.825	1.824	0.040	0.022	1.832	1.832	0.040
0.215	1.898	1.853	0.408	-0.022	1.825	1.824	0.040	0.023	1.818	1.818	0.041
0.219	1.887	1.835	0.440	-0.022	1.825	1.824	0.040	0.022	1.817	1.817	0.040
0.217	1.892	1.832	0.473	-0.022	1.825	1.824	0.040	0.023	1.815	1.815	0.041
0.213	1.902	1.852	0.433	-0.022	1.825	1.824	0.040	0.023	1.821	1.821	0.041
0.212	1.892	1.831	0.476	-0.022	1.825	1.824	0.040	0.023	1.815	1.815	0.041
0.213	1.888	1.839	0.424	-0.022	1.825	1.824	0.040	0.023	1.811	1.811	0.041
0.211	1.886	1.862	0.301	-0.022	1.825	1.824	0.040	0.022	1.810	1.810	0.039
0.212	1.891	1.867	0.302	-0.022	1.825	1.824	0.040	0.022	1.813	1.813	0.039
0.209	1.902	1.879	0.295	-0.022	1.825	1.824	0.040	0.021	1.820	1.820	0.039
0.207	1.904	1.879	0.307	-0.022	1.825	1.824	0.040	0.022	1.822	1.822	0.040
0.213	1.900	1.833	0.497	-0.022	1.825	1.824	0.040	0.023	1.820	1.820	0.042
0.217	1.899	1.856	0.405	-0.022	1.825	1.824	0.040	0.023	1.820	1.820	0.041
0.219	1.908	1.840	0.503	-0.022	1.825	1.824	0.040	0.023	1.826	1.826	0.042
0.216	1.910	1.864	0.416	-0.022	1.825	1.824	0.040	0.022	1.827	1.827	0.041
0.215	1.911	1.872	0.380	-0.022	1.825	1.824	0.040	0.022	1.827	1.827	0.041
0.219	1.925	1.878	0.421	-0.022	1.825	1.824	0.040	0.022	1.837	1.837	0.041
0.222	1.918	1.883	0.366	-0.022	1.825	1.824	0.040	0.022	1.832	1.832	0.040
0.225	1.909	1.878	0.342	-0.022	1.825	1.824	0.040	0.022	1.825	1.825	0.040
0.226	1.904	1.871	0.352	-0.022	1.825	1.824	0.040	0.022	1.822	1.822	0.040
0.223	1.903	1.853	0.430	-0.022	1.825	1.824	0.040	0.022	1.822	1.822	0.041
0.221	1.906	1.862	0.406	-0.022	1.825	1.824	0.040	0.022	1.824	1.824	0.041
0.217	1.898	1.845	0.444	-0.022	1.825	1.824	0.040	0.023	1.822	1.822	0.042
0.215	1.907	1.874	0.352	-0.022	1.825	1.824	0.040	0.022	1.824	1.824	0.040
0.213	1.907	1.870	0.376	-0.022	1.824	1.824	0.040	0.022	1.825	1.825	0.040
0.209	1.913	1.869	0.406	-0.022	1.824	1.824	0.040	0.022	1.828	1.828	0.041
0.210	1.917	1.869	0.424	-0.022	1.824	1.824	0.040	0.022	1.831	1.831	0.041
0.215	1.913	1.848	0.495	-0.022	1.824	1.824	0.040	0.023	1.829	1.829	0.042
0.224	1.904	1.834	0.511	-0.022	1.824	1.824	0.040	0.023	1.823	1.823	0.042
0.229	1.890	1.837	0.444	-0.022	1.824	1.824	0.040	0.023	1.813	1.813	0.041
0.227	1.897	1.855	0.395	-0.022	1.824	1.824	0.040	0.023	1.817	1.817	0.041
0.223	1.903	1.867	0.367	-0.022	1.824	1.824	0.040	0.022	1.821	1.821	0.040
0.218	1.904	1.865	0.385	-0.022	1.824	1.824	0.040	0.022	1.822	1.822	0.041
0.215	1.912	1.885	0.322	-0.022	1.824	1.824	0.040	0.022	1.827	1.827	0.040
0.211	1.908	1.883	0.307	-0.022	1.824	1.824	0.040	0.022	1.824	1.824	0.040
0.206	1.906	1.877	0.333	-0.022	1.824	1.824	0.040	0.022	1.823	1.823	0.040
0.200	1.896	1.854	0.395	-0.022	1.824	1.824	0.040	0.023	1.817	1.817	0.041
0.198	1.899	1.828	0.514	-0.022	1.824	1.824	0.040	0.023	1.820	1.820	0.042
0.201	1.894	1.814	0.544	-0.022	1.824	1.824	0.040	0.023	1.817	1.817	0.042
0.206	1.889	1.828	0.474	-0.022	1.824	1.824	0.040	0.023	1.813	1.813	0.041
0.208	1.902	1.866	0.365	-0.022	1.824	1.824	0.040	0.022	1.820	1.820	0.040
0.206	1.901	1.880	0.281	-0.022	1.824	1.824	0.040	0.021	1.819	1.819	0.039
0.208	1.894	1.847	0.422	-0.022	1.824	1.824	0.040	0.022	1.814	1.814	0.040
0.213	1.901	1.858	0.402	-0.022	1.824	1.824	0.040	0.023	1.820	1.820	0.041
0.216	1.910	1.870	0.389	-0.022	1.824	1.824	0.040	0.022	1.826	1.826	0.041
0.212	1.921	1.879	0.400	-0.022	1.824	1.824	0.040	0.022	1.834	1.834	0.041
0.204	1.915	1.872	0.403	-0.022	1.824	1.824	0.040	0.022	1.830	1.830	0.041
0.198	1.912	1.877	0.363	-0.022	1.824	1.824	0.040	0.022	1.827	1.827	0.040
0.195	1.910	1.865	0.409	-0.022	1.824	1.824	0.040	0.022	1.826	1.826	0.041
0.200	1.905	1.850	0.455	-0.022	1.824	1.824	0.040	0.022	1.824	1.824	0.041
0.209	1.898	1.839	0.471	-0.022	1.824	1.824	0.040	0.023	1.819	1.819	0.041
0.216	1.898	1.834	0.491	-0.022	1.824	1.823	0.040	0.023	1.819	1.819	0.042
0.221	1.887	1.829	0.461	-0.022	1.824	1.823	0.040	0.023	1.811	1.811	0.041
0.223	1.896	1.857	0.384	-0.022	1.824	1.823	0.040	0.022	1.812	1.812	0.040
0.224	1.905	1.870	0.363	-0.022	1.824	1.823	0.040	0.022	1.817	1.817	0.040
0.220	1.909	1.884	0.313	-0.022	1.824	1.823	0.040	0.022	1.826	1.826	0.040
0.214	1.903	1.891	0.206	-0.022	1.824	1.824	0.040	0.021	1.820	1.820	0.039
0.209	1.904	1.885	0.264	-0.022	1.824	1.824	0.040	0.021	1.821	1.821	0.039
0.203	1.895	1.857	0.374	-0.022	1.824	1.824	0.040	0.022	1.816	1.816	0.040
0.199	1.892	1.848	0.407	-0.022	1.824	1.824	0.040	0.023	1.814	1.814	0.041
0.198	1.895	1.824	0.514	-0.022	1.824	1.824	0.040	0.023	1.817	1.817	0.042
0.200	1.896	1.820	0.531	-0.022	1.824	1.824	0.040	0.023	1.818	1.818	0.042
0.205	1.903	1.824	0.542	-0.022	1.824	1.824	0.040	0.023	1.823	1.823	0.042
0.214	1.902	1.797	0.625	-0.022	1.824	1.824	0.040	0.024	1.825	1.824	0.043
0.224	1.899	1.806	0.589	-0.022	1.824	1.823	0.040	0.024	1.822	1.821	0.043
0.247	1.898	1.839	0.470	-0.022	1.824	1.823	0.040	0.023	1.820	1.820	0.042
0.260	1.906	1.862	0.408	-0.022	1.824	1.823	0.040	0.022	1.822	1.822	0.041
0.260	1.906	1.862	0.408	-0.022	1.824	1.823	0.040	0.022	1.824	1.824	0.041
0.261	1.910	1.868	0.399	-0.022	1.824	1.823	0.040	0.022	1.826	1.826	0.041
0.259	1.904	1.846	0.469	-0.022	1.824	1.823	0.040	0.023	1.823	1.823	0.042
0.255	1.889	1.833	0.456	-0.022	1.824	1.823	0.040	0.023	1.812	1.812	0.041
0.250	1.892	1.863	0.328	-0.022	1.824	1.823	0.040	0.022	1.813	1.813	0.040
0.234	1.888	1.862	0.313	-0.022	1.824	1.823	0.040	0.022	1.811	1.811	0.040
0.219	1.901	1.883	0.258	-0.022	1.824	1.823	0.040	0.021	1.819	1.819	0.039
0.193	1.903	1.878	0.304	-0.022	1.824	1.823	0.040	0.021	1.824	1.824	0.039
0.187	1.899	1.868	0.339	-0.022	1.824	1.823	0.040	0.022	1.818	1.818	0.040
0.185	1.890	1.849	0.388	-0.022	1.824	1.823	0.040	0.022	1.812	1.812	0.040
0.182	1.903	1.860	0.401	-0.022	1.823	1.823	0.040	0.023	1.816	1.816	0.041
0.182	1.903	1.860	0.401	-0.022	1.823	1.823	0.040	0.023	1.821	1.821	0.041
0.177	1.903	1.872	0.341	-0.022	1.811	1.811	0.040	0.022	1.817	1.817	0.040
0.174	1.902	1.858	0.406	-0.022	1.811	1.811	0.040	0.023	1.817	1.817	0.041
0.178	1.908	1.876	0.350	-0.022	1.799	1.798	0.040	0.022	1.817	1.817	0.040
0.182	1.905	1.870	0.361	-0.022	1.799	1.798	0.040	0.022	1.814	1.814	0.040
0.184	1.894	1.857	0.375	-0.022	1.799	1.798	0.040	0.022	1.808	1.808	0.040
0.184	1.884	1.862	0.288	-0.022	1.799	1.798	0.040	0.022	1.800	1.800	0.039
0.173	1.886	1.879	0.161	-0.022	1.799	1.798	0.040	0.021	1.801	1.801	0.038
0.160	1.889	1.884	0.146	-0.022	1.799	1.798	0.040	0.021	1.803	1.803	0.038
0.149	1.892	1.875	0.249	-0.022	1.799	1.798	0.040	0.022	1.805	1.805	0.039
0.147	1.892	1.865	0.316	-0.022	1.799	1.798	0.040	0.022	1.805	1.805	0.040
0.145	1.900	1.875	0.303	-0.022	1.799	1.798	0.040	0.022	1.803	1.803	0.040
0.145	1.900	1.875	0.303	-0.022	1.799	1.798	0.040	0.022	1.810	1.810	0.040
0.143	1.899	1.870	0.331	-0.022	1.799	1.798	0.039	0.022	1.810	1.810	0.040
0.145	1.896	1.861	0.363	-0.022	1.799	1.798	0.039	0.022	1.809	1.809	0.040
0.148	1.894	1.865	0.333	-0.022	1.799	1.798	0.039	0.022	1.807	1.807	0.040
0.151	1.898	1.876	0.286	-0.022	1.811	1.810	0.039	0.022	1.813	1.813	0.039
0.152	1.902	1.895	0.166	-0.022	1.811	1.810	0.039	0.021	1.816	1.816	0.038
0.152	1.906	1.904	0.105	-0.022	1.823	1.823	0.040	0.020	1.823	1.823	0.037
0.145	1.899	1.888	0.202	-0.022	1.823	1.823	0.040	0.021	1.817	1.817	0.038
0.142	1.891	1.865	0.315	-0.022	1.823	1.823	0.040	0.022	1.813	1.813	0.039
0.140	1.897	1.876	0.285	-0.022	1.823	1.823	0.040	0.021	1.817	1.817	0.039
0.138	1.890	1.875	0.236	-0.022	1.823	1.823	0.040	0.022	1.811	1.811	0.039
0.137	1.899	1.875	0.297	-0.022	1.823	1.823	0.040	0.021	1.818	1.818	0.039
0.131	1.897	1.875	0.286	-0.022	1.823	1.823	0.040	0.021	1.816	1.816	0.039
0.127	1.886	1.874	0.215	-0.022	1.823	1.823	0.040	0.021	1.809	1.809	0.038
0.132	1.886	1.859	0.321	-0.022	1.823	1.823	0.040	0.022	1.810	1.810	0.039
0.145	1.891	1.829	0.478	-0.022	1.823	1.823	0.040	0.023	1.814	1.814	0.041
0.162	1.901	1.834	0.501	-0.022	1.823	1.823	0.040	0.023	1.821	1.821	0.042
0.171	1.912	1.875	0.374	-0.022	1.823	1.823	0.040	0.022	1.827	1.827	0.040
0.181	1.897	1.851	0.414	-0.022	1.823	1.823	0.040	0.023	1.817	1.817	0.041
0.188	1.888	1.837	0.433	-0.022	1.823	1.823	0.040	0.023	1.811	1.811	0.041
0.192	1.889	1.854	0.363	-0.022	1.823	1.823	0.040	0.022	1.812	1.812	0.040
0.196	1.897	1.875	0.290	-0.022	1.823	1.823	0.040	0.021	1.817	1.817	0.039
0.198	1.902	1.885	0.254	-0.022	1.823	1.823	0.040	0.021	1.820	1.820	0.039
0.197	1.906	1.875	0.340	-0.022	1.823	1.823	0.040	0.022	1.823	1.823	0.040
0.193	1.907	1.878	0.327	-0.022	1.823	1.823	0.040	0.022	1.823	1.823	0.040
0.181	1.906	1.879	0.318	-0.022	1.823	1.823	0.040	0.022	1.823	1.823	0.040
0.177	1.899	1.868	0.344	-0.022	1.823	1.823	0.040	0.022	1.819	1.819	0.040
0.173	1.903	1.875	0.327	-0.022	1.823	1.823	0.040	0.022	1.821	1.821	0.040
0.170	1.899	1.870	0.331	-0.022	1.823	1.822	0.040	0.022	1.818	1.818	0.040
0.166	1.909	1.876	0.354	-0.022	1.823	1.822	0.040	0.022	1.825	1.825	0.040
0.169	1.901	1.867	0.357	-0.022	1.823	1.823	0.040	0.022	1.820	1.820	0.040
0.174	1.890	1.860	0.337	-0.022	1.823	1.823	0.040	0.022	1.812	1.812	0.040
0.178	1.890	1.859	0.340	-0.022	1.823	1.823	0.040	0.022	1.812	1.812	0.040
0.179	1.895	1.874	0.284	-0.022	1.823	1.823	0.040	0.021	1.815	1.815	0.039
0.179	1.903	1.879	0.303	-0.022	1.823	1.823	0.040	0.022	1.821	1.821	0.040
0.177	1.917	1.896	0.285	-0.022	1.823	1.823	0.040	0.022	1.830	1.830	0.040
0.177	1.916	1.892	0.301	-0.022	1.823	1.823	0.040	0.022	1.829	1.829	0.040
0.176	1.914	1.865	0.428	-0.022	1.823	1.823	0.040	0.022	1.829	1.829	0.041
0.178	1.891	1.852	0.378	-0.022	1.823	1.823	0.040	0.022	1.812	1.812	0.040
0.180	1.884	1.839	0.409	-0.022	1.823	1.823	0.040	0.022	1.808	1.808	0.040
0.177	1.878	1.848	0.332	-0.022	1.823	1.823	0.040	0.022	1.804	1.804	0.040
0.175	1.888	1.862	0.312	-0.022	1.823	1.823	0.040	0.022	1.811	1.811	0.039
0.176	1.903	1.888	0.235	-0.022	1.823	1.823	0.040	0.022	1.810	1.810	0.040
0.172	1.910	1.899	0.200	-0.022	1.823	1.823	0.040	0.021	1.825	1.825	0.039
0.168	1.900	1.879	0.284	-0.022	1.823	1.823	0.040	0.021	1.819	1.819	0.039
0.169	1.890	1.856	0.357	-0.022	1.823	1.823	0.040	0.022	1.812	1.812	0.040
0.171	1.891	1.828	0.485	-0.022	1.823	1.823	0.040	0.023	1.814	1.814	0.041
0.172	1.910	1.866	0.407	-0.022	1.823	1.823	0.040	0.022	1.826	1.826	0.041
0.172	1.919	1.884	0.365	-0.022	1.823	1.823	0.040	0.022	1.832	1.832	0.040
0.171	1.920	1.892	0.326	-0.022	1.823	1.823	0.040	0.022	1.832	1.832	0.040
0.173	1.920	1.871	0.431	-0.022	1.823	1.823	0.040	0.022	1.833	1.833	0.041
0.184	1.913	1.873	0.391	-0.022	1.823	1.823	0.040	0.022	1.828	1.828	0.041
0.194	1.911	1.876	0.364	-0.022	1.823	1.823	0.040	0.022	1.826	1.826	0.040
0.198	1.905	1.884	0.283	-0.022	1.823	1.823	0.040	0.021	1.822	1.822	0.039
0.195	1.905	1.880	0.308	-0.022	1.823	1.823	0.040	0.022	1.822	1.822	0.040
0.189	1.898	1.873	0.304	-0.022	1.823	1.823	0.040	0.022	1.817	1.817	0.040
0.185	1.893	1.867	0.309	-0.022	1.823	1.823	0.040	0.022	1.813	1.813	0.039
0.183	1.902	1.873	0.330	-0.022	1.823	1.822	0.040	0.022	1.820	1.820	0.040
0.184	1.891	1.863	0.322	-0.022	1.823	1.822	0.040	0.022	1.812	1.812	0.040
0.187	1.901	1.855	0.414	-0.022	1.811	1.810	0.039	0.023	1.816	1.816	0.041
0.186	1.903	1.863	0.390	-0.022	1.811	1.810	0.039	0.022	1.818	1.818	0.040
0.184	1.896	1.857	0.384	-0.022	1.811	1.810	0.039	0.022	1.813	1.813	0.040
0.180	1.901	1.861	0.389	-0.022	1.811	1.810	0.039	0.022	1.816	1.816	0.040
0.187	1.905	1.848	0.461	-0.022	1.811	1.810	0.039	0.023	1.819	1.819	0.041
0.198	1.902	1.814	0.573	-0.022	1.811	1.810	0.039	0.023	1.819	1.819	0.042
0.206	1.902	1.860	0.400	-0.022	1.811	1.810	0.039	0.022	1.817	1.817	0.040
0.211	1.896	1.848	0.425	-0.022	1.811	1.810	0.039	0.023	1.813	1.813	0.041
0.214	1.898	1.861	0.374	-0.022	1.799	1.798	0.039	0.022	1.810	1.810	0.040
0.212	1.907	1.869	0.380	-0.022	1.799	1.798	0.039	0.022	1.816	1.816	0.040
0.214	1.902	1.839	0.484	-0.022	1.799	1.798	0.039	0.023	1.813	1.813	0.041
0.215	1.904	1.860	0.404	-0.022	1.799	1.798	0.039	0.022	1.814	1.814	0.040
0.221	1.901	1.866	0.360	-0.022	1.799	1.798	0.039	0.022	1.811	1.811	0.040
0.223	1.912	1.871	0.397	-0.022	1.799	1.798	0.039	0.023	1.820	1.820	0.041
0.221	1.894	1.824	0.510	-0.022	1.799	1.798	0.039	0.023	1.808	1.808	0.042
0.226	1.910	1.827	0.559	-0.022	1.799	1.798	0.039	0.023	1.820	1.820	0.042
0.234	1.924	1.829	0.597	-0.022	1.799	1.798	0.039	0.023	1.831	1.830	0.043
0.245	1.924	1.847	0.536	-0.022	1.799	1.798	0.039	0.023	1.828	1.828	0.042
0.253	1.922	1.858	0.489	-0.022	1.799	1.798	0.039	0.023	1.827	1.827	0.042
0.259	1.909	1.829	0.547	-0.022	1.799	1.798	0.039	0.023	1.819	1.819	0.042
0.265	1.901	1.849	0.443	-0.022	1.799	1.798	0.039	0.023	1.813	1.813	0.041
0.266	1.892	1.846	0.413	-0.022	1.799	1.798	0.039	0.022	1.806	1.806	0.040
0.265	1.901	1.872	0.333	-0.022	1.799	1.798	0.039	0.022	1.812	1.812	0.040
0.266	1.914	1.875	0.387	-0.022	1.812	1.811	0.040	0.022	1.825	1.825	0.041
0.263	1.920	1.872	0.428	-0.022	1.812	1.811	0.040	0.022	1.830	1.830	0.041
0.254	1.913	1.865	0.425	-0.022	1.824	1.824	0.040	0.022	1.829	1.829	0.041
0.237	1.916	1.876	0.391	-0.022	1.824	1.824	0.040	0.022	1.831	1.831	0.041
0.235	1.920	1.853	0.503	-0.022	1.824	1.824	0.040	0.023	1.834	1.834	0.042
0.235	1.915	1.833	0.554	-0.022	1.825	1.824	0.040	0.023	1.832	1.831	0.043
0.235	1.915	1.845	0.514	-0.022	1.825	1.824	0.040	0.023	1.831	1.831	0.042
0.242	1.913	1.835	0.539	-0.022	1.825	1.824	0.040	0.023	1.830	1.830	0.042
0.249	1.912	1.844	0.508	-0.022	1.825	1.824	0.040	0.023	1.829	1.829	0.042
0.253	1.904	1.847	0.463	-0.022	1.825	1.824	0.040	0.022	1.823	1.823	0.041
0.254	1.910	1.864	0.414	-0.022	1.825	1.824	0.040	0.022	1.826	1.826	0.041
0.253	1.905	1.854	0.436	-0.022	1.825	1.824	0.040	0.022	1.823	1.823	0.041
0.252	1.910	1.874	0.369	-0.022	1.825	1.824	0.040	0.022	1.826	1.826	0.041
0.250	1.923	1.886	0.377	-0.022	1.825	1.824	0.040	0.022	1.835	1.835	0.041
0.248	1.907	1.834	0.521	-0.022	1.825	1.824	0.040	0.023	1.825	1.825	0.042
0.247	1.903	1.853	0.434	-0.022	1.824	1.824	0.040	0.022	1.822	1.822	0.041
0.246	1.904	1.832	0.516	-0.022	1.824	1.824	0.040	0.023	1.823	1.823	0.042
0.242	1.912	1.851	0.477	-0.022	1.824	1.824	0.040	0.023	1.828	1.828	0.042
0.242	1.925	1.858	0.504	-0.022	1.823	1.823	0.040	0.023	1.837	1.837	0.042
0.244	1.927	1.866	0.482	-0.022	1.823	1.823	0.040	0.023	1.839	1.839	0.042
0.245	1.920	1.866	0.452	-0.022	1.823	1.823	0.040	0.023	1.833	1.833	0.042
0.248	1.913	1.863	0.434	-0.022	1.823	1.823	0.040	0.022	1.828	1.828	0.041
0.251	1.911	1.851	0.475	-0.022	1.823	1.823	0.040	0.023	1.827	1.827	0.042
0.252	1.910	1.840	0.510	-0.022	1.823	1.823	0.040	0.023	1.827	1.827	0.042
0.252	1.906	1.827	0.544	-0.022	1.823	1.823	0.040	0.023	1.825	1.825	0.042
0.262	1.913	1.810	0.619	-0.022	1.823	1.823	0.040	0.023	1.831	1.830	0.043
0.272	1.925	1.818	0.632	-0.022	1.823	1.823	0.040	0.024	1.839	1.838	0.044
0.283	1.932	1.819	0.650	-0.022	1.823	1.823	0.040	0.024	1.844	1.843	0.044
0.292	1.933	1.814	0.669	-0.022	1.823	1.823	0.040	0.024	1.846	1.845	0.044
0.305	1.925	1.806	0.666	-0.022	1.823	1.823	0.040	0.024	1.840	1.839	0.044
0.317	1.912	1.811	0.613	-0.022	1.823	1.823	0.040	0.023	1.831	1.830	0.043
0.325	1.902	1.792	0.636	-0.022	1.823	1.823	0.040	0.024	1.824	1.823	0.043
0.334	1.899	1.778	0.666	-0.022	1.823	1.823	0.040	0.024	1.822	1.821	0.044
0.347	1.898	1.745	0.747	-0.022	1.823	1.823	0.040	0.025	1.823	1.822	0.045
0.357	1.899	1.760	0.713	-0.022	1.823	1.823	0.040	0.024	1.823	1.822	0.044
0.328	1.885	1.829	0.452	-0.022	1.823	1.823	0.040	0.024	1.818	1.817	0.043
0.328	1.885	1.829	0.452	-0.022	1.823	1.823	0.040	0.024	1.818	1.817	0.043
0.318	1.888	1.833	0.451	-0.022	1.823	1.823	0.040	0.023	1.811	1.811	0.041
0.313	1.890	1.819	0.511	-0.022	1.823	1.823	0.040	0.023	1.813	1.813	0.042
0.307	1.895	1.820	0.528	-0.022	1.823	1.823	0.040	0.023	1.817	1.817	0.042
0.297	1.902	1.828	0.526	-0.022	1.811	1.810	0.040	0.023	1.818	1.818	0.042
0.285	1.892	1.818	0.522	-0.022	1.811	1.810	0.040	0.023	1.811	1.811	0.042
0.280	1.892	1.815	0.533	-0.022	1.798	1.798	0.040	0.023	1.807	1.807	0.042
0.283	1.886	1.770	0.649	-0.022	1.798	1.798	0.040	0.024	1.805	1.804	0.044
0.294	1.872	1.755	0.649	-0.022	1.798	1.798	0.040	0.024	1.799	1.798	0.043
0.298	1.877	1.777	0.604	-0.022	1.798	1.798	0.040	0.024	1.799	1.798	0.043
0.303	1.873	1.782	0.576	-0.022	1.798	1.798	0.040	0.024	1.796	1.795	0.043
0.308	1.884	1.797	0.564	-0.022	1.798	1.798	0.040	0.024	1.803	1.802	0.043
0.309	1.881	1.779	0.613	-0.022	1.798	1.798	0.040	0.024	1.802	1.801	0.043
0.313	1.881	1.771	0.634	-0.022	1.798	1.798	0.040	0.024	1.802	1.801	0.043
0.318	1.883	1.772	0.635	-0.022	1.798	1.798	0.040	0.024	1.803	1.802	0.043
0.326	1.881	1.768	0.641	-0.022	1.798	1.798	0.040	0.024	1.802	1.801	0.043
0.324	1.883	1.796	0.564	-0.022	1.798	1.798	0.040	0.024	1.803	1.802	0.043
0.324	1.883	1.796	0.564	-0.022	1.798	1.798	0.040	0.024	1.802	1.801	0.043
0.322	1.883	1.767	0.652	-0.022	1.798	1.798	0.040	0.024	1.802	1.801	0.043
0.325	1.891	1.792	0.602	-0.022	1.798	1.798	0.040	0.024	1.808	1.807	0.043
0.327	1.883	1.775	0.626	-0.022	1.798	1.798	0.040	0.024	1.808	1.807	0.043
0.329	1.880	1.777	0.612	-0.022	1.798	1.798	0.040	0.024	1.801	1.800	0.043
0.328	1.887	1.805	0.548	-0.022	1.798	1.798	0.040	0.023	1.803	1.803	0.042
0.324	1.890	1.804	0.565	-0.022	1.798	1.798	0.040	0.024	1.807	1.806	0.043
0.319	1.904	1.814	0.578	-0.022	1.798	1.798	0.040	0.024	1.817	1.816	0.043
0.318	1.910	1.811	0.606	-0.022	1.798	1.798	0.040	0.024	1.821	1.820	0.043
0.325	1.894	1.761	0.695	-0.022	1.798	1.798	0.040	0.024	1.811	1.810	0.044
0.331	1.881	1.752	0.684	-0.022	1.798	1.798	0.040	0.024	1.802	1.801	0.044
0.333	1.882	1.741	0.716	-0.022	1.798	1.798	0.040	0.024	1.804	1.803	0.044
0.337	1.877	1.758	0.657	-0.022	1.798	1.798	0.040	0.024	1.799	1.798	0.043
0.337	1.884	1.780	0.618	-0.022	1.798	1.798	0.040	0.024	1.804	1.803	0.043
0.335	1.873	1.788	0.560	-0.022	1.798	1.798	0.040	0.023	1.795	1.795	0.042
0.336	1.877	1.783	0.589	-0.022	1.798	1.798	0.040	0.024	1.799	1.798	0.043
0.341	1.871	1.754	0.651	-0.022	1.811	1.811	0.040	0.024	1.800	1.799	0.043
0.346	1.882	1.763	0.657	-0.022	1.811	1.811	0.040	0.024	1.807	1.806	0.043
0.342	1.890	1.791	0.605	-0.022	1.824	1.824	0.040	0.024	1.816	1.815	0.043
0.336	1.891	1.794	0.598	-0.022	1.824	1.824	0.040	0.024	1.816	1.815	0.043
0.336	1.880	1.761	0.658	-0.022	1.824	1.824	0.040	0.024	1.810	1.809	0.043
0.336	1.866	1.727	0.707	-0.022	1.824	1.824	0.040	0.024	1.801	1.800	0.044
0.338	1.871	1.755	0.649	-0.022	1.824	1.824	0.040	0.024	1.804	1.803	0.043
0.343	1.872	1.772	0.605	-0.022	1.824	1.824	0.040	0.024	1.801	1.800	0.043
0.342	1.869	1.776	0.583	-0.022	1.824	1.824	0.040	0.023	1.801	1.801	0.042
0.335	1.866	1.786	0.541	-0.022	1.824	1.824	0.040	0.023	1.798	1.798	0.042
0.332	1.899	1.741	0.758	-0.022	1.824	1.824	0.040	0.023	1.809	1.809	0.042
0.336	1.904	1.758	0.731	-0.022	1.824	1.824	0.040	0.024	1.827	1.826	0.044
0.338	1.903	1.768	0.703	-0.022	1.824	1.824	0.040	0.024	1.826	1.825	0.044
0.335	1.893	1.819	0.526	-0.024	1.824	1.824	0.043	0.025	1.817	1.816	0.045
0.332	1.885	1.795	0.577	-0.024	1.824	1.824	0.043	0.025	1.812	1.811	0.046
0.328	1.892	1.813	0.540	-0.024	1.824	1.824	0.043	0.025	1.816	1.815	0.045
0.330	1.898	1.802	0.596	-0.022	1.824	1.824	0.040	0.024	1.821	1.820	0.043
0.332	1.900	1.814	0.565	-0.022	1.824	1.824	0.040	0.023	1.821	1.821	0.042
0.332	1.892	1.780	0.640	-0.024	1.824	1.824	0.043	0.026	1.817	1.816	0.047
0.327	1.891	1.794	0.597	-0.024	1.824	1.824	0.043	0.025	1.816	1.815	0.046
0.322	1.889	1.771	0.655	-0.024	1.824	1.824	0.043	0.026	1.815	1.814	0.047
0.318	1.886	1.776	0.635	-0.024	1.824	1.824	0.043	0.025	1.814	1.813	0.046
0.321	1.890	1.775	0.649	-0.024	1.824	1.824	0.043	0.026	1.816	1.815	0.047
0.320	1.886	1.807	0.542	-0.024	1.824	1.824	0.043	0.025	1.813	1.812	0.045
0.319	1.890	1.822	0.501	-0.024	1.824	1.824	0.043	0.025	1.814	1.813	0.045
0.318	1.891	1.808	0.554	-0.024	1.824	1.824	0.043	0.025	1.816	1.815	0.046
0.316	1.880	1.778	0.612	-0.024	1.824	1.824	0.043	0.025	1.809	1.808	0.046
0.326	1.888	1.762	0.675	-0.024	1.824	1.824	0.043	0.026	1.815	1.814	0.047
0.330	1.886	1.751	0.700	-0.024	1.824	1.824	0.043	0.026	1.814	1.813	0.047
0.336	1.891	1.745	0.727	-0.024	1.824	1.824	0.043	0.026	1.818	1.817	0.048
0.340	1.883	1.723	0.760	-0.024	1.824	1.824	0.043	0.026	1.813	1.812	0.048
0.346	1.879	1.719	0.760	-0.024	1.824	1.824	0.043	0.027	1.811	1.810	0.048
0.358	1.873	1.718	0.746	-0.024	1.824	1.824	0.043	0.027	1.806	1.805	0.048
0.372	1.875	1.717	0.753	-0.026	1.824	1.824	0.047	0.028	1.808	1.807	0.051
0.385	1.880	1.700	0.801	-0.026	1.825	1.824	0.047	0.029	1.812	1.811	0.052
0.395	1.888	1.749	0.710	-0.026	1.825	1.824	0.047	0.028	1.816	1.815	0.051
0.396	1.896	1.769	0.680	-0.026	1.825	1.824	0.047	0.028	1.820	1.819	0.051
0.394	1.895	1.790	0.620	-0.026	1.825	1.824	0.047	0.027	1.819	1.818	0.050
0.382	1.896	1.796	0.609	-0.026	1.825	1.824	0.047	0.027	1.820	1.819	0.050
0.375	1.890	1.773	0.655	-0.026	1.825	1.824	0.047	0.028	1.817	1.816	0.050
0.371	1.896	1.780	0.652	-0.026	1.825	1.824	0.047	0.027	1.820	1.819	0.050
0.359	1.894	1.754	0.714	-0.026	1.825	1.824	0.047	0.028	1.820	1.819	0.051
0.351	1.893	1.801	0.584	-0.026	1.825	1.824	0.047	0.028	1.818	1.817	0.050
0.342	1.892	1.805	0.565	-0.026	1.825	1.824	0.047	0.027	1.816	1.815	0.049
0.335	1.893	1.805	0.569	-0.026	1.825	1.824	0.047	0.027	1.817	1.816	0.049
0.329	1.903	1.833	0.511	-0.026	1.825	1.825	0.048	0.027	1.824	1.823	0.049
0.326	1.903	1.813	0.577	-0.026	1.825	1.825	0.048	0.027	1.824	1.823	0.050
0.322	1.901	1.811	0.579	-0.026	1.825	1.825	0.048	0.027	1.823	1.822	0.050
0.324	1.899	1.779	0.666	-0.026	1.825	1.825	0.047	0.028	1.823	1.822	0.051
0.334	1.887	1.714	0.787	-0.026	1.825	1.825	0.047	0.029	1.816	1.815	0.052
0.340	1.884	1.740	0.722	-0.026	1.825	1.825	0.047	0.028	1.814	1.813	0.051
0.341	1.880	1.790	0.574	-0.026	1.825	1.825	0.047	0.027	1.809	1.808	0.049
0.340	1.883	1.817	0.492	-0.026	1.825	1.825	0.047	0.027	1.810	1.809	0.048
0.339	1.879	1.797	0.550	-0.026	1.825	1.825	0.047	0.027	1.808	1.807	0.049
0.339	1.878	1.804	0.521	-0.026	1.825	1.825	0.047	0.027	1.807	1.806	0.049
0.342	1.889	1.783	0.626	-0.026	1.825	1.825	0.047	0.028	1.816	1.815	0.050
0.343	1.896	1.820	0.532	-0.026	1.825	1.825	0.047	0.027	1.819	1.818	0.049
0.336	1.905	1.829	0.530	-0.026	1.825	1.825	0.047	0.027	1.825	1.824	0.049
0.324	1.904	1.835	0.511	-0.026	1.825	1.825	0.047	0.027	1.825	1.824	0.049
0.307	1.886	1.815	0.512	-0.026	1.825	1.825	0.047	0.027	1.812	1.811	0.049
0.290	1.878	1.775	0.615	-0.026	1.824	1.823	0.047	0.027	1.808	1.807	0.049
0.295	1.884	1.759	0.674	-0.024	1.824	1.823	0.043	0.026	1.812	1.811	0.047
0.304	1.887	1.747	0.711	-0.024	1.824	1.823	0.043	0.026	1.815	1.814	0.047
0.312	1.896	1.763	0.698	-0.024	1.824	1.823	0.043	0.026	1.821	1.820	0.047
0.320	1.901	1.742	0.762	-0.024	1.824	1.823	0.043	0.026	1.826	1.825	0.048
0.329	1.900	1.755	0.727	-0.024	1.824	1.823	0.043	0.026	1.824	1.823	0.048
0.345	1.889	1.707	0.809	-0.024	1.824	1.823	0.043	0.027	1.818	1.817	0.049
0.362	1.883	1.682	0.845	-0.024	1.824	1.823	0.043	0.027	1.814	1.813	0.049
0.380	1.890	1.702	0.821	-0.024	1.824	1.823	0.043	0.027	1.819	1.818	0.049
0.398	1.895	1.728	0.776	-0.024	1.824	1.823	0.043	0.026	1.821	1.820	0.048
0.410	1.896	1.713	0.812	-0.024	1.824	1.823	0.043	0.027	1.823	1.822	0.049
0.421	1.890	1.725	0.770	-0.024	1.824	1.823	0.043	0.026	1.817	1.816	0.048
0.421	1.892	1.799	0.584	-0.024	1.824	1.823	0.043	0.025	1.816	1.815	0.046
0.416	1.889	1.779	0.636	-0.024	1.824	1.823	0.043	0.025	1.816	1.815	0.046
0.407	1.893	1.799	0.587	-0.024	1.824	1.823	0.043	0.025	1.817	1.816	0.046
0.396	1.881	1.765	0.649	-0.024	1.824	1.823	0.043	0.026	1.810	1.809	0.047
0.386	1.882	1.767	0.646	-0.024	1.824	1.823	0.043	0.026	1.810	1.809	0.047
0.375	1.892	1.784	0.627	-0.024	1.823	1.823	0.043	0.025	1.817	1.816	0.046
0.364	1.882	1.768	0.645	-0.024	1.823	1.823	0.043	0.026	1.811	1.810	0.047
0.355	1.884	1.779	0.620	-0.024	1.823	1.823	0.043	0.025	1.812	1.811	0.046
0.346	1.878	1.780	0.597	-0.024	1.823	1.823	0.043	0.025	1.807	1.806	0.046
0.337	1.868	1.784	0.553	-0.024	1.823	1.823	0.043	0.025	1.800	1.799	0.045
0.331	1.874	1.789	0.561	-0.024	1.823	1.823	0.043	0.025	1.805	1.804	0.045
0.324	1.890	1.822	0.500	-0.024	1.823	1.823	0.043	0.025	1.814	1.813	0.045
0.318	1.889	1.810	0.541	-0.024	1.823	1.823	0.043	0.025	1.814	1.813	0.045
0.317	1.871	1.763	0.627	-0.024	1.823	1.823	0.043	0.026	1.803	1.802	0.046
0.322	1.857	1.708	0.727	-0.024	1.823	1.823	0.043	0.026	1.795	1.794	0.047
0.332	1.861	1.683	0.795	-0.024	1.810	1.809	0.043	0.027	1.795	1.794	0.048
0.343	1.866	1.670	0.833	-0.024	1.810	1.809	0.043	0.027	1.799	1.798	0.049
0.347	1.883	1.755	0.681	-0.024	1.810	1.809	0.043	0.026	1.807	1.806	0.047
0.347	1.893	1.797	0.596	-0.024	1.810	1.809	0.043	0.025	1.813	1.812	0.046
0.348	1.878	1.795	0.552	-0.024	1.798	1.797	0.043	0.026	1.799	1.798	0.046
0.347	1.879	1.785	0.585	-0.024	1.798	1.797	0.043	0.026	1.799	1.798	0.046
0.354	1.877	1.759	0.655	-0.024	1.798	1.797	0.043	0.026	1.799	1.798	0.047
0.356	1.882	1.791	0.577	-0.024	1.798	1.797	0.043	0.026	1.801	1.800	0.046
0.345	1.873	1.809	0.485	-0.024	1.798	1.797	0.043	0.025	1.794	1.793	0.045
0.328	1.863	1.781	0.548	-0.024	1.798	1.797	0.043	0.025	1.789	1.788	0.045
0.316	1.870	1.768	0.606	-0.024	1.798	1.797	0.043	0.026	1.793	1.792	0.046
0.311	1.876	1.768	0.626	-0.024	1.798	1.797	0.043	0.026	1.798	1.797	0.046
0.311	1.870	1.778	0.578	-0.024	1.798	1.797	0.043	0.026	1.793	1.792	0.046
0.309	1.878	1.822	0.454	-0.024	1.798	1.797	0.043	0.025	1.797	1.796	0.045
0.307	1.875	1.804	0.509	-0.024	1.798	1.797	0.043	0.025	1.796	1.795	0.045
0.305	1.871	1.758	0.641	-0.024	1.798	1.797	0.043	0.026	1.795	1.794	0.047
0.309	1.871	1.733	0.704	-0.024	1.798	1.797	0.043	0.026	1.796	1.795	0.047
0.319	1.872	1.747	0.674	-0.026	1.798	1.797	0.047	0.028	1.796	1.795	0.050
0.330	1.868	1.736	0.691	-0.026	1.798	1.797	0.047	0.028	1.794	1.793	0.051
0.335	1.877	1.776	0.607	-0.026	1.798	1.797	0.047	0.028	1.798	1.797	0.050
0.337	1.885	1.746	0.710	-0.026	1.799	1.798	0.048	0.028	1.806	1.805	0.051
0.342	1.882	1.752	0.685	-0.026	1.799	1.798	0.048	0.028	1.803	1.802	0.051
0.350	1.885	1.768	0.654	-0.026	1.799	1.798	0.048	0.028	1.805	1.804	0.051
0.354	1.891	1.794	0.597	-0.026	1.799	1.798	0.048	0.028	1.808	1.807	0.050
0.353	1.891	1.810	0.545	-0.026	1.799	1.798	0.048	0.028	1.807	1.806	0.050
0.349	1.888	1.780	0.628	-0.026	1.799	1.798	0.048	0.028	1.806	1.805	0.050
0.346	1.883	1.744	0.709	-0.026	1.799	1.798	0.048	0.028	1.804	1.803	0.051
0.344	1.885	1.767	0.655	-0.026	1.799	1.798	0.048	0.028	1.805	1.804	0.051
0.346	1.890	1.786	0.616	-0.026	1.799	1.798	0.048	0.028	1.807	1.806	0.050
0.337	1.876	1.797	0.535	-0.026	1.799	1.798	0.048	0.028	1.803	1.802	0.050
0.330	1.871	1.796	0.525	-0.026	1.799	1.798	0.048	0.027	1.794	1.793	0.049
0.329	1.873	1.746	0.677	-0.026	1.812	1.812	0.048	0.028	1.801	1.800	0.051
0.333	1.878	1.754	0.672	-0.026	1.812	1.812	0.048	0.028	1.805	1.804	0.051
0.336	1.872	1.772	0.602	-0.026	1.812	1.812	0.048	0.028	1.799	1.798	0.050
0.334	1.872	1.787	0.557	-0.026	1.812	1.812	0.048	0.028	1.799	1.798	0.050
0.325	1.868	1.791	0.527	-0.026	1.812	1.812	0.048	0.027	1.795	1.794	0.049
0.320	1.871	1.778	0.584	-0.026	1.812	1.812	0.048	0.028	1.799	1.798	0.050
0.314	1.873	1.771	0.608	-0.026	1.812	1.812	0.048	0.028	1.800	1.799	0.050
0.317	1.885	1.785	0.606	-0.026	1.812	1.812	0.048	0.028	1.809	1.808	0.050
0.322	1.892	1.804	0.570	-0.026	1.812	1.812	0.048	0.028	1.813	1.812	0.050
0.325	1.883	1.777	0.623	-0.026	1.812	1.812	0.048	0.028	1.807	1.806	0.051
0.325	1.894	1.788	0.625	-0.026	1.812	1.812	0.048	0.028	1.815	1.814	0.051
0.325	1.902	1.807	0.593	-0.026	1.812	1.812	0.048	0.027	1.820	1.819	0.050
0.325	1.912	1.818	0.594	-0.026	1.812	1.812	0.048	0.028	1.827	1.826	0.051
0.328	1.902	1.817	0.562	-0.026	1.812	1.812	0.048	0.027	1.819	1.818	0.050
0.326	1.887	1.801	0.563	-0.026	1.812	1.812	0.048	0.028	1.809	1.808	0.050
0.322	1.872	1.814	0.465	-0.026	1.799	1.798	0.048	0.027	1.794	1.793	0.048
0.312	1.862	1.805	0.457	-0.026	1.799	1.798	0.048	0.027	1.787	1.786	0.048
0.307	1.860	1.765	0.586	-0.026	1.799	1.798	0.048	0.028	1.787	1.786	0.050
0.304	1.862	1.774	0.564	-0.026	1.799	1.798	0.048	0.027	1.788	1.787	0.049
0.302	1.865	1.760	0.617	-0.026	1.799	1.798	0.048	0.028	1.791	1.790	0.050
0.300	1.874	1.776	0.599	-0.026	1.799	1.798	0.048	0.028	1.792	1.791	0.050
0.337	1.880	1.774	0.622	-0.026	1.799	1.798	0.048	0.028	1.797	1.796	0.050
0.337	1.880	1.774	0.622	-0.026	1.799	1.798	0.048	0.028	1.801	1.800	0.050
0.338	1.881	1.773	0.627	-0.026	1.799	1.798	0.047	0.028	1.802	1.801	0.050
0.350	1.866	1.726	0.708	-0.026	1.799	1.798	0.047	0.028	1.798	1.797	0.051
0.354	1.873	1.781	0.581	-0.026	1.799	1.798	0.047	0.027	1.796	1.795	0.049
0.352	1.878	1.792	0.562	-0.024	1.798	1.798	0.043	0.026	1.799	1.798	0.046
0.346	1.894	1.828	0.496	-0.024	1.798	1.798	0.043	0.025	1.809	1.808	0.045
0.338	1.889	1.803	0.563	-0.024	1.798	1.798	0.043	0.025	1.806	1.805	0.046
0.336	1.884	1.756	0.680	-0.024	1.798	1.798	0.043	0.026	1.804	1.803	0.047
0.339	1.861	1.771	0.572	-0.024	1.798	1.798	0.043	0.026	1.796	1.795	0.047
0.336	1.870	1.774	0.590	-0.024	1.798	1.798	0.043	0.026	1.794	1.793	0.046
0.330	1.885	1.796	0.571	-0.024	1.798	1.798	0.043	0.026	1.803	1.802	0.046
0.326	1.880	1.732	0.730	-0.024	1.798	1.798	0.043	0.026	1.800	1.799	0.047
0.336	1.869	1.699	0.779	-0.024	1.798	1.798	0.043	0.027	1.796	1.795	0.048
0.347	1.852	1.705	0.724	-0.024	1.798	1.798	0.043	0.026	1.784	1.783	0.047
0.356	1.851	1.693	0.748	-0.024	1.797	1.797	0.043	0.027	1.783	1.782	0.048
0.365	1.844	1.660	0.802	-0.024	1.797	1.797	0.043	0.027	1.779	1.778	0.048
0.374	1.850	1.664	0.808	-0.024	1.797	1.797	0.043	0.027	1.783	1.782	0.048
0.388	1.867	1.633	0.904	-0.024	1.797	1.797	0.043	0.533	1.725	1.486	0.876
0.405	1.879	1.704	0.792	-0.024	1.797	1.797	0.043	0.027	1.803	1.802	0.049
0.419	1.885	1.701	0.813	-0.024	1.797	1.796	0.043	0.027	1.807	1.806	0.049
0.427	1.876	1.742	0.696	-0.024	1.797	1.796	0.043	0.026	1.799	1.798	0.047
