phi_u	d_u	x_u	y_u	phi_v	d_v	x_v	y_v	phi_f	d_f	x_f	y_f
0.720	1.917	1.447	1.256	0.606	1.821	1.497	1.037	0.564	1.838	1.554	0.982
0.707	1.912	1.426	1.274	0.606	1.821	1.497	1.037	0.564	1.836	1.552	0.981
0.703	1.910	1.426	1.270	0.606	1.821	1.497	1.037	0.564	1.834	1.550	0.980
0.708	1.905	1.404	1.287	0.606	1.821	1.497	1.037	0.564	1.832	1.548	0.979
0.723	1.903	1.395	1.295	0.606	1.820	1.497	1.036	0.564	1.831	1.547	0.979
0.744	1.897	1.273	1.406	0.606	1.820	1.496	1.036	0.565	1.830	1.546	0.980
0.777	1.900	1.255	1.427	0.606	1.820	1.496	1.036	0.566	1.827	1.542	0.979
0.784	1.901	1.339	1.350	0.606	1.820	1.496	1.036	0.565	1.831	1.547	0.980
0.789	1.908	1.317	1.380	0.606	1.820	1.496	1.036	0.565	1.836	1.551	0.983
0.796	1.908	1.255	1.436	0.606	1.820	1.496	1.036	0.566	1.838	1.552	0.985
0.810	1.916	1.237	1.463	0.606	1.820	1.496	1.036	0.566	1.845	1.558	0.989
0.826	1.915	1.208	1.486	0.606	1.820	1.496	1.036	0.566	1.845	1.558	0.989
0.845	1.914	1.170	1.515	0.606	1.820	1.496	1.036	0.566	1.846	1.558	0.990
0.866	1.912	1.096	1.567	0.606	1.820	1.496	1.036	0.567	1.848	1.559	0.992
0.875	1.914	1.238	1.460	0.606	1.820	1.496	1.036	0.565	1.844	1.557	0.988
0.873	1.914	1.352	1.355	0.605	1.818	1.496	1.034	0.563	1.839	1.555	0.982
0.867	1.915	1.343	1.364	0.605	1.818	1.496	1.034	0.564	1.840	1.555	0.983
0.857	1.918	1.369	1.343	0.603	1.817	1.496	1.031	0.562	1.840	1.557	0.981
0.851	1.922	1.398	1.320	0.603	1.817	1.496	1.031	0.562	1.842	1.559	0.982
0.839	1.918	1.330	1.382	0.603	1.817	1.496	1.031	0.563	1.842	1.558	0.983
0.828	1.904	1.300	1.391	0.603	1.798	1.481	1.020	0.562	1.827	1.546	0.974
0.819	1.919	1.305	1.407	0.603	1.798	1.481	1.020	0.562	1.838	1.555	0.979
0.804	1.928	1.333	1.393	0.603	1.798	1.481	1.020	0.562	1.843	1.560	0.982
0.791	1.937	1.424	1.313	0.603	1.798	1.481	1.020	0.561	1.846	1.563	0.982
0.783	1.932	1.386	1.345	0.603	1.798	1.481	1.020	0.562	1.843	1.560	0.982
0.799	1.913	1.213	1.479	0.603	1.798	1.481	1.020	0.562	1.845	1.561	0.983
0.799	1.913	1.213	1.479	0.603	1.798	1.481	1.020	0.563	1.837	1.554	0.980
0.812	1.912	1.215	1.476	0.603	1.798	1.481	1.020	0.562	1.836	1.553	0.979
0.838	1.916	1.156	1.527	0.603	1.798	1.481	1.020	0.563	1.840	1.556	0.983
0.846	1.913	1.210	1.482	0.603	1.779	1.466	1.009	0.562	1.832	1.550	0.976
0.852	1.908	1.222	1.464	0.603	1.779	1.466	1.009	0.562	1.827	1.546	0.973
0.861	1.912	1.252	1.445	0.603	1.779	1.466	1.009	0.562	1.829	1.548	0.974
0.875	1.898	1.182	1.485	0.603	1.779	1.466	1.009	0.562	1.821	1.541	0.971
0.883	1.908	1.235	1.453	0.603	1.779	1.466	1.009	0.562	1.826	1.545	0.973
0.889	1.907	1.215	1.470	0.604	1.772	1.459	1.006	0.563	1.824	1.543	0.973
0.891	1.913	1.288	1.415	0.604	1.772	1.459	1.006	0.562	1.826	1.545	0.974
0.883	1.918	1.301	1.409	0.604	1.772	1.459	1.006	0.562	1.829	1.547	0.975
0.880	1.903	1.183	1.490	0.604	1.772	1.459	1.006	0.563	1.822	1.541	0.973
0.882	1.905	1.102	1.553	0.604	1.772	1.459	1.006	0.564	1.827	1.544	0.976
0.885	1.915	1.183	1.505	0.604	1.772	1.459	1.006	0.563	1.831	1.548	0.977
0.878	1.930	1.367	1.362	0.604	1.772	1.459	1.006	0.562	1.835	1.553	0.977
0.863	1.934	1.487	1.236	0.604	1.772	1.459	1.006	0.561	1.833	1.552	0.975
0.845	1.935	1.482	1.244	0.604	1.772	1.459	1.006	0.561	1.834	1.553	0.976
0.823	1.932	1.545	1.160	0.604	1.772	1.459	1.006	0.560	1.830	1.550	0.972
0.800	1.928	1.540	1.159	0.604	1.763	1.452	1.001	0.560	1.825	1.546	0.969
0.786	1.919	1.470	1.233	0.604	1.763	1.452	1.001	0.561	1.821	1.542	0.968
0.774	1.913	1.388	1.317	0.602	1.762	1.451	0.998	0.560	1.819	1.541	0.966
0.765	1.917	1.330	1.381	0.602	1.762	1.451	0.998	0.561	1.824	1.545	0.970
0.744	1.912	1.448	1.249	0.602	1.762	1.451	0.998	0.560	1.816	1.539	0.964
0.710	1.909	1.477	1.209	0.602	1.761	1.451	0.998	0.559	1.813	1.537	0.961
0.710	1.899	1.348	1.337	0.602	1.761	1.451	0.998	0.560	1.811	1.534	0.962
0.720	1.892	1.286	1.387	0.602	1.761	1.451	0.998	0.561	1.808	1.531	0.961
0.735	1.895	1.315	1.364	0.602	1.761	1.451	0.998	0.560	1.808	1.532	0.961
0.755	1.904	1.280	1.409	0.602	1.761	1.451	0.998	0.561	1.816	1.538	0.966
0.771	1.903	1.206	1.471	0.602	1.761	1.451	0.998	0.561	1.818	1.539	0.968
0.782	1.911	1.264	1.432	0.602	1.761	1.451	0.998	0.561	1.821	1.542	0.969
0.807	1.920	1.202	1.496	0.602	1.761	1.451	0.998	0.562	1.824	1.544	0.972
0.807	1.920	1.202	1.496	0.602	1.761	1.451	0.998	0.562	1.824	1.544	0.972
0.825	1.934	1.318	1.415	0.602	1.761	1.451	0.998	0.561	1.836	1.555	0.976
0.840	1.929	1.304	1.421	0.602	1.761	1.451	0.998	0.561	1.833	1.552	0.975
0.845	1.923	1.328	1.391	0.602	1.761	1.451	0.998	0.561	1.828	1.548	0.972
0.837	1.922	1.366	1.351	0.602	1.761	1.451	0.998	0.560	1.825	1.546	0.970
0.836	1.911	1.246	1.449	0.602	1.761	1.451	0.998	0.561	1.823	1.543	0.970
0.840	1.908	1.190	1.491	0.603	1.745	1.437	0.990	0.562	1.817	1.538	0.968
0.842	1.905	1.258	1.430	0.603	1.745	1.437	0.990	0.562	1.812	1.534	0.965
0.833	1.915	1.336	1.371	0.603	1.745	1.437	0.990	0.561	1.816	1.538	0.966
0.821	1.926	1.395	1.328	0.603	1.726	1.422	0.979	0.559	1.817	1.540	0.964
0.812	1.929	1.422	1.303	0.603	1.726	1.422	0.979	0.559	1.818	1.541	0.964
0.805	1.918	1.334	1.377	0.603	1.726	1.422	0.979	0.560	1.813	1.536	0.963
0.806	1.908	1.323	1.374	0.603	1.726	1.422	0.979	0.560	1.806	1.530	0.959
0.814	1.905	1.264	1.425	0.603	1.726	1.422	0.979	0.560	1.806	1.530	0.960
0.822	1.896	1.210	1.460	0.603	1.726	1.422	0.979	0.561	1.802	1.526	0.959
0.820	1.902	1.302	1.387	0.603	1.726	1.422	0.979	0.560	1.803	1.528	0.958
0.816	1.897	1.310	1.372	0.603	1.726	1.422	0.979	0.560	1.799	1.524	0.956
0.818	1.915	1.348	1.360	0.603	1.726	1.422	0.979	0.560	1.810	1.534	0.961
0.823	1.915	1.351	1.357	0.603	1.726	1.422	0.979	0.560	1.810	1.534	0.961
0.829	1.906	1.284	1.408	0.603	1.726	1.422	0.979	0.560	1.806	1.530	0.960
0.835	1.900	1.328	1.359	0.603	1.726	1.422	0.979	0.560	1.801	1.526	0.956
0.836	1.896	1.340	1.341	0.603	1.726	1.422	0.979	0.560	1.797	1.523	0.954
0.827	1.899	1.351	1.334	0.603	1.726	1.422	0.979	0.560	1.798	1.524	0.955
0.820	1.909	1.389	1.310	0.603	1.726	1.422	0.979	0.559	1.805	1.530	0.958
0.815	1.910	1.286	1.412	0.603	1.726	1.422	0.979	0.560	1.809	1.533	0.961
0.817	1.896	1.235	1.438	0.603	1.726	1.422	0.979	0.561	1.801	1.525	0.958
0.815	1.902	1.340	1.350	0.603	1.726	1.422	0.979	0.560	1.802	1.527	0.957
0.813	1.896	1.355	1.327	0.603	1.726	1.422	0.979	0.560	1.797	1.523	0.954
0.814	1.896	1.286	1.393	0.603	1.726	1.422	0.979	0.560	1.799	1.524	0.956
0.811	1.898	1.308	1.375	0.603	1.726	1.422	0.979	0.560	1.800	1.525	0.956
0.806	1.906	1.396	1.297	0.603	1.726	1.422	0.979	0.559	1.802	1.527	0.956
0.805	1.912	1.443	1.254	0.603	1.726	1.422	0.979	0.559	1.805	1.530	0.957
0.799	1.910	1.412	1.285	0.603	1.726	1.422	0.979	0.559	1.804	1.529	0.957
0.792	1.912	1.394	1.309	0.603	1.726	1.422	0.979	0.560	1.807	1.531	0.959
0.780	1.918	1.423	1.285	0.603	1.726	1.422	0.979	0.559	1.810	1.534	0.960
0.775	1.914	1.317	1.389	0.603	1.726	1.422	0.979	0.560	1.811	1.534	0.962
0.775	1.906	1.316	1.379	0.603	1.726	1.422	0.979	0.560	1.806	1.530	0.959
0.775	1.895	1.304	1.375	0.603	1.726	1.422	0.979	0.560	1.798	1.523	0.955
0.775	1.882	1.334	1.328	0.603	1.726	1.422	0.979	0.560	1.788	1.515	0.949
0.779	1.893	1.320	1.357	0.603	1.726	1.422	0.979	0.560	1.796	1.522	0.954
0.781	1.901	1.291	1.395	0.603	1.726	1.422	0.979	0.560	1.803	1.527	0.958
0.791	1.901	1.333	1.355	0.603	1.726	1.422	0.979	0.560	1.801	1.526	0.956
0.798	1.908	1.304	1.393	0.604	1.728	1.423	0.982	0.561	1.808	1.531	0.962
0.811	1.902	1.197	1.478	0.604	1.728	1.423	0.982	0.562	1.807	1.529	0.963
0.821	1.894	1.201	1.465	0.604	1.729	1.423	0.982	0.562	1.802	1.525	0.960
0.825	1.896	1.254	1.423	0.604	1.729	1.423	0.982	0.562	1.802	1.525	0.960
0.830	1.895	1.280	1.397	0.604	1.729	1.423	0.982	0.561	1.799	1.523	0.958
0.830	1.902	1.304	1.385	0.604	1.729	1.423	0.982	0.561	1.804	1.527	0.960
0.827	1.910	1.321	1.379	0.604	1.729	1.423	0.982	0.561	1.808	1.531	0.962
0.806	1.894	1.438	1.233	0.604	1.729	1.423	0.982	0.560	1.798	1.523	0.955
0.806	1.894	1.438	1.233	0.604	1.729	1.423	0.982	0.560	1.793	1.519	0.953
0.795	1.899	1.410	1.271	0.604	1.729	1.423	0.982	0.560	1.797	1.522	0.955
0.781	1.905	1.405	1.286	0.604	1.729	1.423	0.982	0.561	1.802	1.526	0.958
0.768	1.907	1.387	1.309	0.604	1.729	1.423	0.982	0.560	1.804	1.528	0.959
0.759	1.911	1.348	1.354	0.606	1.733	1.424	0.988	0.563	1.809	1.530	0.966
0.751	1.906	1.348	1.347	0.606	1.733	1.424	0.988	0.563	1.806	1.527	0.964
0.749	1.898	1.325	1.359	0.606	1.734	1.424	0.988	0.563	1.801	1.523	0.962
0.749	1.903	1.355	1.336	0.606	1.734	1.424	0.988	0.563	1.804	1.525	0.963
0.755	1.904	1.323	1.369	0.606	1.734	1.424	0.988	0.563	1.806	1.527	0.964
0.768	1.903	1.237	1.446	0.606	1.734	1.424	0.988	0.564	1.808	1.528	0.967
0.788	1.899	1.406	1.277	0.606	1.734	1.424	0.988	0.563	1.799	1.521	0.960
0.786	1.892	1.407	1.265	0.606	1.734	1.424	0.988	0.562	1.794	1.518	0.957
0.785	1.894	1.327	1.351	0.606	1.734	1.424	0.988	0.563	1.799	1.521	0.960
0.788	1.886	1.258	1.405	0.606	1.734	1.424	0.988	0.564	1.796	1.518	0.960
0.789	1.877	1.279	1.374	0.606	1.734	1.424	0.988	0.564	1.789	1.512	0.956
0.789	1.885	1.305	1.360	0.606	1.734	1.424	0.988	0.564	1.793	1.516	0.958
0.784	1.884	1.411	1.248	0.606	1.734	1.424	0.988	0.563	1.789	1.513	0.954
0.775	1.897	1.350	1.332	0.606	1.734	1.424	0.988	0.563	1.800	1.522	0.961
0.766	1.897	1.323	1.360	0.606	1.734	1.425	0.989	0.563	1.801	1.523	0.962
0.765	1.895	1.400	1.276	0.606	1.734	1.425	0.989	0.563	1.796	1.519	0.958
0.774	1.905	1.349	1.345	0.607	1.751	1.439	0.999	0.564	1.811	1.530	0.968
0.784	1.910	1.216	1.472	0.607	1.751	1.439	0.999	0.565	1.819	1.536	0.974
0.787	1.919	1.325	1.388	0.607	1.751	1.439	0.999	0.564	1.822	1.540	0.974
0.783	1.914	1.461	1.236	0.606	1.734	1.425	0.989	0.563	1.808	1.529	0.964
0.776	1.909	1.446	1.245	0.606	1.734	1.425	0.989	0.562	1.805	1.527	0.962
0.771	1.908	1.415	1.279	0.606	1.734	1.425	0.989	0.563	1.805	1.527	0.963
0.779	1.902	1.308	1.381	0.606	1.734	1.425	0.989	0.563	1.805	1.526	0.964
0.780	1.907	1.326	1.369	0.606	1.734	1.425	0.989	0.563	1.807	1.528	0.965
0.782	1.898	1.319	1.364	0.606	1.734	1.425	0.989	0.563	1.801	1.523	0.962
0.762	1.896	1.345	1.336	0.606	1.734	1.425	0.989	0.563	1.803	1.525	0.962
0.767	1.894	1.275	1.400	0.606	1.734	1.425	0.989	0.564	1.801	1.522	0.962
0.778	1.895	1.280	1.396	0.606	1.734	1.425	0.989	0.564	1.801	1.522	0.962
0.791	1.902	1.269	1.417	0.604	1.731	1.424	0.983	0.562	1.806	1.528	0.962
0.803	1.905	1.234	1.452	0.604	1.731	1.424	0.983	0.562	1.809	1.531	0.964
0.817	1.905	1.204	1.475	0.604	1.731	1.424	0.983	0.562	1.809	1.531	0.964
0.833	1.898	1.042	1.586	0.604	1.730	1.424	0.982	0.563	1.811	1.531	0.967
0.857	1.890	1.034	1.582	0.604	1.730	1.424	0.982	0.563	1.806	1.527	0.964
0.876	1.880	1.101	1.523	0.604	1.730	1.424	0.982	0.563	1.796	1.519	0.958
0.891	1.882	1.222	1.431	0.604	1.730	1.424	0.982	0.562	1.793	1.517	0.955
0.894	1.916	1.410	1.297	0.604	1.730	1.424	0.982	0.561	1.800	1.524	0.958
0.889	1.916	1.325	1.383	0.604	1.730	1.424	0.982	0.561	1.813	1.535	0.965
0.884	1.918	1.395	1.316	0.604	1.730	1.424	0.982	0.560	1.812	1.535	0.963
0.873	1.913	1.340	1.365	0.604	1.730	1.424	0.982	0.561	1.810	1.533	0.963
0.858	1.901	1.336	1.351	0.604	1.730	1.424	0.982	0.561	1.801	1.525	0.958
0.834	1.899	1.486	1.183	0.604	1.730	1.424	0.982	0.559	1.796	1.522	0.953
0.803	1.894	1.401	1.274	0.604	1.730	1.424	0.982	0.560	1.795	1.520	0.954
0.775	1.888	1.429	1.234	0.604	1.730	1.424	0.982	0.560	1.790	1.516	0.951
0.757	1.901	1.427	1.256	0.604	1.729	1.423	0.982	0.560	1.799	1.524	0.956
0.748	1.910	1.376	1.325	0.604	1.729	1.423	0.982	0.561	1.807	1.530	0.961
0.748	1.932	1.403	1.327	0.604	1.729	1.423	0.982	0.560	1.813	1.536	0.963
0.746	1.914	1.380	1.325	0.604	1.729	1.423	0.982	0.560	1.808	1.532	0.961
0.750	1.906	1.316	1.378	0.603	1.728	1.423	0.979	0.561	1.806	1.529	0.961
0.753	1.899	1.312	1.373	0.603	1.728	1.423	0.979	0.560	1.801	1.526	0.957
0.760	1.899	1.360	1.324	0.603	1.728	1.423	0.979	0.560	1.798	1.524	0.955
0.769	1.879	1.251	1.402	0.603	1.728	1.423	0.979	0.560	1.790	1.516	0.951
0.782	1.875	1.238	1.408	0.603	1.728	1.423	0.979	0.561	1.787	1.513	0.950
0.802	1.864	1.104	1.502	0.603	1.728	1.423	0.979	0.562	1.784	1.510	0.950
0.826	1.864	1.017	1.562	0.603	1.728	1.423	0.979	0.562	1.787	1.512	0.952
0.838	1.883	1.273	1.386	0.603	1.728	1.423	0.979	0.560	1.790	1.517	0.951
0.845	1.880	1.267	1.388	0.603	1.728	1.423	0.979	0.561	1.789	1.515	0.951
0.854	1.892	1.161	1.495	0.603	1.728	1.423	0.979	0.561	1.802	1.526	0.959
0.868	1.887	1.100	1.533	0.603	1.728	1.423	0.979	0.562	1.801	1.524	0.959
0.876	1.901	1.265	1.419	0.603	1.719	1.416	0.975	0.560	1.801	1.526	0.957
0.878	1.899	1.347	1.339	0.603	1.719	1.416	0.975	0.560	1.797	1.523	0.954
0.877	1.888	1.262	1.403	0.603	1.719	1.416	0.975	0.560	1.792	1.518	0.952
0.869	1.884	1.255	1.405	0.603	1.719	1.416	0.975	0.560	1.790	1.516	0.951
0.857	1.862	1.191	1.432	0.604	1.712	1.409	0.972	0.561	1.775	1.503	0.944
0.853	1.862	1.251	1.379	0.604	1.712	1.409	0.972	0.560	1.772	1.501	0.942
0.853	1.871	1.286	1.360	0.604	1.712	1.409	0.972	0.560	1.778	1.506	0.945
0.854	1.885	1.261	1.401	0.604	1.712	1.409	0.972	0.561	1.788	1.514	0.951
0.847	1.894	1.282	1.394	0.604	1.712	1.409	0.972	0.561	1.794	1.519	0.954
0.833	1.898	1.376	1.307	0.604	1.712	1.409	0.972	0.560	1.793	1.519	0.952
0.824	1.893	1.239	1.431	0.604	1.712	1.409	0.972	0.560	1.795	1.520	0.954
0.830	1.892	1.193	1.468	0.604	1.712	1.409	0.972	0.561	1.795	1.520	0.955
0.842	1.886	1.127	1.512	0.604	1.712	1.409	0.972	0.562	1.793	1.518	0.955
0.853	1.883	1.231	1.424	0.604	1.712	1.409	0.972	0.561	1.786	1.512	0.951
0.853	1.883	1.231	1.424	0.604	1.712	1.409	0.972	0.561	1.787	1.513	0.951
0.856	1.886	1.303	1.364	0.604	1.712	1.409	0.972	0.560	1.787	1.514	0.950
0.854	1.883	1.332	1.331	0.604	1.712	1.409	0.972	0.560	1.784	1.511	0.948
0.848	1.885	1.417	1.242	0.604	1.712	1.409	0.972	0.559	1.781	1.510	0.945
0.837	1.878	1.450	1.193	0.604	1.712	1.409	0.972	0.559	1.775	1.505	0.942
0.822	1.884	1.510	1.126	0.604	1.712	1.409	0.972	0.558	1.778	1.508	0.942
0.809	1.878	1.470	1.169	0.604	1.720	1.416	0.977	0.559	1.778	1.507	0.943
0.793	1.882	1.395	1.263	0.604	1.720	1.416	0.977	0.560	1.783	1.511	0.947
0.774	1.881	1.351	1.309	0.604	1.720	1.416	0.977	0.560	1.785	1.512	0.948
0.757	1.896	1.288	1.392	0.604	1.720	1.416	0.977	0.561	1.797	1.522	0.956
0.749	1.903	1.438	1.246	0.604	1.720	1.416	0.977	0.560	1.796	1.522	0.954
0.742	1.910	1.435	1.260	0.604	1.720	1.416	0.977	0.559	1.802	1.527	0.956
0.742	1.910	1.356	1.345	0.604	1.720	1.416	0.977	0.560	1.805	1.529	0.959
0.755	1.904	1.284	1.406	0.604	1.720	1.416	0.977	0.561	1.803	1.527	0.959
0.774	1.899	1.243	1.435	0.604	1.720	1.416	0.977	0.561	1.801	1.525	0.958
0.793	1.891	1.193	1.467	0.604	1.720	1.416	0.977	0.562	1.797	1.521	0.957
0.811	1.889	1.207	1.453	0.604	1.728	1.423	0.982	0.562	1.798	1.522	0.958
0.823	1.886	1.217	1.440	0.604	1.728	1.423	0.982	0.562	1.795	1.519	0.956
0.820	1.885	1.334	1.331	0.604	1.729	1.423	0.982	0.561	1.790	1.516	0.952
0.821	1.877	1.232	1.416	0.604	1.729	1.423	0.982	0.560	1.787	1.514	0.950
0.840	1.868	1.043	1.549	0.604	1.729	1.423	0.982	0.563	1.789	1.513	0.955
0.862	1.866	1.029	1.556	0.604	1.729	1.423	0.982	0.563	1.788	1.512	0.955
0.872	1.884	1.244	1.415	0.604	1.729	1.423	0.982	0.562	1.785	1.511	0.951
0.869	1.884	1.263	1.397	0.604	1.729	1.423	0.982	0.561	1.792	1.517	0.954
0.865	1.884	1.181	1.468	0.604	1.729	1.423	0.982	0.562	1.795	1.519	0.957
0.868	1.895	1.258	1.417	0.604	1.729	1.423	0.982	0.562	1.801	1.524	0.959
0.873	1.886	1.186	1.465	0.604	1.729	1.423	0.982	0.562	1.796	1.520	0.957
0.883	1.900	1.222	1.454	0.604	1.729	1.423	0.982	0.562	1.804	1.527	0.961
0.872	1.900	1.258	1.424	0.604	1.729	1.423	0.982	0.562	1.804	1.527	0.961
0.854	1.908	1.364	1.334	0.604	1.729	1.423	0.982	0.561	1.805	1.529	0.960
0.846	1.905	1.263	1.425	0.604	1.729	1.423	0.982	0.562	1.806	1.529	0.962
0.845	1.900	1.226	1.452	0.604	1.729	1.423	0.982	0.562	1.806	1.528	0.962
0.843	1.894	1.178	1.482	0.604	1.729	1.423	0.982	0.561	1.804	1.527	0.960
0.841	1.885	1.227	1.431	0.604	1.729	1.423	0.982	0.562	1.802	1.525	0.960
0.841	1.885	1.227	1.431	0.604	1.729	1.423	0.982	0.562	1.802	1.525	0.960
0.837	1.881	1.263	1.394	0.604	1.729	1.423	0.982	0.561	1.791	1.516	0.953
0.829	1.881	1.318	1.342	0.604	1.729	1.423	0.982	0.561	1.788	1.514	0.951
0.824	1.890	1.440	1.224	0.604	1.728	1.423	0.982	0.560	1.790	1.517	0.951
0.817	1.891	1.398	1.273	0.604	1.728	1.423	0.982	0.560	1.792	1.518	0.952
0.805	1.908	1.425	1.268	0.604	1.728	1.423	0.982	0.560	1.803	1.527	0.958
0.795	1.906	1.397	1.295	0.604	1.728	1.423	0.982	0.560	1.803	1.527	0.958
0.791	1.910	1.339	1.362	0.604	1.728	1.423	0.982	0.561	1.808	1.531	0.962
0.783	1.905	1.366	1.328	0.604	1.728	1.423	0.982	0.561	1.803	1.527	0.959
0.767	1.911	1.491	1.195	0.604	1.728	1.423	0.982	0.560	1.803	1.528	0.957
0.748	1.906	1.510	1.163	0.604	1.728	1.423	0.982	0.559	1.799	1.525	0.955
0.739	1.895	1.458	1.211	0.604	1.728	1.423	0.982	0.560	1.793	1.519	0.952
0.741	1.892	1.331	1.344	0.604	1.728	1.423	0.982	0.561	1.795	1.520	0.955
0.747	1.894	1.294	1.382	0.604	1.728	1.423	0.982	0.561	1.798	1.522	0.957
0.748	1.899	1.384	1.300	0.604	1.729	1.423	0.982	0.561	1.798	1.523	0.956
0.743	1.899	1.458	1.216	0.604	1.729	1.423	0.982	0.560	1.795	1.521	0.953
0.737	1.897	1.431	1.246	0.604	1.729	1.423	0.982	0.560	1.795	1.521	0.954
0.732	1.901	1.368	1.320	0.604	1.729	1.423	0.982	0.560	1.800	1.525	0.957
0.735	1.909	1.358	1.341	0.604	1.729	1.423	0.982	0.561	1.807	1.530	0.961
0.751	1.905	1.270	1.420	0.604	1.729	1.423	0.982	0.561	1.807	1.530	0.962
0.766	1.907	1.264	1.428	0.604	1.729	1.423	0.982	0.561	1.809	1.531	0.963
0.769	1.906	1.349	1.347	0.604	1.729	1.423	0.982	0.561	1.805	1.529	0.960
0.761	1.913	1.440	1.259	0.604	1.729	1.423	0.982	0.560	1.806	1.530	0.960
0.753	1.913	1.494	1.195	0.604	1.729	1.423	0.982	0.560	1.804	1.529	0.958
0.752	1.902	1.427	1.257	0.604	1.729	1.423	0.982	0.560	1.803	1.527	0.958
0.752	1.902	1.427	1.257	0.604	1.729	1.423	0.982	0.560	1.799	1.524	0.956
0.753	1.897	1.383	1.298	0.604	1.729	1.423	0.982	0.560	1.797	1.522	0.955
0.752	1.888	1.321	1.348	0.604	1.729	1.423	0.982	0.561	1.793	1.518	0.954
0.745	1.897	1.404	1.276	0.604	1.728	1.423	0.982	0.560	1.797	1.522	0.955
0.736	1.893	1.301	1.375	0.604	1.728	1.423	0.982	0.561	1.797	1.522	0.956
0.737	1.906	1.308	1.386	0.604	1.728	1.423	0.982	0.561	1.806	1.529	0.961
0.751	1.887	1.208	1.450	0.604	1.728	1.423	0.982	0.562	1.797	1.521	0.957
0.775	1.882	1.158	1.483	0.604	1.728	1.423	0.982	0.562	1.794	1.518	0.957
0.801	1.887	1.314	1.354	0.604	1.728	1.423	0.982	0.561	1.792	1.517	0.954
0.801	1.887	1.314	1.354	0.604	1.728	1.423	0.982	0.561	1.793	1.518	0.954
0.803	1.905	1.444	1.242	0.604	1.728	1.423	0.982	0.560	1.800	1.525	0.956
0.802	1.896	1.377	1.303	0.604	1.728	1.423	0.982	0.560	1.797	1.522	0.955
0.806	1.891	1.284	1.388	0.604	1.728	1.423	0.982	0.561	1.796	1.521	0.956
0.822	1.897	1.284	1.396	0.604	1.728	1.423	0.982	0.561	1.800	1.524	0.958
0.822	1.903	1.359	1.331	0.604	1.728	1.423	0.982	0.561	1.802	1.526	0.958
0.815	1.896	1.293	1.386	0.604	1.728	1.423	0.982	0.561	1.799	1.523	0.958
0.803	1.895	1.287	1.391	0.604	1.728	1.423	0.982	0.561	1.799	1.523	0.958
0.802	1.898	1.206	1.465	0.604	1.728	1.423	0.982	0.562	1.804	1.527	0.961
0.809	1.887	1.193	1.462	0.604	1.728	1.423	0.982	0.562	1.798	1.521	0.958
0.821	1.880	1.250	1.404	0.604	1.728	1.423	0.982	0.562	1.790	1.515	0.953
0.830	1.874	1.265	1.382	0.604	1.728	1.423	0.982	0.561	1.785	1.511	0.950
0.831	1.882	1.329	1.332	0.604	1.728	1.422	0.981	0.561	1.788	1.514	0.951
0.828	1.898	1.362	1.322	0.604	1.728	1.422	0.981	0.561	1.798	1.523	0.956
0.818	1.911	1.447	1.248	0.604	1.727	1.422	0.981	0.560	1.804	1.529	0.958
0.803	1.909	1.443	1.249	0.604	1.727	1.421	0.981	0.560	1.803	1.527	0.958
0.798	1.901	1.355	1.334	0.604	1.727	1.421	0.981	0.561	1.801	1.525	0.958
0.788	1.894	1.345	1.334	0.604	1.727	1.421	0.981	0.561	1.796	1.521	0.955
0.779	1.890	1.329	1.343	0.604	1.727	1.421	0.981	0.561	1.794	1.519	0.954
0.773	1.895	1.298	1.381	0.604	1.727	1.421	0.981	0.561	1.799	1.523	0.957
0.769	1.907	1.350	1.346	0.604	1.727	1.421	0.981	0.561	1.805	1.528	0.960
0.767	1.918	1.390	1.321	0.604	1.727	1.421	0.981	0.561	1.811	1.534	0.963
0.764	1.922	1.427	1.287	0.604	1.727	1.421	0.981	0.560	1.812	1.535	0.963
0.759	1.908	1.462	1.226	0.604	1.727	1.421	0.981	0.560	1.801	1.526	0.957
0.754	1.902	1.531	1.129	0.604	1.727	1.421	0.981	0.559	1.794	1.521	0.952
0.750	1.894	1.411	1.263	0.604	1.727	1.421	0.981	0.560	1.793	1.519	0.953
0.749	1.893	1.374	1.303	0.604	1.727	1.421	0.981	0.560	1.795	1.520	0.954
0.755	1.892	1.343	1.333	0.604	1.727	1.421	0.981	0.560	1.795	1.520	0.954
0.747	1.903	1.411	1.276	0.604	1.726	1.421	0.981	0.560	1.798	1.523	0.955
0.741	1.905	1.443	1.243	0.604	1.726	1.421	0.981	0.560	1.800	1.525	0.956
0.741	1.891	1.328	1.346	0.604	1.726	1.421	0.981	0.561	1.794	1.519	0.954
0.755	1.873	1.187	1.448	0.604	1.726	1.421	0.981	0.562	1.787	1.512	0.952
0.775	1.880	1.180	1.463	0.604	1.726	1.421	0.981	0.562	1.792	1.516	0.955
0.793	1.895	1.269	1.407	0.604	1.726	1.421	0.981	0.561	1.799	1.523	0.958
0.799	1.899	1.329	1.356	0.604	1.726	1.421	0.981	0.561	1.800	1.524	0.957
0.793	1.894	1.327	1.351	0.604	1.726	1.421	0.981	0.561	1.796	1.521	0.956
0.793	1.890	1.342	1.331	0.604	1.726	1.421	0.981	0.561	1.794	1.519	0.954
0.795	1.888	1.285	1.384	0.604	1.726	1.421	0.981	0.561	1.794	1.519	0.955
0.803	1.896	1.328	1.354	0.604	1.726	1.421	0.981	0.561	1.799	1.523	0.957
0.808	1.892	1.269	1.402	0.604	1.726	1.421	0.981	0.561	1.796	1.521	0.956
0.803	1.892	1.339	1.337	0.604	1.727	1.421	0.981	0.561	1.795	1.520	0.955
0.791	1.897	1.415	1.263	0.604	1.727	1.421	0.981	0.560	1.795	1.521	0.954
0.777	1.899	1.428	1.251	0.604	1.727	1.421	0.981	0.560	1.796	1.522	0.954
0.773	1.892	1.349	1.326	0.604	1.726	1.421	0.981	0.561	1.794	1.519	0.954
0.774	1.889	1.361	1.310	0.604	1.726	1.421	0.981	0.561	1.792	1.517	0.953
0.772	1.891	1.380	1.292	0.604	1.726	1.421	0.981	0.561	1.792	1.518	0.953
0.768	1.894	1.436	1.236	0.604	1.726	1.421	0.981	0.560	1.793	1.519	0.952
0.763	1.899	1.477	1.193	0.604	1.726	1.421	0.981	0.560	1.794	1.520	0.953
0.753	1.903	1.465	1.214	0.604	1.726	1.421	0.981	0.560	1.797	1.523	0.954
0.734	1.899	1.443	1.234	0.604	1.726	1.421	0.981	0.560	1.795	1.521	0.954
0.733	1.894	1.387	1.289	0.604	1.726	1.421	0.981	0.561	1.794	1.519	0.954
0.737	1.883	1.289	1.373	0.604	1.718	1.414	0.976	0.561	1.788	1.514	0.951
0.742	1.886	1.274	1.390	0.604	1.718	1.414	0.976	0.561	1.790	1.516	0.952
0.744	1.891	1.319	1.355	0.604	1.710	1.408	0.971	0.560	1.790	1.516	0.951
0.745	1.891	1.341	1.332	0.604	1.710	1.408	0.971	0.560	1.788	1.515	0.950
0.744	1.899	1.414	1.267	0.604	1.710	1.408	0.971	0.560	1.791	1.518	0.951
0.748	1.895	1.377	1.302	0.604	1.710	1.408	0.971	0.560	1.790	1.517	0.951
0.757	1.915	1.446	1.254	0.604	1.710	1.408	0.971	0.560	1.798	1.523	0.955
0.757	1.915	1.446	1.254	0.604	1.710	1.408	0.971	0.560	1.801	1.526	0.956
0.760	1.919	1.339	1.374	0.604	1.710	1.408	0.971	0.560	1.803	1.528	0.957
0.768	1.905	1.207	1.474	0.604	1.710	1.408	0.971	0.561	1.804	1.527	0.960
0.779	1.896	1.124	1.527	0.604	1.710	1.408	0.971	0.562	1.800	1.523	0.959
0.792	1.894	1.187	1.475	0.604	1.710	1.408	0.971	0.561	1.796	1.520	0.956
0.803	1.888	1.195	1.461	0.604	1.710	1.408	0.971	0.561	1.792	1.517	0.953
0.813	1.884	1.245	1.414	0.604	1.710	1.408	0.971	0.561	1.787	1.513	0.951
0.827	1.888	1.256	1.409	0.604	1.710	1.408	0.971	0.561	1.789	1.515	0.952
0.833	1.895	1.375	1.304	0.604	1.710	1.408	0.971	0.560	1.790	1.517	0.951
0.837	1.896	1.370	1.311	0.604	1.710	1.408	0.971	0.560	1.791	1.518	0.951
0.839	1.903	1.490	1.183	0.604	1.710	1.408	0.971	0.559	1.792	1.519	0.950
0.833	1.895	1.405	1.271	0.604	1.710	1.408	0.971	0.559	1.789	1.516	0.949
0.814	1.895	1.288	1.390	0.604	1.710	1.408	0.971	0.560	1.785	1.512	0.949
0.803	1.898	1.270	1.410	0.604	1.710	1.408	0.971	0.561	1.796	1.521	0.955
0.795	1.904	1.313	1.378	0.604	1.710	1.408	0.971	0.561	1.798	1.523	0.956
0.790	1.911	1.292	1.409	0.604	1.711	1.409	0.971	0.561	1.805	1.529	0.960
0.781	1.916	1.378	1.331	0.604	1.711	1.409	0.971	0.560	1.805	1.529	0.959
0.793	1.893	1.198	1.466	0.604	1.711	1.409	0.971	0.561	1.797	1.522	0.956
0.793	1.893	1.198	1.466	0.604	1.711	1.409	0.971	0.561	1.796	1.520	0.956
0.806	1.896	1.268	1.410	0.604	1.711	1.409	0.971	0.561	1.795	1.520	0.955
0.816	1.906	1.359	1.337	0.604	1.711	1.409	0.971	0.560	1.799	1.524	0.956
0.815	1.917	1.395	1.314	0.604	1.711	1.409	0.971	0.560	1.804	1.529	0.958
0.809	1.916	1.401	1.307	0.604	1.711	1.409	0.971	0.560	1.804	1.529	0.958
0.811	1.900	1.232	1.446	0.604	1.711	1.409	0.971	0.561	1.799	1.523	0.957
0.806	1.917	1.416	1.291	0.604	1.711	1.409	0.971	0.560	1.804	1.529	0.958
0.798	1.913	1.364	1.341	0.604	1.711	1.409	0.971	0.560	1.803	1.528	0.958
0.787	1.915	1.391	1.316	0.604	1.711	1.409	0.971	0.560	1.804	1.529	0.958
0.775	1.913	1.419	1.284	0.604	1.711	1.409	0.971	0.560	1.802	1.527	0.957
0.767	1.912	1.364	1.339	0.604	1.711	1.409	0.971	0.560	1.802	1.527	0.957
0.766	1.903	1.400	1.288	0.604	1.711	1.409	0.971	0.560	1.795	1.521	0.953
0.771	1.894	1.269	1.405	0.604	1.711	1.409	0.971	0.561	1.794	1.519	0.954
0.764	1.911	1.399	1.302	0.604	1.711	1.409	0.971	0.561	1.798	1.523	0.956
0.764	1.899	1.337	1.347	0.604	1.720	1.415	0.976	0.560	1.797	1.522	0.955
0.765	1.903	1.397	1.293	0.604	1.720	1.415	0.976	0.560	1.798	1.524	0.955
0.765	1.899	1.391	1.292	0.604	1.720	1.415	0.976	0.560	1.795	1.521	0.954
0.766	1.891	1.364	1.309	0.604	1.720	1.415	0.976	0.560	1.791	1.517	0.952
0.767	1.900	1.376	1.310	0.604	1.720	1.415	0.976	0.560	1.797	1.522	0.955
0.765	1.902	1.417	1.268	0.604	1.720	1.415	0.976	0.560	1.796	1.522	0.954
0.758	1.899	1.397	1.287	0.604	1.720	1.415	0.976	0.560	1.796	1.522	0.954
0.753	1.898	1.319	1.364	0.604	1.720	1.415	0.976	0.561	1.797	1.522	0.956
0.751	1.909	1.431	1.264	0.604	1.720	1.415	0.976	0.560	1.801	1.526	0.957
0.745	1.916	1.450	1.253	0.604	1.720	1.415	0.976	0.560	1.806	1.530	0.959
0.747	1.914	1.365	1.342	0.604	1.720	1.415	0.976	0.561	1.808	1.531	0.961
0.747	1.915	1.433	1.271	0.604	1.720	1.415	0.976	0.560	1.806	1.530	0.959
0.742	1.914	1.474	1.221	0.604	1.720	1.415	0.976	0.560	1.803	1.528	0.957
0.742	1.897	1.332	1.351	0.604	1.711	1.409	0.972	0.560	1.798	1.524	0.955
0.749	1.897	1.294	1.387	0.604	1.711	1.409	0.972	0.560	1.795	1.520	0.954
0.753	1.890	1.325	1.347	0.604	1.711	1.409	0.972	0.561	1.789	1.515	0.951
0.757	1.893	1.377	1.299	0.604	1.711	1.409	0.972	0.560	1.789	1.516	0.950
0.760	1.893	1.331	1.346	0.604	1.711	1.409	0.972	0.560	1.791	1.517	0.952
0.760	1.884	1.287	1.375	0.604	1.711	1.409	0.972	0.560	1.785	1.512	0.949
0.784	1.885	1.214	1.442	0.604	1.711	1.409	0.972	0.561	1.789	1.515	0.952
0.799	1.890	1.271	1.399	0.604	1.711	1.409	0.972	0.561	1.792	1.517	0.953
0.808	1.904	1.378	1.314	0.604	1.711	1.409	0.972	0.560	1.796	1.522	0.954
0.802	1.908	1.460	1.227	0.604	1.711	1.409	0.972	0.559	1.796	1.522	0.953
0.787	1.894	1.469	1.195	0.604	1.711	1.409	0.972	0.559	1.786	1.514	0.947
0.777	1.883	1.393	1.267	0.604	1.711	1.409	0.972	0.560	1.782	1.510	0.946
0.777	1.879	1.372	1.283	0.604	1.711	1.408	0.971	0.560	1.777	1.506	0.944
0.777	1.879	1.372	1.283	0.604	1.711	1.408	0.971	0.560	1.779	1.507	0.945
0.776	1.891	1.335	1.339	0.604	1.711	1.408	0.971	0.561	1.789	1.515	0.951
0.770	1.896	1.315	1.366	0.604	1.711	1.408	0.971	0.560	1.793	1.519	0.953
0.763	1.899	1.404	1.279	0.604	1.711	1.408	0.971	0.560	1.793	1.519	0.952
0.755	1.901	1.376	1.311	0.604	1.711	1.408	0.971	0.560	1.794	1.520	0.953
0.742	1.913	1.413	1.288	0.604	1.711	1.408	0.971	0.560	1.801	1.526	0.956
0.751	1.900	1.307	1.378	0.604	1.711	1.408	0.971	0.561	1.796	1.521	0.955
0.762	1.899	1.309	1.376	0.604	1.711	1.408	0.971	0.561	1.796	1.521	0.955
0.768	1.884	1.294	1.369	0.604	1.711	1.408	0.971	0.560	1.785	1.512	0.949
0.770	1.881	1.327	1.333	0.604	1.711	1.408	0.971	0.560	1.782	1.510	0.947
0.768	1.884	1.402	1.258	0.604	1.711	1.408	0.971	0.560	1.782	1.510	0.946
0.760	1.898	1.462	1.211	0.604	1.711	1.408	0.971	0.559	1.789	1.517	0.949
0.747	1.912	1.514	1.168	0.604	1.711	1.408	0.971	0.559	1.797	1.524	0.953
0.735	1.915	1.539	1.140	0.604	1.711	1.408	0.971	0.559	1.798	1.525	0.953
0.732	1.914	1.493	1.197	0.604	1.711	1.408	0.971	0.559	1.799	1.525	0.954
0.731	1.912	1.433	1.266	0.604	1.711	1.408	0.971	0.560	1.801	1.526	0.956
0.726	1.896	1.396	1.282	0.604	1.710	1.408	0.971	0.559	1.790	1.517	0.950
0.718	1.890	1.357	1.315	0.604	1.710	1.408	0.971	0.560	1.787	1.514	0.949
0.714	1.904	1.373	1.319	0.604	1.710	1.408	0.971	0.560	1.796	1.522	0.954
0.716	1.911	1.381	1.320	0.604	1.710	1.408	0.971	0.560	1.801	1.526	0.957
0.720	1.915	1.450	1.251	0.604	1.710	1.408	0.971	0.559	1.802	1.527	0.956
0.727	1.917	1.424	1.284	0.604	1.710	1.408	0.971	0.560	1.804	1.529	0.958
0.741	1.899	1.299	1.384	0.604	1.710	1.408	0.971	0.560	1.795	1.520	0.954
0.762	1.894	1.179	1.482	0.604	1.710	1.408	0.971	0.562	1.797	1.521	0.957
0.787	1.884	1.033	1.575	0.604	1.710	1.408	0.971	0.562	1.794	1.518	0.957
0.809	1.876	1.139	1.490	0.604	1.710	1.408	0.971	0.562	1.785	1.511	0.951
0.826	1.882	1.161	1.480	0.604	1.710	1.408	0.971	0.561	1.788	1.514	0.952
0.838	1.884	1.233	1.424	0.604	1.710	1.408	0.971	0.561	1.788	1.514	0.951
0.847	1.899	1.382	1.302	0.604	1.711	1.408	0.971	0.560	1.793	1.519	0.952
0.844	1.905	1.443	1.244	0.604	1.711	1.408	0.971	0.560	1.795	1.521	0.953
0.844	1.899	1.403	1.280	0.604	1.710	1.408	0.971	0.559	1.792	1.519	0.951
0.845	1.893	1.319	1.357	0.604	1.710	1.408	0.971	0.560	1.791	1.517	0.952
0.839	1.886	1.353	1.313	0.604	1.711	1.408	0.971	0.560	1.785	1.512	0.948
0.818	1.882	1.349	1.312	0.604	1.711	1.408	0.971	0.560	1.782	1.510	0.947
0.804	1.887	1.321	1.347	0.604	1.711	1.409	0.972	0.561	1.787	1.513	0.950
0.795	1.894	1.234	1.437	0.604	1.711	1.409	0.972	0.561	1.792	1.517	0.954
0.795	1.894	1.234	1.437	0.604	1.711	1.409	0.972	0.561	1.795	1.520	0.955
0.791	1.897	1.310	1.372	0.604	1.711	1.409	0.972	0.560	1.795	1.520	0.954
0.789	1.903	1.414	1.273	0.604	1.711	1.409	0.972	0.560	1.795	1.521	0.953
0.790	1.903	1.413	1.274	0.604	1.711	1.409	0.972	0.560	1.795	1.521	0.953
0.782	1.897	1.419	1.259	0.604	1.711	1.409	0.972	0.559	1.790	1.517	0.950
0.777	1.897	1.384	1.297	0.604	1.711	1.409	0.972	0.560	1.791	1.518	0.951
0.775	1.891	1.393	1.279	0.604	1.711	1.409	0.972	0.560	1.787	1.514	0.949
0.765	1.895	1.478	1.185	0.604	1.711	1.408	0.971	0.559	1.786	1.514	0.947
0.742	1.902	1.564	1.082	0.604	1.710	1.408	0.971	0.558	1.788	1.517	0.947
0.718	1.907	1.553	1.106	0.604	1.710	1.408	0.971	0.558	1.792	1.520	0.949
0.699	1.903	1.472	1.206	0.604	1.710	1.408	0.971	0.559	1.792	1.519	0.951
0.698	1.896	1.349	1.333	0.604	1.710	1.408	0.971	0.560	1.792	1.518	0.952
0.703	1.898	1.308	1.375	0.604	1.711	1.408	0.971	0.560	1.795	1.520	0.954
0.720	1.887	1.368	1.299	0.604	1.711	1.408	0.971	0.560	1.787	1.514	0.950
0.720	1.887	1.368	1.299	0.604	1.711	1.408	0.971	0.560	1.785	1.512	0.948
0.721	1.878	1.340	1.315	0.604	1.711	1.408	0.971	0.560	1.779	1.507	0.945
0.724	1.896	1.351	1.331	0.604	1.711	1.408	0.971	0.560	1.792	1.518	0.952
0.735	1.901	1.389	1.297	0.604	1.711	1.408	0.971	0.560	1.794	1.520	0.953
0.753	1.891	1.262	1.408	0.604	1.711	1.408	0.971	0.561	1.792	1.517	0.953
0.770	1.890	1.253	1.414	0.604	1.711	1.408	0.971	0.561	1.791	1.516	0.953
0.792	1.887	1.189	1.465	0.604	1.711	1.408	0.971	0.561	1.784	1.511	0.949
0.792	1.887	1.189	1.465	0.604	1.711	1.408	0.971	0.561	1.792	1.517	0.954
0.794	1.898	1.314	1.369	0.604	1.711	1.408	0.971	0.560	1.795	1.520	0.954
0.791	1.896	1.431	1.244	0.604	1.711	1.408	0.971	0.559	1.789	1.516	0.949
0.787	1.888	1.463	1.193	0.604	1.711	1.408	0.971	0.559	1.782	1.511	0.945
0.789	1.888	1.250	1.414	0.604	1.711	1.409	0.972	0.561	1.789	1.515	0.952
0.796	1.890	1.325	1.347	0.604	1.711	1.409	0.972	0.561	1.789	1.515	0.951
0.802	1.894	1.309	1.368	0.604	1.711	1.409	0.972	0.561	1.792	1.518	0.953
0.800	1.904	1.362	1.330	0.604	1.711	1.409	0.972	0.560	1.797	1.522	0.955
0.784	1.900	1.434	1.246	0.605	1.697	1.396	0.965	0.560	1.787	1.514	0.949
0.767	1.898	1.477	1.192	0.605	1.697	1.396	0.965	0.560	1.784	1.512	0.947
0.753	1.897	1.418	1.260	0.605	1.697	1.396	0.965	0.560	1.786	1.513	0.949
0.752	1.892	1.337	1.338	0.605	1.697	1.396	0.965	0.560	1.785	1.512	0.949
0.765	1.896	1.321	1.360	0.605	1.697	1.396	0.965	0.561	1.789	1.515	0.951
0.776	1.895	1.308	1.371	0.605	1.697	1.396	0.965	0.561	1.788	1.514	0.951
0.769	1.893	1.461	1.203	0.605	1.697	1.396	0.965	0.559	1.780	1.509	0.945
0.737	1.896	1.471	1.196	0.605	1.697	1.396	0.965	0.559	1.783	1.511	0.946
0.733	1.886	1.311	1.355	0.605	1.697	1.396	0.965	0.561	1.782	1.509	0.948
0.749	1.885	1.155	1.490	0.604	1.711	1.409	0.971	0.561	1.792	1.517	0.954
0.774	1.878	1.024	1.574	0.604	1.711	1.409	0.971	0.562	1.792	1.516	0.955
0.801	1.881	1.064	1.551	0.604	1.711	1.409	0.971	0.562	1.792	1.516	0.955
0.817	1.885	1.226	1.432	0.604	1.711	1.409	0.971	0.561	1.789	1.515	0.952
0.814	1.885	1.324	1.341	0.604	1.711	1.409	0.971	0.560	1.785	1.512	0.948
0.806	1.895	1.412	1.264	0.604	1.711	1.409	0.971	0.560	1.789	1.516	0.950
0.807	1.896	1.403	1.275	0.604	1.711	1.409	0.971	0.559	1.790	1.517	0.950
0.821	1.882	1.243	1.412	0.604	1.711	1.409	0.971	0.561	1.786	1.512	0.950
0.839	1.880	1.263	1.392	0.604	1.711	1.409	0.971	0.560	1.784	1.511	0.948
0.846	1.878	1.229	1.421	0.604	1.711	1.409	0.971	0.561	1.784	1.511	0.949
0.836	1.875	1.235	1.411	0.604	1.711	1.409	0.971	0.561	1.782	1.509	0.948
0.830	1.871	1.091	1.520	0.604	1.711	1.409	0.971	0.562	1.785	1.510	0.951
0.825	1.885	1.321	1.345	0.604	1.711	1.409	0.971	0.560	1.786	1.513	0.949
0.824	1.893	1.394	1.281	0.604	1.711	1.409	0.971	0.559	1.789	1.516	0.949
0.828	1.895	1.324	1.355	0.604	1.711	1.409	0.971	0.560	1.792	1.518	0.952
0.826	1.890	1.406	1.263	0.604	1.711	1.409	0.971	0.559	1.786	1.514	0.948
0.817	1.889	1.444	1.218	0.604	1.711	1.409	0.971	0.559	1.784	1.512	0.946
0.802	1.893	1.454	1.213	0.604	1.711	1.409	0.971	0.559	1.787	1.515	0.948
0.792	1.895	1.307	1.371	0.604	1.711	1.409	0.971	0.561	1.792	1.518	0.953
0.790	1.899	1.267	1.414	0.604	1.711	1.409	0.971	0.561	1.797	1.522	0.956
0.794	1.897	1.251	1.426	0.604	1.711	1.409	0.971	0.561	1.796	1.521	0.955
0.788	1.876	1.272	1.378	0.604	1.711	1.409	0.971	0.561	1.781	1.508	0.947
0.784	1.886	1.424	1.237	0.604	1.711	1.409	0.971	0.559	1.783	1.511	0.946
0.779	1.890	1.429	1.236	0.604	1.711	1.409	0.971	0.559	1.785	1.513	0.947
0.780	1.895	1.371	1.308	0.604	1.711	1.409	0.971	0.560	1.790	1.517	0.951
0.783	1.905	1.364	1.329	0.604	1.711	1.409	0.971	0.560	1.798	1.523	0.955
0.786	1.898	1.404	1.277	0.604	1.711	1.409	0.971	0.560	1.801	1.526	0.957
0.768	1.901	1.362	1.327	0.604	1.711	1.409	0.971	0.560	1.795	1.521	0.954
0.735	1.912	1.466	1.226	0.604	1.711	1.409	0.971	0.559	1.794	1.521	0.952
0.735	1.899	1.289	1.395	0.604	1.711	1.409	0.971	0.560	1.797	1.522	0.955
0.744	1.899	1.303	1.382	0.604	1.711	1.409	0.971	0.560	1.797	1.522	0.955
0.755	1.911	1.305	1.396	0.604	1.711	1.409	0.971	0.560	1.804	1.528	0.959
0.761	1.913	1.339	1.365	0.604	1.711	1.409	0.971	0.560	1.803	1.528	0.958
0.761	1.901	1.341	1.347	0.604	1.711	1.409	0.971	0.560	1.795	1.521	0.954
0.761	1.904	1.377	1.314	0.604	1.711	1.409	0.971	0.560	1.796	1.522	0.954
0.762	1.897	1.308	1.373	0.604	1.711	1.409	0.971	0.560	1.794	1.520	0.953
0.773	1.897	1.223	1.450	0.604	1.711	1.409	0.971	0.561	1.797	1.522	0.956
0.796	1.895	1.079	1.557	0.604	1.711	1.409	0.971	0.562	1.801	1.524	0.960
0.837	1.902	1.294	1.394	0.604	1.711	1.409	0.971	0.562	1.804	1.526	0.962
0.836	1.904	1.336	1.356	0.604	1.711	1.409	0.971	0.560	1.798	1.523	0.955
0.829	1.893	1.388	1.287	0.604	1.711	1.409	0.971	0.560	1.789	1.516	0.950
0.829	1.888	1.306	1.363	0.604	1.711	1.409	0.971	0.560	1.788	1.515	0.950
0.833	1.895	1.357	1.323	0.604	1.711	1.409	0.971	0.560	1.791	1.518	0.951
0.828	1.902	1.436	1.247	0.604	1.711	1.409	0.971	0.559	1.793	1.520	0.951
0.816	1.905	1.489	1.188	0.604	1.711	1.409	0.971	0.559	1.793	1.520	0.951
0.798	1.908	1.491	1.191	0.604	1.711	1.409	0.971	0.559	1.795	1.522	0.952
0.778	1.908	1.349	1.349	0.604	1.711	1.409	0.971	0.560	1.800	1.525	0.956
0.761	1.908	1.330	1.367	0.604	1.711	1.409	0.971	0.560	1.801	1.526	0.957
0.755	1.901	1.312	1.374	0.604	1.711	1.409	0.971	0.560	1.797	1.522	0.955
0.762	1.900	1.350	1.337	0.604	1.711	1.409	0.971	0.560	1.795	1.521	0.953
0.766	1.910	1.316	1.384	0.604	1.711	1.409	0.971	0.560	1.803	1.527	0.958
0.768	1.921	1.339	1.377	0.604	1.711	1.409	0.971	0.560	1.810	1.533	0.962
0.776	1.920	1.351	1.364	0.604	1.711	1.409	0.971	0.560	1.808	1.532	0.961
0.785	1.922	1.440	1.272	0.604	1.711	1.409	0.971	0.560	1.807	1.531	0.959
0.794	1.899	1.362	1.324	0.604	1.711	1.409	0.971	0.560	1.794	1.520	0.953
0.799	1.883	1.332	1.331	0.604	1.711	1.409	0.971	0.560	1.784	1.511	0.948
0.796	1.893	1.391	1.284	0.604	1.711	1.409	0.971	0.560	1.785	1.512	0.948
0.796	1.893	1.391	1.284	0.604	1.711	1.409	0.971	0.559	1.789	1.516	0.949
0.785	1.900	1.423	1.259	0.604	1.711	1.409	0.971	0.559	1.792	1.519	0.951
0.774	1.898	1.451	1.224	0.604	1.711	1.409	0.971	0.559	1.789	1.517	0.949
0.762	1.888	1.384	1.283	0.604	1.711	1.409	0.971	0.560	1.784	1.512	0.947
0.751	1.888	1.305	1.364	0.604	1.711	1.409	0.971	0.560	1.788	1.515	0.950
0.755	1.892	1.323	1.353	0.604	1.711	1.409	0.971	0.560	1.790	1.517	0.951
0.752	1.900	1.394	1.291	0.604	1.711	1.409	0.971	0.560	1.794	1.520	0.952
0.753	1.901	1.337	1.352	0.604	1.711	1.409	0.971	0.560	1.796	1.522	0.954
0.757	1.897	1.176	1.488	0.604	1.711	1.409	0.971	0.561	1.799	1.523	0.958
0.766	1.891	1.235	1.431	0.604	1.711	1.409	0.971	0.561	1.792	1.518	0.953
0.777	1.906	1.352	1.343	0.604	1.711	1.409	0.971	0.560	1.799	1.524	0.956
0.784	1.901	1.378	1.310	0.604	1.711	1.409	0.971	0.560	1.795	1.521	0.953
0.787	1.886	1.370	1.297	0.604	1.711	1.409	0.971	0.560	1.785	1.512	0.948
0.790	1.885	1.390	1.274	0.604	1.711	1.409	0.971	0.560	1.783	1.511	0.947
0.785	1.890	1.436	1.228	0.604	1.711	1.409	0.971	0.560	1.784	1.512	0.947
0.788	1.882	1.288	1.373	0.604	1.711	1.409	0.971	0.560	1.785	1.512	0.949
0.796	1.883	1.240	1.417	0.604	1.711	1.409	0.971	0.561	1.787	1.513	0.950
0.799	1.886	1.254	1.409	0.604	1.711	1.409	0.971	0.561	1.789	1.515	0.951
0.790	1.893	1.315	1.362	0.604	1.711	1.409	0.971	0.560	1.792	1.518	0.952
0.780	1.898	1.395	1.286	0.604	1.711	1.409	0.971	0.560	1.794	1.520	0.953
0.780	1.898	1.395	1.286	0.604	1.711	1.409	0.971	0.560	1.791	1.518	0.951
0.780	1.899	1.413	1.268	0.604	1.711	1.409	0.971	0.560	1.791	1.518	0.951
0.777	1.895	1.418	1.256	0.604	1.711	1.409	0.971	0.559	1.789	1.516	0.949
0.773	1.903	1.469	1.208	0.604	1.711	1.409	0.971	0.559	1.792	1.519	0.950
0.768	1.903	1.425	1.260	0.604	1.711	1.409	0.971	0.560	1.794	1.520	0.952
0.762	1.899	1.398	1.284	0.604	1.711	1.409	0.971	0.559	1.792	1.519	0.951
0.733	1.897	1.338	1.344	0.604	1.711	1.409	0.971	0.560	1.793	1.519	0.953
0.734	1.882	1.318	1.343	0.604	1.711	1.409	0.971	0.560	1.784	1.511	0.948
0.741	1.874	1.232	1.413	0.604	1.711	1.409	0.971	0.561	1.782	1.509	0.948
0.752	1.872	1.254	1.390	0.604	1.711	1.409	0.971	0.561	1.779	1.507	0.946
0.756	1.888	1.351	1.319	0.604	1.711	1.409	0.971	0.560	1.787	1.514	0.949
0.763	1.902	1.365	1.324	0.604	1.711	1.409	0.971	0.560	1.795	1.521	0.954
0.763	1.897	1.410	1.268	0.604	1.711	1.409	0.971	0.559	1.793	1.520	0.951
0.763	1.897	1.410	1.268	0.604	1.711	1.409	0.971	0.559	1.790	1.517	0.950
0.761	1.896	1.445	1.228	0.604	1.711	1.409	0.971	0.559	1.789	1.516	0.949
0.766	1.903	1.372	1.318	0.604	1.711	1.409	0.971	0.560	1.796	1.522	0.954
0.765	1.894	1.367	1.310	0.604	1.711	1.409	0.971	0.560	1.789	1.516	0.950
0.764	1.886	1.328	1.338	0.604	1.711	1.409	0.971	0.560	1.786	1.513	0.949
0.752	1.884	1.263	1.398	0.604	1.711	1.409	0.971	0.561	1.787	1.513	0.950
0.760	1.887	1.236	1.425	0.602	1.709	1.408	0.968	0.560	1.789	1.516	0.950
0.769	1.886	1.132	1.508	0.602	1.709	1.408	0.968	0.561	1.792	1.518	0.953
0.790	1.883	1.114	1.518	0.602	1.709	1.408	0.968	0.560	1.791	1.517	0.952
0.815	1.893	1.138	1.513	0.602	1.709	1.408	0.968	0.560	1.797	1.522	0.955
0.834	1.897	1.172	1.492	0.602	1.709	1.408	0.968	0.560	1.799	1.524	0.956
0.843	1.907	1.313	1.382	0.602	1.709	1.408	0.968	0.559	1.800	1.526	0.955
0.848	1.905	1.407	1.284	0.602	1.709	1.408	0.968	0.558	1.796	1.523	0.951
0.843	1.904	1.420	1.269	0.602	1.709	1.408	0.968	0.558	1.795	1.522	0.951
0.842	1.911	1.392	1.310	0.602	1.709	1.408	0.968	0.558	1.801	1.527	0.954
0.837	1.910	1.375	1.325	0.602	1.709	1.408	0.968	0.559	1.800	1.526	0.954
0.826	1.909	1.302	1.396	0.602	1.709	1.408	0.968	0.559	1.802	1.528	0.956
0.814	1.908	1.333	1.365	0.602	1.709	1.408	0.968	0.559	1.800	1.526	0.955
0.799	1.911	1.339	1.363	0.602	1.709	1.408	0.969	0.559	1.802	1.528	0.956
0.783	1.920	1.426	1.284	0.602	1.709	1.408	0.969	0.558	1.805	1.531	0.956
0.776	1.918	1.332	1.380	0.602	1.709	1.408	0.969	0.559	1.807	1.532	0.959
0.780	1.917	1.332	1.378	0.602	1.709	1.408	0.969	0.559	1.807	1.532	0.958
0.789	1.910	1.314	1.386	0.602	1.709	1.408	0.969	0.559	1.802	1.528	0.956
0.797	1.905	1.326	1.368	0.602	1.709	1.408	0.969	0.559	1.799	1.525	0.954
0.803	1.919	1.340	1.374	0.602	1.709	1.408	0.969	0.559	1.808	1.533	0.959
0.800	1.929	1.384	1.343	0.602	1.709	1.408	0.969	0.559	1.813	1.537	0.961
0.794	1.929	1.439	1.284	0.602	1.709	1.408	0.969	0.559	1.811	1.536	0.960
0.787	1.912	1.371	1.332	0.602	1.709	1.408	0.969	0.559	1.802	1.528	0.955
0.791	1.881	1.331	1.329	0.602	1.709	1.408	0.969	0.559	1.782	1.511	0.945
0.795	1.874	1.274	1.374	0.602	1.709	1.408	0.969	0.559	1.779	1.508	0.944
0.795	1.880	1.304	1.354	0.602	1.709	1.408	0.969	0.559	1.782	1.511	0.945
0.793	1.900	1.290	1.394	0.602	1.709	1.408	0.969	0.559	1.792	1.519	0.950
0.793	1.900	1.290	1.394	0.602	1.709	1.408	0.969	0.559	1.796	1.522	0.953
0.795	1.891	1.295	1.378	0.602	1.709	1.408	0.969	0.559	1.790	1.517	0.950
0.803	1.887	1.255	1.408	0.602	1.709	1.408	0.969	0.560	1.788	1.515	0.949
0.811	1.897	1.280	1.400	0.602	1.709	1.408	0.969	0.560	1.795	1.521	0.953
0.814	1.901	1.406	1.279	0.604	1.711	1.408	0.971	0.559	1.792	1.520	0.950
0.809	1.907	1.440	1.251	0.604	1.711	1.408	0.971	0.559	1.797	1.523	0.953
0.798	1.912	1.509	1.174	0.604	1.711	1.408	0.971	0.559	1.797	1.524	0.953
0.784	1.906	1.312	1.383	0.604	1.711	1.408	0.971	0.560	1.800	1.525	0.957
0.789	1.902	1.230	1.450	0.606	1.715	1.409	0.977	0.563	1.801	1.523	0.962
0.798	1.890	1.061	1.563	0.607	1.717	1.410	0.979	0.565	1.800	1.520	0.964
0.803	1.895	1.200	1.466	0.607	1.717	1.410	0.979	0.564	1.799	1.520	0.962
0.803	1.895	1.303	1.377	0.607	1.717	1.410	0.979	0.563	1.796	1.518	0.959
0.801	1.887	1.306	1.361	0.607	1.717	1.410	0.979	0.563	1.788	1.512	0.955
0.799	1.893	1.368	1.309	0.607	1.717	1.410	0.979	0.563	1.791	1.515	0.956
0.806	1.903	1.348	1.344	0.607	1.717	1.410	0.979	0.563	1.799	1.521	0.961
0.818	1.901	1.295	1.392	0.607	1.717	1.410	0.979	0.563	1.799	1.521	0.961
0.843	1.903	1.218	1.462	0.607	1.717	1.410	0.979	0.565	1.807	1.527	0.967
0.841	1.902	1.301	1.386	0.607	1.717	1.410	0.979	0.563	1.799	1.521	0.961
0.829	1.899	1.358	1.327	0.607	1.717	1.410	0.979	0.563	1.795	1.518	0.958
0.816	1.898	1.425	1.254	0.607	1.717	1.410	0.979	0.563	1.792	1.516	0.956
0.805	1.895	1.456	1.213	0.607	1.717	1.411	0.980	0.562	1.790	1.514	0.954
0.794	1.911	1.400	1.301	0.607	1.717	1.411	0.980	0.563	1.803	1.525	0.962
0.787	1.916	1.524	1.160	0.606	1.716	1.411	0.978	0.561	1.801	1.525	0.958
0.777	1.913	1.476	1.216	0.606	1.716	1.411	0.978	0.562	1.801	1.524	0.959
0.769	1.904	1.392	1.299	0.606	1.716	1.411	0.978	0.562	1.798	1.521	0.958
0.761	1.895	1.372	1.307	0.606	1.716	1.410	0.977	0.562	1.792	1.516	0.955
0.749	1.901	1.369	1.319	0.606	1.716	1.410	0.977	0.562	1.797	1.520	0.958
0.735	1.903	1.421	1.265	0.606	1.716	1.410	0.977	0.562	1.799	1.522	0.959
0.735	1.897	1.332	1.351	0.606	1.716	1.410	0.977	0.562	1.794	1.518	0.957
0.738	1.889	1.373	1.298	0.606	1.716	1.410	0.977	0.562	1.788	1.513	0.953
0.739	1.898	1.370	1.313	0.606	1.716	1.410	0.977	0.562	1.794	1.518	0.956
0.748	1.900	1.305	1.381	0.606	1.716	1.410	0.977	0.563	1.798	1.521	0.959
0.755	1.899	1.330	1.356	0.606	1.716	1.410	0.977	0.562	1.797	1.520	0.958
0.760	1.912	1.375	1.329	0.606	1.716	1.410	0.977	0.562	1.804	1.526	0.962
0.755	1.910	1.462	1.228	0.606	1.716	1.410	0.977	0.561	1.799	1.523	0.958
0.747	1.908	1.482	1.201	0.606	1.716	1.410	0.977	0.562	1.797	1.521	0.957
0.745	1.895	1.355	1.325	0.606	1.715	1.410	0.977	0.562	1.793	1.517	0.956
