phi_u	d_u	x_u	y_u	phi_v	d_v	x_v	y_v	phi_f	d_f	x_f	y_f
-0.602	1.274	1.058	-0.711	-0.854	1.213	0.797	-0.915	-0.766	1.195	0.861	-0.829
-0.594	1.274	1.107	-0.629	-0.854	1.213	0.797	-0.915	-0.766	1.192	0.859	-0.826
-0.583	1.270	1.125	-0.588	-0.854	1.213	0.797	-0.915	-0.766	1.187	0.856	-0.823
-0.563	1.284	1.090	-0.678	-0.854	1.213	0.797	-0.915	-0.767	1.199	0.864	-0.832
-0.552	1.292	1.066	-0.729	-0.854	1.213	0.797	-0.915	-0.767	1.207	0.869	-0.837
-0.554	1.304	1.053	-0.769	-0.854	1.213	0.797	-0.915	-0.767	1.217	0.876	-0.845
-0.562	1.318	1.051	-0.794	-0.854	1.213	0.797	-0.915	-0.767	1.226	0.883	-0.851
-0.568	1.314	1.084	-0.742	-0.854	1.213	0.797	-0.915	-0.767	1.222	0.880	-0.848
-0.570	1.315	1.098	-0.722	-0.854	1.213	0.797	-0.915	-0.767	1.222	0.880	-0.848
-0.570	1.308	1.073	-0.747	-0.854	1.213	0.797	-0.915	-0.767	1.218	0.877	-0.845
-0.579	1.287	1.045	-0.750	-0.854	1.213	0.797	-0.915	-0.767	1.204	0.867	-0.836
-0.592	1.276	1.070	-0.695	-0.854	1.213	0.797	-0.915	-0.766	1.195	0.861	-0.829
-0.599	1.277	1.075	-0.688	-0.854	1.213	0.797	-0.915	-0.766	1.195	0.861	-0.829
-0.598	1.278	1.111	-0.632	-0.854	1.213	0.797	-0.915	-0.766	1.195	0.861	-0.828
-0.565	1.251	1.149	-0.494	-0.854	1.213	0.797	-0.915	-0.765	1.173	0.846	-0.812
-0.542	1.259	1.163	-0.480	-0.854	1.213	0.797	-0.915	-0.765	1.177	0.849	-0.815
-0.522	1.273	1.137	-0.572	-0.854	1.213	0.797	-0.915	-0.765	1.190	0.858	-0.824
-0.507	1.283	1.134	-0.600	-0.854	1.213	0.797	-0.915	-0.765	1.197	0.863	-0.829
-0.502	1.296	1.090	-0.700	-0.854	1.213	0.797	-0.915	-0.767	1.208	0.870	-0.838
-0.499	1.305	1.037	-0.792	-0.854	1.213	0.797	-0.915	-0.767	1.219	0.877	-0.846
-0.499	1.282	1.041	-0.748	-0.853	1.203	0.792	-0.906	-0.765	1.198	0.864	-0.830
-0.505	1.296	1.024	-0.794	-0.853	1.203	0.792	-0.906	-0.766	1.209	0.872	-0.838
-0.516	1.296	1.036	-0.778	-0.853	1.203	0.792	-0.906	-0.765	1.209	0.872	-0.837
-0.531	1.278	1.070	-0.699	-0.851	1.193	0.787	-0.897	-0.762	1.190	0.861	-0.822
-0.559	1.274	1.074	-0.686	-0.851	1.193	0.787	-0.897	-0.762	1.188	0.859	-0.820
-0.579	1.287	1.002	-0.808	-0.851	1.193	0.787	-0.897	-0.764	1.202	0.868	-0.831
-0.600	1.293	1.013	-0.803	-0.850	1.192	0.787	-0.895	-0.762	1.204	0.871	-0.831
-0.614	1.305	1.019	-0.815	-0.850	1.192	0.787	-0.895	-0.762	1.212	0.877	-0.837
-0.619	1.287	1.038	-0.759	-0.850	1.192	0.787	-0.895	-0.762	1.198	0.867	-0.827
-0.621	1.285	0.992	-0.817	-0.850	1.192	0.787	-0.895	-0.762	1.200	0.868	-0.829
-0.623	1.287	1.028	-0.774	-0.850	1.192	0.787	-0.895	-0.762	1.200	0.868	-0.828
-0.623	1.281	1.022	-0.772	-0.850	1.192	0.787	-0.895	-0.762	1.195	0.865	-0.825
-0.624	1.275	1.080	-0.677	-0.850	1.192	0.787	-0.895	-0.761	1.188	0.860	-0.819
-0.624	1.263	1.071	-0.669	-0.850	1.192	0.787	-0.895	-0.761	1.179	0.854	-0.813
-0.627	1.268	1.075	-0.672	-0.850	1.192	0.787	-0.895	-0.761	1.182	0.856	-0.815
-0.619	1.274	1.090	-0.659	-0.850	1.192	0.787	-0.895	-0.761	1.186	0.859	-0.818
-0.592	1.281	1.140	-0.584	-0.850	1.192	0.787	-0.895	-0.760	1.188	0.861	-0.819
-0.577	1.285	1.121	-0.626	-0.850	1.191	0.786	-0.894	-0.760	1.191	0.863	-0.821
-0.567	1.283	1.064	-0.717	-0.850	1.191	0.786	-0.894	-0.761	1.195	0.865	-0.824
-0.564	1.293	1.013	-0.802	-0.850	1.191	0.786	-0.894	-0.762	1.204	0.871	-0.831
-0.573	1.300	0.942	-0.896	-0.850	1.191	0.786	-0.894	-0.763	1.213	0.877	-0.838
-0.592	1.287	0.950	-0.868	-0.850	1.191	0.786	-0.894	-0.762	1.203	0.870	-0.831
-0.612	1.285	0.967	-0.845	-0.850	1.191	0.786	-0.894	-0.762	1.200	0.868	-0.829
-0.623	1.279	1.014	-0.780	-0.850	1.191	0.786	-0.894	-0.762	1.194	0.864	-0.824
-0.629	1.266	1.085	-0.652	-0.850	1.191	0.786	-0.894	-0.761	1.181	0.855	-0.814
-0.630	1.269	1.110	-0.613	-0.850	1.191	0.786	-0.894	-0.760	1.181	0.856	-0.813
-0.632	1.299	1.109	-0.676	-0.850	1.191	0.786	-0.894	-0.761	1.202	0.871	-0.829
-0.604	1.287	1.150	-0.577	-0.850	1.191	0.786	-0.894	-0.760	1.198	0.868	-0.825
-0.604	1.287	1.150	-0.577	-0.850	1.191	0.786	-0.894	-0.760	1.192	0.864	-0.821
-0.576	1.285	1.131	-0.609	-0.850	1.191	0.786	-0.894	-0.760	1.191	0.863	-0.821
-0.544	1.282	1.131	-0.603	-0.850	1.191	0.786	-0.894	-0.760	1.189	0.862	-0.819
-0.520	1.285	1.106	-0.653	-0.850	1.191	0.786	-0.894	-0.760	1.193	0.864	-0.822
-0.507	1.281	1.113	-0.634	-0.849	1.190	0.786	-0.894	-0.760	1.190	0.862	-0.820
-0.497	1.285	1.109	-0.649	-0.849	1.187	0.784	-0.891	-0.760	1.192	0.864	-0.821
-0.489	1.281	1.183	-0.490	-0.849	1.187	0.784	-0.891	-0.758	1.184	0.860	-0.814
-0.475	1.291	1.197	-0.485	-0.849	1.183	0.781	-0.888	-0.758	1.190	0.864	-0.818
-0.466	1.282	1.169	-0.524	-0.849	1.183	0.781	-0.888	-0.758	1.184	0.860	-0.814
-0.455	1.259	1.188	-0.418	-0.849	1.183	0.781	-0.888	-0.758	1.167	0.848	-0.802
-0.447	1.248	1.137	-0.514	-0.849	1.183	0.781	-0.888	-0.759	1.161	0.843	-0.799
-0.445	1.246	1.096	-0.592	-0.849	1.183	0.781	-0.888	-0.759	1.162	0.843	-0.800
-0.444	1.239	1.093	-0.582	-0.849	1.183	0.781	-0.888	-0.759	1.157	0.839	-0.796
-0.439	1.236	1.091	-0.580	-0.849	1.183	0.781	-0.888	-0.759	1.155	0.838	-0.795
-0.435	1.226	1.084	-0.572	-0.849	1.183	0.781	-0.888	-0.759	1.148	0.833	-0.790
-0.436	1.231	1.088	-0.576	-0.849	1.183	0.781	-0.888	-0.759	1.152	0.836	-0.793
-0.448	1.245	1.062	-0.650	-0.849	1.183	0.781	-0.888	-0.760	1.164	0.844	-0.802
-0.464	1.250	1.062	-0.658	-0.849	1.183	0.781	-0.888	-0.760	1.167	0.846	-0.804
-0.484	1.268	1.053	-0.708	-0.849	1.183	0.781	-0.888	-0.760	1.181	0.856	-0.814
-0.508	1.276	1.030	-0.753	-0.849	1.182	0.781	-0.887	-0.760	1.188	0.861	-0.819
-0.533	1.278	1.020	-0.770	-0.849	1.182	0.781	-0.887	-0.761	1.190	0.862	-0.821
-0.547	1.266	1.031	-0.734	-0.849	1.182	0.781	-0.887	-0.761	1.181	0.855	-0.814
-0.549	1.240	1.116	-0.540	-0.849	1.182	0.781	-0.887	-0.759	1.157	0.840	-0.796
-0.547	1.263	1.075	-0.662	-0.849	1.182	0.781	-0.887	-0.759	1.161	0.843	-0.799
-0.552	1.267	1.052	-0.705	-0.849	1.182	0.781	-0.887	-0.760	1.180	0.855	-0.813
-0.553	1.263	1.085	-0.645	-0.849	1.182	0.781	-0.887	-0.760	1.175	0.852	-0.809
-0.554	1.261	1.057	-0.687	-0.849	1.182	0.781	-0.887	-0.760	1.176	0.852	-0.810
-0.547	1.249	1.104	-0.584	-0.849	1.182	0.781	-0.887	-0.759	1.164	0.845	-0.801
-0.531	1.251	1.075	-0.639	-0.849	1.182	0.781	-0.887	-0.760	1.167	0.846	-0.804
-0.525	1.256	1.076	-0.647	-0.849	1.182	0.781	-0.887	-0.759	1.171	0.849	-0.806
-0.523	1.260	1.074	-0.658	-0.849	1.182	0.781	-0.887	-0.759	1.173	0.851	-0.808
-0.531	1.276	1.076	-0.686	-0.849	1.182	0.781	-0.887	-0.760	1.185	0.859	-0.817
-0.553	1.262	1.026	-0.735	-0.849	1.182	0.781	-0.887	-0.760	1.178	0.854	-0.812
-0.562	1.271	0.969	-0.821	-0.849	1.182	0.781	-0.887	-0.762	1.187	0.859	-0.819
-0.577	1.279	0.973	-0.831	-0.849	1.182	0.781	-0.887	-0.762	1.194	0.864	-0.824
-0.584	1.281	1.042	-0.745	-0.849	1.182	0.781	-0.887	-0.760	1.191	0.863	-0.821
-0.588	1.268	1.095	-0.639	-0.849	1.182	0.781	-0.887	-0.759	1.178	0.855	-0.811
-0.583	1.246	1.141	-0.499	-0.846	1.180	0.782	-0.884	-0.755	1.158	0.843	-0.794
-0.568	1.242	1.142	-0.488	-0.846	1.180	0.782	-0.884	-0.755	1.157	0.842	-0.793
-0.555	1.236	1.132	-0.497	-0.846	1.180	0.782	-0.884	-0.755	1.152	0.839	-0.790
-0.544	1.243	1.101	-0.576	-0.846	1.180	0.782	-0.884	-0.756	1.159	0.843	-0.795
-0.542	1.247	1.078	-0.627	-0.846	1.180	0.782	-0.884	-0.757	1.164	0.846	-0.799
-0.528	1.256	1.117	-0.574	-0.846	1.180	0.782	-0.884	-0.756	1.167	0.849	-0.801
-0.491	1.257	1.075	-0.652	-0.846	1.180	0.782	-0.884	-0.757	1.176	0.855	-0.807
-0.483	1.256	1.000	-0.760	-0.846	1.180	0.782	-0.884	-0.758	1.175	0.853	-0.808
-0.497	1.260	0.962	-0.813	-0.846	1.180	0.782	-0.884	-0.758	1.179	0.856	-0.811
-0.520	1.253	0.982	-0.778	-0.846	1.180	0.782	-0.884	-0.758	1.174	0.852	-0.807
-0.544	1.268	1.040	-0.725	-0.846	1.180	0.782	-0.884	-0.758	1.181	0.858	-0.812
-0.556	1.257	1.127	-0.558	-0.846	1.180	0.782	-0.884	-0.756	1.169	0.850	-0.802
-0.558	1.247	1.118	-0.553	-0.846	1.180	0.782	-0.884	-0.756	1.162	0.845	-0.797
-0.554	1.255	1.105	-0.594	-0.845	1.177	0.782	-0.880	-0.754	1.167	0.850	-0.799
-0.556	1.243	1.103	-0.573	-0.845	1.177	0.782	-0.880	-0.754	1.158	0.844	-0.793
-0.557	1.249	1.091	-0.608	-0.845	1.177	0.782	-0.880	-0.755	1.163	0.847	-0.797
-0.558	1.258	1.066	-0.668	-0.845	1.177	0.781	-0.880	-0.755	1.172	0.853	-0.803
-0.546	1.270	1.054	-0.709	-0.845	1.177	0.781	-0.880	-0.756	1.181	0.859	-0.810
-0.524	1.263	1.088	-0.641	-0.844	1.178	0.782	-0.880	-0.755	1.181	0.860	-0.809
-0.519	1.251	1.104	-0.589	-0.844	1.178	0.782	-0.880	-0.754	1.165	0.849	-0.798
-0.518	1.266	1.133	-0.565	-0.844	1.178	0.782	-0.880	-0.755	1.174	0.855	-0.804
-0.520	1.285	1.093	-0.675	-0.844	1.178	0.782	-0.880	-0.755	1.189	0.866	-0.815
-0.531	1.304	1.046	-0.779	-0.844	1.178	0.782	-0.880	-0.756	1.207	0.878	-0.828
-0.542	1.294	1.062	-0.740	-0.844	1.178	0.782	-0.880	-0.756	1.198	0.872	-0.822
-0.550	1.273	1.012	-0.771	-0.844	1.178	0.782	-0.880	-0.756	1.185	0.862	-0.813
-0.566	1.296	0.979	-0.849	-0.844	1.178	0.782	-0.880	-0.756	1.188	0.865	-0.815
-0.580	1.303	0.959	-0.881	-0.844	1.178	0.782	-0.880	-0.757	1.210	0.879	-0.831
-0.603	1.303	0.969	-0.870	-0.844	1.178	0.782	-0.880	-0.757	1.210	0.879	-0.831
-0.625	1.282	0.997	-0.806	-0.845	1.179	0.782	-0.882	-0.758	1.193	0.867	-0.820
-0.644	1.278	1.041	-0.742	-0.845	1.179	0.782	-0.882	-0.757	1.188	0.864	-0.816
-0.653	1.275	1.080	-0.677	-0.844	1.178	0.782	-0.880	-0.756	1.183	0.861	-0.811
-0.642	1.257	1.138	-0.533	-0.844	1.178	0.782	-0.880	-0.754	1.166	0.850	-0.798
-0.622	1.252	1.155	-0.483	-0.844	1.178	0.782	-0.880	-0.753	1.162	0.848	-0.795
-0.600	1.245	1.140	-0.500	-0.844	1.178	0.782	-0.880	-0.754	1.157	0.844	-0.792
-0.579	1.249	1.143	-0.503	-0.844	1.178	0.782	-0.880	-0.754	1.160	0.846	-0.794
-0.557	1.264	1.139	-0.547	-0.844	1.178	0.782	-0.880	-0.754	1.172	0.854	-0.802
-0.506	1.269	1.126	-0.584	-0.844	1.178	0.782	-0.880	-0.754	1.181	0.861	-0.809
-0.488	1.283	1.098	-0.663	-0.844	1.178	0.782	-0.880	-0.755	1.188	0.865	-0.814
-0.478	1.297	1.098	-0.690	-0.844	1.178	0.782	-0.880	-0.755	1.198	0.872	-0.821
-0.478	1.290	1.076	-0.710	-0.844	1.178	0.782	-0.880	-0.755	1.193	0.869	-0.818
-0.513	1.278	1.033	-0.753	-0.844	1.178	0.782	-0.880	-0.756	1.195	0.869	-0.820
-0.542	1.280	1.006	-0.791	-0.845	1.179	0.782	-0.882	-0.757	1.191	0.865	-0.818
-0.565	1.289	1.058	-0.736	-0.846	1.180	0.782	-0.884	-0.758	1.195	0.868	-0.821
-0.576	1.288	1.138	-0.603	-0.846	1.180	0.782	-0.884	-0.756	1.191	0.866	-0.817
-0.577	1.268	1.130	-0.574	-0.846	1.180	0.782	-0.884	-0.757	1.176	0.855	-0.807
-0.580	1.263	1.109	-0.603	-0.846	1.180	0.782	-0.884	-0.756	1.173	0.853	-0.805
-0.584	1.269	1.022	-0.751	-0.846	1.180	0.782	-0.884	-0.758	1.183	0.859	-0.813
-0.592	1.273	1.035	-0.742	-0.846	1.180	0.782	-0.884	-0.758	1.186	0.861	-0.815
-0.590	1.262	1.089	-0.639	-0.846	1.180	0.782	-0.884	-0.756	1.174	0.854	-0.806
-0.573	1.262	1.127	-0.566	-0.846	1.180	0.782	-0.884	-0.756	1.171	0.852	-0.804
-0.558	1.280	1.080	-0.687	-0.846	1.180	0.782	-0.884	-0.757	1.188	0.863	-0.816
-0.549	1.277	1.078	-0.684	-0.846	1.180	0.782	-0.884	-0.757	1.185	0.861	-0.814
-0.552	1.282	1.050	-0.736	-0.846	1.180	0.782	-0.884	-0.758	1.191	0.865	-0.819
-0.568	1.288	1.052	-0.743	-0.846	1.180	0.782	-0.884	-0.758	1.195	0.868	-0.821
-0.570	1.295	1.113	-0.662	-0.846	1.180	0.782	-0.884	-0.757	1.197	0.870	-0.822
-0.565	1.285	1.130	-0.613	-0.846	1.180	0.782	-0.884	-0.756	1.189	0.865	-0.816
-0.553	1.285	1.132	-0.607	-0.846	1.180	0.782	-0.884	-0.756	1.188	0.864	-0.815
-0.544	1.294	1.091	-0.696	-0.846	1.180	0.782	-0.884	-0.757	1.197	0.870	-0.822
-0.544	1.278	1.076	-0.689	-0.846	1.180	0.782	-0.884	-0.757	1.186	0.862	-0.815
-0.558	1.269	1.058	-0.699	-0.846	1.180	0.782	-0.884	-0.758	1.180	0.857	-0.811
-0.557	1.246	1.084	-0.614	-0.846	1.180	0.782	-0.884	-0.757	1.162	0.845	-0.798
-0.548	1.253	1.094	-0.610	-0.846	1.180	0.782	-0.884	-0.757	1.166	0.848	-0.801
-0.533	1.269	1.132	-0.572	-0.846	1.180	0.782	-0.884	-0.756	1.176	0.856	-0.807
-0.528	1.260	1.082	-0.645	-0.846	1.180	0.782	-0.884	-0.757	1.172	0.852	-0.805
-0.534	1.258	1.048	-0.695	-0.847	1.180	0.782	-0.884	-0.758	1.173	0.852	-0.806
-0.542	1.262	1.062	-0.681	-0.847	1.180	0.782	-0.884	-0.757	1.175	0.854	-0.807
-0.546	1.255	1.072	-0.654	-0.847	1.180	0.782	-0.884	-0.757	1.171	0.851	-0.804
-0.542	1.263	1.110	-0.602	-0.847	1.180	0.782	-0.884	-0.756	1.173	0.853	-0.805
-0.534	1.266	1.111	-0.606	-0.847	1.180	0.782	-0.884	-0.757	1.176	0.855	-0.807
-0.520	1.260	1.118	-0.582	-0.847	1.180	0.782	-0.884	-0.756	1.171	0.852	-0.804
-0.524	1.288	1.056	-0.738	-0.847	1.180	0.782	-0.884	-0.758	1.195	0.868	-0.821
-0.540	1.293	1.006	-0.813	-0.847	1.180	0.782	-0.884	-0.759	1.202	0.872	-0.827
-0.557	1.291	1.047	-0.754	-0.847	1.180	0.782	-0.884	-0.758	1.197	0.869	-0.823
-0.558	1.276	1.084	-0.673	-0.847	1.180	0.782	-0.884	-0.757	1.185	0.861	-0.814
-0.554	1.267	1.086	-0.652	-0.847	1.180	0.782	-0.884	-0.757	1.178	0.856	-0.809
-0.552	1.267	1.083	-0.658	-0.847	1.180	0.782	-0.884	-0.757	1.178	0.856	-0.809
-0.557	1.293	1.035	-0.775	-0.847	1.180	0.782	-0.884	-0.758	1.200	0.871	-0.825
-0.569	1.288	1.067	-0.720	-0.847	1.180	0.782	-0.884	-0.758	1.193	0.867	-0.820
-0.581	1.290	1.066	-0.726	-0.847	1.180	0.782	-0.884	-0.758	1.195	0.868	-0.822
-0.586	1.279	1.112	-0.632	-0.847	1.180	0.782	-0.884	-0.757	1.186	0.862	-0.814
-0.581	1.285	1.107	-0.651	-0.847	1.184	0.784	-0.887	-0.757	1.191	0.865	-0.818
-0.560	1.268	1.108	-0.615	-0.847	1.184	0.784	-0.887	-0.757	1.178	0.856	-0.809
-0.556	1.275	1.090	-0.662	-0.847	1.184	0.784	-0.887	-0.757	1.185	0.861	-0.814
-0.555	1.267	1.119	-0.593	-0.847	1.184	0.784	-0.887	-0.757	1.176	0.855	-0.808
-0.544	1.291	1.032	-0.774	-0.847	1.184	0.784	-0.887	-0.757	1.177	0.856	-0.808
-0.551	1.302	1.071	-0.740	-0.847	1.184	0.784	-0.887	-0.758	1.205	0.875	-0.829
-0.551	1.279	1.135	-0.590	-0.847	1.188	0.787	-0.890	-0.757	1.186	0.862	-0.815
-0.547	1.262	1.134	-0.554	-0.847	1.188	0.787	-0.890	-0.757	1.174	0.853	-0.806
-0.535	1.277	1.105	-0.640	-0.847	1.188	0.787	-0.890	-0.757	1.186	0.862	-0.815
-0.551	1.289	1.012	-0.798	-0.847	1.188	0.787	-0.890	-0.759	1.200	0.870	-0.826
-0.570	1.288	0.973	-0.844	-0.847	1.188	0.787	-0.890	-0.760	1.202	0.871	-0.828
-0.588	1.294	0.974	-0.852	-0.847	1.188	0.787	-0.890	-0.760	1.206	0.874	-0.831
-0.600	1.297	1.009	-0.814	-0.847	1.188	0.787	-0.890	-0.759	1.206	0.875	-0.830
-0.599	1.285	1.055	-0.733	-0.847	1.188	0.787	-0.890	-0.759	1.195	0.867	-0.822
-0.602	1.284	1.030	-0.766	-0.847	1.188	0.787	-0.890	-0.759	1.195	0.867	-0.823
-0.612	1.271	1.044	-0.724	-0.847	1.188	0.787	-0.890	-0.759	1.185	0.860	-0.815
-0.616	1.255	1.081	-0.637	-0.847	1.188	0.787	-0.890	-0.758	1.171	0.851	-0.805
-0.628	1.277	1.089	-0.666	-0.847	1.188	0.787	-0.890	-0.758	1.187	0.862	-0.816
-0.627	1.282	1.051	-0.733	-0.847	1.188	0.787	-0.890	-0.758	1.190	0.864	-0.818
-0.627	1.282	1.051	-0.733	-0.847	1.188	0.787	-0.890	-0.759	1.193	0.866	-0.821
-0.608	1.294	1.058	-0.745	-0.847	1.188	0.787	-0.890	-0.759	1.202	0.872	-0.827
-0.595	1.301	1.088	-0.713	-0.847	1.188	0.787	-0.890	-0.758	1.205	0.875	-0.829
-0.589	1.299	1.112	-0.671	-0.847	1.188	0.787	-0.890	-0.758	1.202	0.873	-0.826
-0.578	1.298	1.109	-0.674	-0.847	1.188	0.787	-0.890	-0.758	1.201	0.872	-0.826
-0.569	1.293	1.113	-0.657	-0.847	1.184	0.784	-0.887	-0.758	1.196	0.869	-0.822
-0.574	1.291	1.066	-0.728	-0.847	1.184	0.784	-0.887	-0.758	1.197	0.869	-0.823
-0.587	1.272	0.971	-0.821	-0.847	1.184	0.784	-0.887	-0.759	1.188	0.862	-0.818
-0.605	1.269	0.959	-0.831	-0.847	1.180	0.782	-0.884	-0.759	1.187	0.861	-0.817
-0.618	1.290	1.002	-0.811	-0.847	1.180	0.782	-0.884	-0.759	1.199	0.870	-0.825
-0.619	1.287	1.052	-0.741	-0.847	1.180	0.782	-0.884	-0.758	1.194	0.867	-0.821
-0.634	1.278	0.966	-0.836	-0.847	1.180	0.782	-0.884	-0.759	1.193	0.865	-0.821
-0.641	1.282	1.052	-0.732	-0.847	1.180	0.782	-0.884	-0.758	1.190	0.864	-0.818
-0.646	1.280	1.100	-0.653	-0.847	1.180	0.782	-0.884	-0.757	1.186	0.862	-0.815
-0.641	1.275	1.144	-0.561	-0.847	1.180	0.782	-0.884	-0.756	1.179	0.858	-0.809
-0.628	1.276	1.121	-0.610	-0.847	1.180	0.782	-0.884	-0.757	1.183	0.860	-0.812
-0.610	1.279	1.103	-0.646	-0.847	1.180	0.782	-0.884	-0.757	1.185	0.861	-0.814
-0.591	1.291	1.087	-0.696	-0.847	1.180	0.782	-0.884	-0.758	1.195	0.868	-0.821
-0.583	1.293	1.052	-0.752	-0.847	1.180	0.782	-0.884	-0.758	1.198	0.870	-0.824
-0.583	1.296	1.035	-0.779	-0.847	1.180	0.782	-0.884	-0.758	1.201	0.872	-0.826
-0.584	1.298	1.032	-0.786	-0.847	1.180	0.782	-0.884	-0.758	1.203	0.873	-0.827
-0.578	1.272	1.097	-0.643	-0.847	1.180	0.782	-0.884	-0.758	1.195	0.868	-0.822
-0.576	1.268	1.081	-0.663	-0.847	1.180	0.782	-0.884	-0.757	1.179	0.857	-0.810
-0.578	1.274	1.107	-0.629	-0.848	1.182	0.782	-0.886	-0.758	1.181	0.858	-0.812
-0.588	1.290	1.086	-0.696	-0.848	1.182	0.782	-0.886	-0.759	1.195	0.867	-0.822
-0.603	1.304	0.990	-0.849	-0.848	1.182	0.782	-0.886	-0.760	1.210	0.877	-0.834
-0.613	1.294	1.031	-0.782	-0.847	1.180	0.782	-0.884	-0.759	1.200	0.871	-0.826
-0.620	1.302	1.004	-0.829	-0.847	1.180	0.782	-0.884	-0.759	1.207	0.876	-0.831
-0.624	1.311	1.012	-0.834	-0.847	1.180	0.782	-0.884	-0.759	1.214	0.881	-0.835
-0.626	1.312	1.033	-0.809	-0.847	1.180	0.782	-0.884	-0.759	1.214	0.881	-0.835
-0.628	1.300	1.016	-0.810	-0.847	1.180	0.782	-0.884	-0.759	1.205	0.874	-0.829
-0.631	1.292	1.049	-0.753	-0.847	1.180	0.782	-0.884	-0.758	1.197	0.869	-0.823
-0.645	1.288	1.051	-0.744	-0.847	1.180	0.782	-0.884	-0.759	1.195	0.867	-0.822
-0.656	1.298	0.993	-0.835	-0.847	1.180	0.782	-0.884	-0.759	1.205	0.874	-0.829
-0.661	1.288	0.997	-0.816	-0.847	1.180	0.782	-0.884	-0.759	1.198	0.869	-0.825
-0.667	1.288	0.978	-0.838	-0.847	1.180	0.782	-0.884	-0.759	1.199	0.870	-0.825
-0.671	1.269	0.941	-0.850	-0.848	1.182	0.782	-0.886	-0.760	1.187	0.860	-0.818
-0.672	1.263	1.014	-0.752	-0.848	1.182	0.782	-0.886	-0.760	1.179	0.855	-0.812
-0.674	1.291	0.958	-0.865	-0.848	1.182	0.782	-0.886	-0.761	1.202	0.871	-0.829
-0.677	1.307	1.001	-0.840	-0.848	1.182	0.782	-0.886	-0.760	1.212	0.878	-0.835
-0.681	1.318	1.026	-0.827	-0.848	1.182	0.782	-0.886	-0.760	1.218	0.883	-0.839
-0.688	1.284	1.008	-0.796	-0.848	1.182	0.782	-0.886	-0.760	1.195	0.866	-0.823
-0.672	1.288	1.083	-0.696	-0.848	1.182	0.782	-0.886	-0.758	1.179	0.856	-0.811
-0.657	1.293	1.088	-0.698	-0.848	1.182	0.782	-0.886	-0.759	1.196	0.868	-0.823
-0.630	1.288	1.096	-0.676	-0.848	1.182	0.782	-0.886	-0.759	1.198	0.869	-0.825
-0.611	1.276	1.102	-0.643	-0.848	1.182	0.782	-0.886	-0.759	1.183	0.859	-0.814
-0.596	1.286	1.082	-0.694	-0.848	1.182	0.782	-0.886	-0.759	1.192	0.865	-0.820
-0.586	1.278	1.060	-0.713	-0.848	1.182	0.782	-0.886	-0.759	1.187	0.861	-0.817
-0.586	1.291	0.981	-0.839	-0.848	1.182	0.782	-0.886	-0.760	1.202	0.871	-0.828
-0.594	1.265	1.022	-0.746	-0.848	1.182	0.782	-0.886	-0.760	1.192	0.864	-0.821
-0.594	1.265	1.022	-0.746	-0.848	1.182	0.782	-0.886	-0.760	1.181	0.856	-0.813
-0.599	1.258	1.049	-0.695	-0.848	1.182	0.782	-0.886	-0.759	1.174	0.852	-0.808
-0.595	1.258	1.072	-0.659	-0.848	1.182	0.782	-0.886	-0.759	1.173	0.851	-0.807
-0.574	1.257	1.098	-0.612	-0.849	1.183	0.782	-0.888	-0.759	1.171	0.849	-0.806
-0.579	1.277	1.039	-0.742	-0.849	1.183	0.782	-0.888	-0.760	1.188	0.861	-0.819
-0.591	1.276	1.018	-0.770	-0.849	1.183	0.782	-0.888	-0.761	1.189	0.861	-0.820
-0.604	1.290	0.974	-0.845	-0.849	1.184	0.782	-0.889	-0.762	1.201	0.869	-0.829
-0.607	1.295	0.980	-0.847	-0.849	1.184	0.782	-0.889	-0.762	1.205	0.872	-0.832
-0.601	1.262	1.082	-0.650	-0.849	1.184	0.782	-0.889	-0.760	1.176	0.852	-0.810
-0.596	1.266	1.058	-0.696	-0.849	1.184	0.782	-0.889	-0.760	1.180	0.855	-0.813
-0.596	1.266	1.039	-0.724	-0.849	1.184	0.782	-0.889	-0.760	1.181	0.856	-0.814
-0.609	1.289	0.986	-0.830	-0.849	1.184	0.782	-0.889	-0.761	1.200	0.869	-0.828
-0.638	1.323	0.894	-0.975	-0.849	1.184	0.782	-0.889	-0.763	1.230	0.889	-0.850
-0.670	1.313	0.907	-0.949	-0.849	1.184	0.782	-0.889	-0.763	1.221	0.883	-0.844
-0.720	1.286	0.830	-0.982	-0.849	1.184	0.782	-0.889	-0.763	1.207	0.872	-0.834
-0.729	1.293	0.906	-0.923	-0.849	1.184	0.782	-0.889	-0.763	1.207	0.873	-0.834
-0.734	1.291	0.992	-0.826	-0.849	1.184	0.782	-0.889	-0.761	1.202	0.870	-0.829
-0.737	1.284	1.037	-0.758	-0.849	1.184	0.782	-0.889	-0.761	1.194	0.865	-0.823
-0.741	1.279	1.055	-0.722	-0.849	1.184	0.782	-0.889	-0.760	1.188	0.861	-0.819
-0.745	1.290	1.061	-0.733	-0.850	1.187	0.784	-0.892	-0.761	1.197	0.867	-0.826
-0.738	1.297	1.079	-0.720	-0.850	1.187	0.784	-0.892	-0.761	1.202	0.871	-0.829
-0.719	1.303	1.101	-0.696	-0.850	1.187	0.784	-0.892	-0.761	1.205	0.873	-0.831
-0.692	1.279	1.119	-0.617	-0.850	1.187	0.784	-0.892	-0.760	1.186	0.860	-0.817
-0.653	1.261	1.122	-0.575	-0.850	1.187	0.784	-0.892	-0.759	1.173	0.851	-0.808
-0.613	1.255	1.125	-0.556	-0.850	1.187	0.784	-0.892	-0.759	1.169	0.848	-0.805
-0.568	1.294	1.029	-0.784	-0.850	1.187	0.784	-0.892	-0.760	1.183	0.857	-0.815
-0.573	1.319	1.003	-0.856	-0.850	1.187	0.784	-0.892	-0.762	1.222	0.884	-0.844
-0.582	1.322	1.016	-0.845	-0.850	1.187	0.784	-0.892	-0.762	1.224	0.885	-0.845
-0.582	1.306	1.075	-0.742	-0.851	1.192	0.786	-0.897	-0.763	1.210	0.875	-0.836
-0.580	1.293	1.098	-0.682	-0.851	1.192	0.786	-0.897	-0.762	1.200	0.868	-0.828
-0.573	1.285	1.098	-0.668	-0.852	1.194	0.786	-0.898	-0.762	1.195	0.864	-0.825
-0.577	1.286	1.061	-0.726	-0.852	1.194	0.786	-0.898	-0.764	1.197	0.865	-0.828
-0.600	1.296	0.980	-0.848	-0.852	1.194	0.786	-0.898	-0.765	1.209	0.872	-0.837
-0.626	1.297	0.926	-0.908	-0.852	1.194	0.786	-0.898	-0.766	1.212	0.874	-0.840
-0.652	1.295	0.954	-0.875	-0.852	1.194	0.786	-0.898	-0.766	1.209	0.872	-0.838
-0.668	1.310	0.933	-0.919	-0.852	1.194	0.786	-0.898	-0.766	1.221	0.880	-0.846
-0.668	1.289	1.002	-0.810	-0.852	1.194	0.786	-0.898	-0.764	1.202	0.868	-0.832
-0.665	1.256	1.017	-0.737	-0.853	1.191	0.783	-0.897	-0.765	1.177	0.849	-0.815
-0.669	1.271	1.029	-0.747	-0.853	1.191	0.783	-0.897	-0.765	1.187	0.857	-0.822
-0.683	1.286	1.045	-0.749	-0.853	1.191	0.783	-0.897	-0.764	1.197	0.864	-0.828
-0.693	1.312	0.956	-0.899	-0.853	1.191	0.783	-0.897	-0.766	1.221	0.880	-0.846
-0.700	1.292	0.897	-0.930	-0.853	1.191	0.783	-0.897	-0.767	1.209	0.871	-0.839
-0.706	1.286	0.860	-0.955	-0.853	1.191	0.783	-0.897	-0.767	1.207	0.869	-0.837
-0.708	1.281	0.944	-0.865	-0.853	1.191	0.783	-0.897	-0.766	1.199	0.864	-0.831
-0.697	1.284	1.039	-0.754	-0.853	1.191	0.783	-0.897	-0.765	1.196	0.863	-0.828
-0.679	1.286	1.124	-0.624	-0.853	1.190	0.783	-0.897	-0.763	1.192	0.862	-0.824
-0.662	1.284	1.104	-0.655	-0.853	1.190	0.783	-0.897	-0.763	1.192	0.861	-0.824
-0.657	1.276	1.010	-0.779	-0.853	1.190	0.783	-0.897	-0.765	1.192	0.860	-0.825
-0.661	1.279	0.941	-0.866	-0.853	1.190	0.783	-0.897	-0.766	1.197	0.863	-0.830
-0.665	1.287	0.946	-0.873	-0.853	1.190	0.783	-0.897	-0.766	1.203	0.867	-0.834
-0.665	1.275	1.000	-0.790	-0.852	1.193	0.786	-0.898	-0.767	1.209	0.871	-0.839
-0.659	1.274	1.042	-0.732	-0.852	1.193	0.786	-0.898	-0.763	1.189	0.859	-0.822
-0.666	1.277	1.026	-0.760	-0.852	1.193	0.786	-0.898	-0.764	1.192	0.861	-0.825
-0.681	1.286	0.974	-0.839	-0.852	1.193	0.786	-0.898	-0.765	1.202	0.867	-0.832
-0.695	1.308	0.985	-0.860	-0.852	1.193	0.786	-0.898	-0.765	1.217	0.878	-0.843
-0.700	1.310	1.054	-0.777	-0.852	1.193	0.786	-0.898	-0.764	1.214	0.877	-0.840
-0.691	1.309	1.095	-0.716	-0.852	1.193	0.786	-0.898	-0.763	1.211	0.875	-0.837
-0.652	1.302	1.043	-0.779	-0.852	1.193	0.786	-0.898	-0.764	1.209	0.873	-0.837
-0.635	1.288	1.030	-0.773	-0.852	1.193	0.786	-0.898	-0.764	1.200	0.867	-0.830
-0.628	1.278	1.086	-0.674	-0.852	1.193	0.786	-0.898	-0.763	1.190	0.860	-0.822
-0.627	1.271	1.082	-0.667	-0.852	1.193	0.786	-0.898	-0.763	1.185	0.856	-0.819
-0.626	1.273	1.109	-0.624	-0.852	1.193	0.786	-0.898	-0.763	1.184	0.856	-0.818
-0.611	1.289	1.113	-0.650	-0.852	1.193	0.786	-0.898	-0.762	1.196	0.865	-0.826
-0.595	1.276	1.078	-0.682	-0.852	1.193	0.786	-0.898	-0.763	1.188	0.859	-0.821
-0.592	1.291	1.037	-0.769	-0.852	1.193	0.786	-0.898	-0.764	1.202	0.868	-0.831
-0.599	1.305	0.983	-0.858	-0.852	1.193	0.786	-0.898	-0.764	1.215	0.877	-0.841
-0.616	1.301	0.939	-0.901	-0.852	1.193	0.786	-0.898	-0.766	1.215	0.876	-0.842
-0.625	1.290	1.042	-0.759	-0.852	1.193	0.786	-0.898	-0.764	1.200	0.867	-0.830
-0.622	1.295	1.085	-0.706	-0.852	1.193	0.786	-0.898	-0.764	1.202	0.868	-0.831
-0.617	1.268	1.060	-0.695	-0.852	1.193	0.786	-0.898	-0.763	1.183	0.855	-0.818
-0.615	1.273	1.041	-0.732	-0.852	1.193	0.786	-0.898	-0.764	1.188	0.858	-0.822
-0.626	1.274	1.021	-0.762	-0.852	1.193	0.786	-0.898	-0.764	1.191	0.860	-0.824
-0.633	1.265	1.010	-0.762	-0.852	1.193	0.786	-0.898	-0.765	1.185	0.855	-0.820
-0.630	1.277	1.068	-0.699	-0.852	1.193	0.786	-0.898	-0.763	1.190	0.860	-0.822
-0.619	1.278	1.091	-0.664	-0.852	1.193	0.786	-0.898	-0.763	1.188	0.859	-0.821
-0.596	1.275	1.125	-0.600	-0.852	1.193	0.786	-0.898	-0.762	1.185	0.857	-0.818
-0.581	1.279	1.106	-0.641	-0.852	1.193	0.786	-0.898	-0.763	1.188	0.859	-0.821
-0.574	1.270	1.087	-0.656	-0.852	1.193	0.786	-0.898	-0.763	1.184	0.856	-0.818
-0.566	1.258	1.120	-0.573	-0.852	1.193	0.786	-0.898	-0.762	1.173	0.849	-0.810
-0.562	1.264	1.094	-0.634	-0.852	1.193	0.786	-0.898	-0.763	1.180	0.853	-0.815
-0.547	1.258	1.060	-0.677	-0.852	1.193	0.786	-0.898	-0.763	1.176	0.850	-0.813
-0.542	1.261	1.034	-0.721	-0.852	1.193	0.786	-0.898	-0.764	1.180	0.852	-0.816
-0.563	1.283	1.042	-0.748	-0.852	1.193	0.786	-0.898	-0.764	1.188	0.858	-0.822
-0.570	1.291	1.057	-0.742	-0.852	1.193	0.786	-0.898	-0.764	1.202	0.868	-0.831
-0.579	1.291	1.022	-0.788	-0.852	1.193	0.786	-0.898	-0.764	1.202	0.868	-0.832
-0.595	1.289	0.961	-0.858	-0.852	1.193	0.786	-0.898	-0.765	1.204	0.869	-0.834
-0.620	1.293	0.911	-0.918	-0.852	1.193	0.786	-0.898	-0.766	1.211	0.873	-0.839
-0.650	1.287	0.911	-0.909	-0.852	1.193	0.786	-0.898	-0.765	1.207	0.870	-0.836
-0.672	1.299	0.936	-0.901	-0.852	1.193	0.786	-0.898	-0.766	1.214	0.875	-0.841
-0.699	1.292	0.928	-0.899	-0.852	1.193	0.786	-0.898	-0.765	1.209	0.872	-0.837
-0.710	1.284	0.946	-0.867	-0.852	1.193	0.786	-0.898	-0.765	1.202	0.867	-0.832
-0.721	1.267	0.966	-0.819	-0.852	1.193	0.786	-0.898	-0.765	1.188	0.857	-0.823
-0.728	1.286	1.003	-0.805	-0.852	1.193	0.786	-0.898	-0.765	1.200	0.866	-0.831
-0.730	1.301	1.027	-0.798	-0.852	1.193	0.786	-0.898	-0.765	1.207	0.871	-0.836
-0.718	1.292	1.051	-0.751	-0.852	1.193	0.786	-0.898	-0.764	1.202	0.868	-0.831
-0.699	1.302	1.072	-0.738	-0.852	1.193	0.786	-0.898	-0.764	1.207	0.872	-0.835
-0.680	1.290	1.103	-0.668	-0.852	1.193	0.786	-0.898	-0.763	1.197	0.865	-0.827
-0.669	1.304	1.019	-0.813	-0.852	1.193	0.786	-0.898	-0.764	1.212	0.875	-0.839
-0.669	1.318	0.957	-0.906	-0.852	1.193	0.786	-0.898	-0.765	1.226	0.884	-0.849
-0.670	1.302	1.012	-0.819	-0.852	1.193	0.786	-0.898	-0.764	1.211	0.874	-0.838
-0.671	1.294	1.000	-0.821	-0.852	1.193	0.786	-0.898	-0.765	1.206	0.870	-0.835
-0.669	1.284	1.041	-0.752	-0.852	1.193	0.786	-0.898	-0.764	1.197	0.864	-0.828
-0.668	1.293	0.998	-0.822	-0.852	1.193	0.786	-0.898	-0.764	1.205	0.870	-0.834
-0.673	1.293	0.967	-0.858	-0.852	1.193	0.786	-0.898	-0.765	1.207	0.871	-0.836
-0.679	1.274	1.035	-0.743	-0.852	1.193	0.786	-0.898	-0.764	1.190	0.859	-0.823
-0.689	1.275	1.006	-0.783	-0.852	1.193	0.786	-0.898	-0.765	1.192	0.860	-0.825
-0.692	1.285	1.017	-0.786	-0.853	1.190	0.783	-0.896	-0.764	1.198	0.865	-0.829
-0.685	1.295	1.018	-0.801	-0.853	1.186	0.781	-0.893	-0.764	1.204	0.869	-0.833
-0.679	1.305	1.019	-0.814	-0.853	1.186	0.781	-0.893	-0.764	1.211	0.874	-0.838
-0.678	1.301	0.974	-0.861	-0.853	1.186	0.781	-0.893	-0.765	1.210	0.873	-0.838
-0.692	1.300	0.969	-0.867	-0.853	1.186	0.781	-0.893	-0.765	1.210	0.873	-0.838
-0.699	1.306	0.941	-0.905	-0.853	1.186	0.781	-0.893	-0.766	1.215	0.876	-0.842
-0.699	1.293	1.038	-0.770	-0.853	1.186	0.781	-0.893	-0.764	1.201	0.867	-0.831
-0.697	1.281	1.062	-0.716	-0.853	1.186	0.781	-0.893	-0.764	1.191	0.860	-0.824
-0.685	1.265	1.094	-0.634	-0.853	1.186	0.781	-0.893	-0.763	1.177	0.851	-0.813
-0.670	1.252	1.108	-0.583	-0.853	1.186	0.781	-0.893	-0.762	1.167	0.844	-0.806
-0.655	1.270	1.112	-0.612	-0.852	1.185	0.780	-0.891	-0.762	1.179	0.853	-0.814
-0.629	1.287	0.979	-0.835	-0.852	1.178	0.776	-0.887	-0.763	1.197	0.865	-0.827
-0.629	1.287	0.979	-0.835	-0.852	1.170	0.771	-0.881	-0.763	1.195	0.864	-0.826
-0.624	1.295	0.933	-0.898	-0.852	1.170	0.771	-0.881	-0.763	1.193	0.862	-0.825
-0.630	1.306	0.908	-0.937	-0.852	1.170	0.770	-0.881	-0.764	1.212	0.875	-0.839
-0.644	1.316	0.946	-0.915	-0.852	1.170	0.770	-0.881	-0.764	1.217	0.879	-0.842
-0.664	1.306	0.960	-0.886	-0.852	1.170	0.770	-0.881	-0.764	1.210	0.874	-0.837
-0.683	1.294	1.013	-0.805	-0.852	1.170	0.770	-0.881	-0.763	1.198	0.866	-0.828
-0.697	1.291	1.043	-0.761	-0.852	1.170	0.770	-0.881	-0.762	1.195	0.864	-0.825
-0.703	1.293	1.039	-0.769	-0.852	1.170	0.770	-0.881	-0.762	1.196	0.865	-0.826
-0.710	1.288	0.958	-0.861	-0.852	1.170	0.770	-0.881	-0.764	1.197	0.865	-0.828
-0.720	1.296	0.943	-0.890	-0.852	1.170	0.770	-0.881	-0.764	1.204	0.869	-0.833
-0.726	1.279	0.946	-0.860	-0.852	1.170	0.770	-0.881	-0.763	1.190	0.860	-0.823
-0.732	1.265	0.955	-0.829	-0.852	1.170	0.770	-0.881	-0.763	1.180	0.853	-0.816
-0.701	1.270	1.071	-0.683	-0.852	1.170	0.770	-0.881	-0.762	1.178	0.852	-0.813
-0.682	1.275	1.073	-0.688	-0.852	1.170	0.770	-0.881	-0.762	1.180	0.854	-0.815
-0.669	1.275	1.049	-0.725	-0.852	1.170	0.770	-0.881	-0.762	1.182	0.855	-0.816
-0.670	1.280	0.980	-0.823	-0.852	1.170	0.770	-0.881	-0.763	1.190	0.860	-0.822
-0.675	1.284	0.950	-0.864	-0.852	1.170	0.770	-0.881	-0.763	1.195	0.863	-0.826
-0.682	1.293	0.890	-0.937	-0.852	1.170	0.770	-0.881	-0.764	1.204	0.869	-0.833
-0.682	1.283	0.903	-0.911	-0.852	1.171	0.771	-0.881	-0.764	1.197	0.864	-0.828
-0.677	1.284	0.944	-0.869	-0.852	1.171	0.771	-0.881	-0.763	1.195	0.863	-0.826
-0.673	1.286	0.986	-0.825	-0.852	1.171	0.771	-0.881	-0.763	1.194	0.863	-0.825
-0.674	1.297	1.002	-0.823	-0.852	1.171	0.771	-0.881	-0.763	1.201	0.868	-0.830
-0.694	1.303	1.016	-0.816	-0.852	1.171	0.771	-0.881	-0.763	1.208	0.873	-0.835
-0.703	1.302	1.027	-0.800	-0.852	1.171	0.771	-0.881	-0.763	1.205	0.871	-0.833
-0.705	1.303	1.026	-0.802	-0.852	1.171	0.771	-0.881	-0.763	1.204	0.870	-0.832
-0.701	1.312	1.037	-0.803	-0.852	1.171	0.771	-0.881	-0.763	1.209	0.874	-0.836
-0.691	1.297	1.043	-0.770	-0.852	1.171	0.771	-0.881	-0.762	1.199	0.867	-0.828
-0.680	1.292	1.040	-0.765	-0.852	1.171	0.771	-0.881	-0.762	1.195	0.864	-0.825
-0.666	1.280	1.080	-0.687	-0.852	1.171	0.771	-0.881	-0.762	1.184	0.857	-0.817
-0.654	1.267	1.061	-0.692	-0.852	1.171	0.771	-0.881	-0.762	1.176	0.851	-0.812
-0.649	1.272	1.030	-0.745	-0.852	1.171	0.771	-0.881	-0.763	1.181	0.854	-0.816
-0.650	1.287	0.979	-0.835	-0.852	1.171	0.771	-0.881	-0.763	1.195	0.863	-0.826
-0.655	1.300	0.952	-0.886	-0.852	1.171	0.771	-0.881	-0.764	1.206	0.871	-0.834
-0.659	1.290	1.051	-0.748	-0.852	1.171	0.771	-0.881	-0.762	1.193	0.863	-0.824
-0.651	1.287	1.041	-0.756	-0.852	1.171	0.771	-0.881	-0.763	1.191	0.861	-0.823
-0.647	1.285	1.039	-0.756	-0.852	1.172	0.771	-0.883	-0.763	1.191	0.861	-0.823
-0.652	1.290	1.024	-0.784	-0.852	1.172	0.772	-0.883	-0.763	1.191	0.861	-0.823
-0.652	1.290	1.024	-0.784	-0.852	1.172	0.772	-0.883	-0.763	1.195	0.864	-0.826
-0.660	1.279	0.989	-0.811	-0.852	1.172	0.772	-0.883	-0.763	1.189	0.859	-0.822
-0.666	1.268	1.024	-0.748	-0.852	1.172	0.772	-0.883	-0.763	1.180	0.853	-0.815
-0.666	1.275	1.019	-0.766	-0.852	1.172	0.772	-0.883	-0.763	1.185	0.856	-0.819
-0.662	1.281	1.007	-0.792	-0.852	1.172	0.772	-0.883	-0.763	1.190	0.860	-0.822
-0.653	1.272	1.037	-0.736	-0.852	1.172	0.772	-0.883	-0.763	1.181	0.854	-0.816
-0.651	1.280	1.024	-0.767	-0.852	1.172	0.772	-0.883	-0.763	1.188	0.858	-0.821
-0.659	1.291	1.003	-0.813	-0.852	1.172	0.772	-0.883	-0.764	1.197	0.865	-0.828
-0.676	1.307	0.969	-0.876	-0.852	1.172	0.772	-0.883	-0.764	1.210	0.874	-0.837
-0.682	1.300	0.976	-0.858	-0.852	1.179	0.777	-0.888	-0.764	1.207	0.872	-0.835
-0.685	1.296	0.993	-0.833	-0.852	1.179	0.777	-0.888	-0.764	1.203	0.869	-0.832
-0.686	1.307	0.998	-0.843	-0.852	1.179	0.777	-0.888	-0.763	1.211	0.875	-0.837
-0.682	1.307	1.015	-0.823	-0.852	1.179	0.777	-0.888	-0.764	1.210	0.874	-0.837
-0.685	1.308	1.007	-0.835	-0.852	1.179	0.777	-0.888	-0.764	1.212	0.875	-0.838
-0.693	1.296	0.969	-0.861	-0.852	1.179	0.777	-0.888	-0.764	1.205	0.870	-0.834
-0.695	1.297	0.998	-0.827	-0.852	1.179	0.777	-0.888	-0.764	1.203	0.869	-0.832
-0.688	1.267	1.096	-0.636	-0.852	1.179	0.777	-0.888	-0.761	1.177	0.852	-0.812
-0.678	1.269	1.019	-0.757	-0.852	1.179	0.777	-0.888	-0.763	1.183	0.855	-0.818
-0.670	1.288	0.980	-0.835	-0.852	1.179	0.777	-0.888	-0.764	1.198	0.865	-0.829
-0.641	1.254	1.123	-0.559	-0.852	1.179	0.777	-0.888	-0.763	1.183	0.855	-0.817
-0.626	1.259	1.104	-0.605	-0.852	1.179	0.777	-0.888	-0.762	1.171	0.847	-0.808
-0.607	1.257	1.081	-0.642	-0.852	1.179	0.777	-0.888	-0.762	1.171	0.847	-0.808
-0.588	1.258	1.083	-0.639	-0.851	1.178	0.777	-0.886	-0.761	1.170	0.847	-0.807
-0.577	1.265	1.080	-0.659	-0.851	1.178	0.777	-0.886	-0.761	1.176	0.851	-0.811
-0.581	1.270	1.014	-0.764	-0.851	1.178	0.777	-0.886	-0.762	1.183	0.856	-0.817
-0.588	1.277	1.007	-0.784	-0.851	1.178	0.777	-0.886	-0.763	1.188	0.859	-0.821
-0.592	1.274	1.012	-0.773	-0.851	1.178	0.777	-0.886	-0.762	1.186	0.858	-0.819
-0.585	1.264	1.034	-0.726	-0.851	1.178	0.777	-0.886	-0.762	1.178	0.852	-0.813
-0.578	1.273	1.084	-0.666	-0.851	1.171	0.772	-0.880	-0.760	1.178	0.854	-0.812
-0.595	1.291	1.060	-0.736	-0.851	1.171	0.772	-0.880	-0.761	1.193	0.864	-0.823
-0.601	1.292	1.071	-0.723	-0.851	1.171	0.772	-0.880	-0.761	1.193	0.864	-0.823
-0.613	1.281	1.038	-0.752	-0.851	1.171	0.772	-0.880	-0.762	1.188	0.860	-0.820
-0.633	1.300	0.934	-0.905	-0.851	1.171	0.772	-0.880	-0.763	1.207	0.873	-0.834
-0.642	1.302	0.955	-0.885	-0.851	1.171	0.772	-0.880	-0.763	1.207	0.873	-0.834
-0.646	1.296	1.001	-0.822	-0.851	1.171	0.772	-0.880	-0.762	1.200	0.868	-0.828
-0.639	1.299	1.042	-0.776	-0.851	1.171	0.772	-0.880	-0.761	1.200	0.869	-0.828
-0.641	1.295	1.037	-0.775	-0.851	1.171	0.772	-0.880	-0.761	1.197	0.867	-0.826
-0.645	1.300	1.048	-0.768	-0.851	1.171	0.772	-0.880	-0.761	1.200	0.869	-0.828
-0.642	1.285	1.089	-0.683	-0.850	1.177	0.777	-0.884	-0.760	1.190	0.862	-0.820
-0.637	1.279	1.117	-0.622	-0.850	1.177	0.777	-0.884	-0.760	1.183	0.858	-0.815
-0.630	1.292	1.021	-0.792	-0.850	1.177	0.777	-0.884	-0.761	1.199	0.868	-0.827
-0.619	1.309	1.035	-0.801	-0.850	1.177	0.777	-0.884	-0.761	1.210	0.876	-0.835
-0.607	1.309	1.069	-0.755	-0.850	1.177	0.777	-0.884	-0.761	1.208	0.875	-0.833
-0.597	1.294	1.107	-0.670	-0.851	1.170	0.772	-0.880	-0.760	1.193	0.864	-0.822
-0.593	1.286	1.054	-0.736	-0.851	1.170	0.772	-0.880	-0.761	1.190	0.862	-0.821
-0.599	1.294	0.925	-0.904	-0.851	1.170	0.772	-0.880	-0.763	1.202	0.869	-0.831
-0.618	1.287	0.942	-0.876	-0.851	1.170	0.772	-0.880	-0.763	1.197	0.865	-0.827
-0.643	1.305	0.894	-0.950	-0.851	1.170	0.772	-0.880	-0.763	1.212	0.876	-0.838
-0.664	1.309	0.982	-0.864	-0.851	1.170	0.772	-0.880	-0.763	1.210	0.875	-0.836
-0.679	1.305	1.026	-0.805	-0.851	1.170	0.772	-0.880	-0.761	1.205	0.872	-0.831
-0.683	1.307	1.036	-0.797	-0.851	1.170	0.772	-0.880	-0.761	1.206	0.873	-0.832
-0.689	1.295	1.043	-0.768	-0.851	1.170	0.772	-0.880	-0.761	1.197	0.867	-0.826
-0.696	1.301	1.022	-0.804	-0.851	1.170	0.772	-0.879	-0.761	1.202	0.870	-0.829
-0.706	1.306	1.021	-0.814	-0.851	1.170	0.772	-0.879	-0.761	1.206	0.873	-0.832
-0.699	1.308	1.079	-0.739	-0.851	1.170	0.772	-0.879	-0.761	1.204	0.872	-0.830
-0.679	1.293	1.074	-0.721	-0.851	1.170	0.772	-0.879	-0.761	1.194	0.865	-0.823
-0.657	1.285	1.044	-0.748	-0.850	1.168	0.771	-0.877	-0.760	1.189	0.862	-0.819
-0.646	1.267	1.046	-0.715	-0.850	1.168	0.771	-0.877	-0.760	1.176	0.853	-0.810
-0.644	1.273	0.966	-0.829	-0.850	1.168	0.771	-0.877	-0.761	1.185	0.858	-0.817
-0.645	1.265	1.016	-0.754	-0.850	1.168	0.771	-0.877	-0.760	1.177	0.853	-0.811
-0.644	1.297	1.045	-0.768	-0.850	1.168	0.771	-0.877	-0.760	1.198	0.868	-0.825
-0.638	1.302	1.082	-0.724	-0.850	1.168	0.771	-0.877	-0.759	1.200	0.870	-0.826
-0.625	1.311	1.107	-0.702	-0.850	1.168	0.771	-0.877	-0.759	1.205	0.874	-0.829
-0.613	1.310	1.017	-0.826	-0.850	1.168	0.771	-0.877	-0.760	1.209	0.876	-0.833
-0.619	1.306	1.021	-0.814	-0.850	1.168	0.771	-0.877	-0.761	1.205	0.873	-0.831
-0.630	1.301	0.963	-0.875	-0.850	1.168	0.771	-0.877	-0.761	1.206	0.873	-0.832
-0.642	1.273	1.012	-0.772	-0.850	1.168	0.771	-0.877	-0.761	1.202	0.870	-0.829
-0.646	1.278	0.979	-0.821	-0.850	1.168	0.771	-0.877	-0.761	1.188	0.860	-0.819
-0.650	1.287	0.975	-0.840	-0.850	1.168	0.771	-0.877	-0.761	1.195	0.865	-0.824
-0.666	1.299	0.981	-0.851	-0.850	1.168	0.771	-0.878	-0.761	1.203	0.871	-0.830
-0.684	1.312	1.018	-0.828	-0.850	1.168	0.771	-0.878	-0.761	1.211	0.877	-0.835
-0.694	1.309	1.041	-0.793	-0.849	1.167	0.771	-0.876	-0.760	1.206	0.874	-0.831
-0.697	1.306	1.051	-0.774	-0.849	1.167	0.771	-0.876	-0.760	1.203	0.872	-0.829
-0.693	1.301	1.015	-0.815	-0.851	1.165	0.769	-0.876	-0.761	1.202	0.870	-0.829
-0.686	1.291	1.043	-0.760	-0.851	1.165	0.769	-0.876	-0.760	1.193	0.864	-0.822
-0.677	1.287	1.072	-0.711	-0.851	1.165	0.769	-0.876	-0.760	1.188	0.861	-0.819
-0.664	1.302	1.087	-0.717	-0.851	1.165	0.769	-0.876	-0.761	1.198	0.868	-0.826
-0.651	1.294	1.115	-0.657	-0.851	1.165	0.769	-0.876	-0.759	1.191	0.864	-0.820
-0.632	1.291	1.123	-0.635	-0.851	1.165	0.769	-0.876	-0.760	1.188	0.861	-0.818
-0.614	1.286	1.097	-0.671	-0.851	1.165	0.769	-0.876	-0.760	1.186	0.860	-0.817
-0.604	1.288	1.086	-0.692	-0.851	1.165	0.769	-0.876	-0.760	1.188	0.861	-0.819
-0.604	1.275	1.051	-0.721	-0.851	1.165	0.769	-0.876	-0.761	1.181	0.855	-0.814
-0.604	1.270	1.015	-0.764	-0.851	1.165	0.769	-0.876	-0.761	1.179	0.854	-0.813
-0.608	1.277	1.003	-0.790	-0.851	1.165	0.769	-0.876	-0.761	1.173	0.849	-0.809
-0.620	1.296	0.962	-0.869	-0.851	1.165	0.768	-0.876	-0.761	1.185	0.858	-0.817
-0.633	1.296	0.994	-0.832	-0.851	1.165	0.768	-0.876	-0.762	1.200	0.868	-0.828
-0.648	1.302	0.990	-0.845	-0.851	1.165	0.768	-0.876	-0.762	1.204	0.871	-0.831
-0.666	1.303	0.941	-0.902	-0.851	1.165	0.768	-0.876	-0.763	1.207	0.873	-0.834
-0.684	1.299	0.975	-0.858	-0.851	1.165	0.768	-0.876	-0.762	1.202	0.870	-0.830
-0.699	1.292	0.973	-0.849	-0.851	1.165	0.768	-0.876	-0.762	1.197	0.866	-0.826
-0.706	1.300	0.950	-0.887	-0.851	1.165	0.768	-0.876	-0.763	1.205	0.871	-0.832
-0.710	1.275	0.951	-0.848	-0.851	1.165	0.768	-0.876	-0.762	1.186	0.858	-0.819
-0.715	1.282	0.953	-0.858	-0.851	1.165	0.768	-0.876	-0.762	1.192	0.862	-0.823
-0.718	1.286	0.999	-0.810	-0.851	1.165	0.768	-0.876	-0.761	1.192	0.863	-0.822
-0.713	1.293	0.999	-0.820	-0.851	1.165	0.768	-0.876	-0.761	1.196	0.866	-0.825
-0.697	1.288	1.041	-0.759	-0.851	1.165	0.768	-0.876	-0.761	1.190	0.862	-0.821
-0.692	1.298	0.999	-0.828	-0.851	1.165	0.768	-0.876	-0.762	1.200	0.868	-0.828
-0.693	1.312	0.893	-0.961	-0.851	1.165	0.768	-0.876	-0.763	1.216	0.879	-0.840
-0.709	1.335	0.850	-1.029	-0.851	1.165	0.768	-0.876	-0.764	1.235	0.892	-0.854
-0.726	1.318	0.892	-0.969	-0.850	1.168	0.771	-0.877	-0.762	1.221	0.883	-0.843
-0.730	1.300	1.016	-0.811	-0.850	1.168	0.771	-0.877	-0.761	1.202	0.870	-0.829
-0.723	1.277	1.053	-0.723	-0.850	1.168	0.771	-0.877	-0.760	1.183	0.858	-0.815
-0.714	1.280	1.048	-0.735	-0.851	1.169	0.771	-0.879	-0.761	1.186	0.859	-0.818
-0.714	1.295	0.984	-0.841	-0.851	1.169	0.771	-0.879	-0.762	1.200	0.868	-0.828
-0.718	1.293	0.981	-0.843	-0.851	1.176	0.775	-0.885	-0.763	1.201	0.868	-0.830
-0.728	1.295	0.962	-0.867	-0.851	1.176	0.775	-0.885	-0.763	1.204	0.870	-0.832
-0.731	1.312	0.954	-0.901	-0.851	1.176	0.775	-0.885	-0.763	1.217	0.879	-0.841
-0.717	1.307	0.972	-0.874	-0.851	1.176	0.775	-0.885	-0.763	1.212	0.876	-0.838
-0.704	1.299	0.929	-0.907	-0.851	1.176	0.775	-0.885	-0.764	1.207	0.872	-0.835
-0.706	1.301	0.944	-0.894	-0.851	1.176	0.775	-0.885	-0.764	1.209	0.873	-0.836
-0.717	1.284	0.953	-0.861	-0.851	1.176	0.775	-0.885	-0.764	1.196	0.864	-0.827
-0.714	1.308	1.093	-0.718	-0.851	1.176	0.775	-0.885	-0.762	1.195	0.864	-0.825
-0.702	1.296	1.121	-0.650	-0.851	1.176	0.775	-0.885	-0.761	1.195	0.866	-0.824
-0.683	1.295	1.098	-0.685	-0.854	1.187	0.780	-0.895	-0.765	1.199	0.865	-0.830
-0.671	1.281	0.986	-0.818	-0.854	1.187	0.780	-0.895	-0.765	1.201	0.866	-0.832
-0.668	1.280	1.012	-0.783	-0.854	1.187	0.780	-0.895	-0.766	1.196	0.862	-0.829
-0.658	1.288	1.025	-0.779	-0.854	1.191	0.783	-0.898	-0.765	1.199	0.865	-0.831
-0.648	1.289	1.019	-0.789	-0.854	1.191	0.783	-0.898	-0.765	1.201	0.866	-0.832
-0.641	1.298	0.996	-0.833	-0.854	1.191	0.783	-0.898	-0.766	1.209	0.871	-0.838
-0.643	1.295	0.988	-0.836	-0.853	1.193	0.785	-0.899	-0.765	1.207	0.871	-0.836
-0.654	1.296	1.014	-0.806	-0.853	1.193	0.785	-0.899	-0.765	1.206	0.870	-0.835
-0.667	1.297	1.011	-0.811	-0.853	1.193	0.785	-0.899	-0.765	1.207	0.871	-0.836
-0.680	1.301	0.991	-0.843	-0.853	1.193	0.785	-0.899	-0.766	1.212	0.874	-0.840
-0.687	1.290	0.991	-0.826	-0.853	1.193	0.785	-0.899	-0.765	1.204	0.868	-0.834
-0.688	1.285	0.987	-0.822	-0.853	1.193	0.785	-0.899	-0.765	1.200	0.866	-0.831
-0.689	1.265	1.008	-0.765	-0.853	1.193	0.785	-0.899	-0.766	1.193	0.860	-0.827
-0.690	1.288	1.010	-0.800	-0.853	1.193	0.785	-0.899	-0.765	1.202	0.867	-0.832
-0.687	1.299	1.030	-0.791	-0.853	1.193	0.785	-0.899	-0.764	1.208	0.872	-0.836
-0.684	1.310	1.033	-0.806	-0.853	1.193	0.785	-0.899	-0.765	1.216	0.877	-0.842
-0.683	1.303	1.021	-0.810	-0.853	1.193	0.785	-0.899	-0.765	1.212	0.874	-0.839
-0.681	1.289	1.044	-0.755	-0.853	1.193	0.785	-0.899	-0.764	1.200	0.866	-0.830
-0.671	1.291	1.077	-0.711	-0.853	1.193	0.785	-0.899	-0.764	1.200	0.866	-0.830
-0.664	1.300	1.058	-0.756	-0.853	1.193	0.785	-0.899	-0.764	1.208	0.872	-0.836
-0.664	1.307	0.964	-0.883	-0.853	1.193	0.785	-0.899	-0.766	1.218	0.878	-0.844
-0.663	1.292	1.016	-0.797	-0.853	1.193	0.785	-0.899	-0.765	1.203	0.868	-0.833
-0.659	1.271	1.034	-0.739	-0.853	1.193	0.785	-0.899	-0.765	1.187	0.857	-0.822
-0.659	1.299	0.996	-0.833	-0.853	1.193	0.785	-0.899	-0.765	1.203	0.868	-0.833
-0.661	1.304	1.004	-0.831	-0.853	1.193	0.785	-0.899	-0.765	1.213	0.875	-0.840
-0.657	1.275	0.944	-0.856	-0.853	1.193	0.785	-0.899	-0.765	1.207	0.871	-0.836
-0.657	1.275	0.944	-0.856	-0.853	1.194	0.785	-0.900	-0.766	1.195	0.861	-0.829
-0.665	1.265	0.983	-0.796	-0.853	1.194	0.785	-0.900	-0.766	1.186	0.855	-0.822
-0.666	1.278	1.014	-0.777	-0.853	1.194	0.785	-0.900	-0.765	1.194	0.861	-0.827
-0.655	1.282	1.069	-0.707	-0.853	1.194	0.785	-0.900	-0.765	1.193	0.861	-0.826
-0.635	1.273	1.019	-0.764	-0.853	1.194	0.785	-0.900	-0.765	1.191	0.859	-0.825
-0.634	1.278	1.028	-0.760	-0.853	1.194	0.785	-0.900	-0.765	1.194	0.861	-0.827
-0.646	1.285	0.969	-0.844	-0.853	1.190	0.783	-0.897	-0.766	1.200	0.865	-0.832
-0.657	1.293	0.991	-0.830	-0.853	1.190	0.783	-0.897	-0.765	1.205	0.869	-0.835
-0.662	1.301	1.008	-0.823	-0.853	1.190	0.783	-0.897	-0.765	1.210	0.873	-0.838
-0.654	1.279	1.086	-0.676	-0.853	1.190	0.783	-0.897	-0.764	1.190	0.859	-0.823
-0.634	1.281	1.127	-0.608	-0.853	1.190	0.783	-0.897	-0.763	1.188	0.859	-0.821
-0.618	1.280	1.132	-0.597	-0.853	1.190	0.783	-0.897	-0.763	1.188	0.858	-0.821
-0.615	1.287	1.033	-0.768	-0.853	1.190	0.783	-0.897	-0.765	1.199	0.865	-0.830
-0.623	1.284	1.076	-0.700	-0.853	1.190	0.783	-0.897	-0.765	1.207	0.870	-0.836
-0.615	1.305	1.019	-0.815	-0.853	1.190	0.783	-0.897	-0.766	1.212	0.874	-0.840
-0.612	1.298	0.943	-0.891	-0.854	1.188	0.781	-0.895	-0.767	1.209	0.871	-0.839
-0.622	1.294	1.003	-0.818	-0.853	1.186	0.781	-0.894	-0.765	1.204	0.869	-0.834
-0.637	1.282	1.023	-0.773	-0.853	1.186	0.781	-0.894	-0.765	1.195	0.862	-0.827
-0.652	1.273	0.985	-0.805	-0.852	1.185	0.781	-0.892	-0.764	1.188	0.858	-0.822
-0.668	1.287	0.923	-0.896	-0.852	1.185	0.781	-0.892	-0.765	1.202	0.867	-0.833
-0.696	1.319	0.970	-0.893	-0.852	1.185	0.781	-0.892	-0.766	1.216	0.877	-0.843
-0.696	1.319	0.970	-0.893	-0.852	1.185	0.781	-0.892	-0.766	1.216	0.877	-0.843
-0.720	1.299	0.981	-0.851	-0.852	1.186	0.781	-0.893	-0.764	1.208	0.872	-0.836
-0.723	1.291	0.983	-0.837	-0.852	1.186	0.781	-0.893	-0.764	1.202	0.868	-0.832
-0.716	1.294	1.026	-0.788	-0.852	1.186	0.781	-0.893	-0.764	1.202	0.868	-0.832
-0.710	1.292	1.088	-0.697	-0.852	1.186	0.781	-0.893	-0.762	1.197	0.866	-0.827
-0.703	1.284	1.061	-0.722	-0.852	1.186	0.781	-0.893	-0.763	1.192	0.862	-0.824
-0.690	1.293	1.041	-0.767	-0.852	1.186	0.781	-0.893	-0.764	1.200	0.867	-0.830
-0.671	1.284	1.061	-0.723	-0.852	1.186	0.781	-0.893	-0.763	1.193	0.862	-0.825
-0.656	1.283	1.045	-0.745	-0.852	1.186	0.781	-0.893	-0.763	1.193	0.862	-0.825
-0.640	1.289	1.079	-0.705	-0.852	1.186	0.781	-0.893	-0.763	1.195	0.864	-0.826
-0.634	1.298	1.011	-0.814	-0.852	1.187	0.781	-0.893	-0.764	1.206	0.871	-0.834
-0.629	1.295	0.963	-0.865	-0.852	1.187	0.781	-0.893	-0.764	1.207	0.871	-0.835
-0.630	1.288	0.942	-0.878	-0.852	1.186	0.781	-0.893	-0.765	1.203	0.868	-0.833
-0.655	1.292	1.022	-0.790	-0.852	1.186	0.781	-0.893	-0.764	1.202	0.868	-0.831
-0.652	1.278	1.110	-0.635	-0.852	1.186	0.781	-0.893	-0.763	1.194	0.863	-0.825
-0.643	1.274	1.081	-0.674	-0.852	1.186	0.781	-0.893	-0.763	1.185	0.857	-0.819
-0.644	1.270	0.953	-0.839	-0.852	1.186	0.781	-0.893	-0.763	1.173	0.848	-0.811
-0.644	1.270	0.953	-0.839	-0.852	1.186	0.781	-0.893	-0.765	1.189	0.858	-0.823
-0.656	1.278	0.938	-0.869	-0.852	1.186	0.781	-0.893	-0.765	1.196	0.863	-0.828
-0.666	1.304	0.883	-0.959	-0.852	1.186	0.781	-0.893	-0.766	1.218	0.878	-0.844
-0.674	1.315	0.961	-0.897	-0.852	1.186	0.781	-0.893	-0.765	1.221	0.881	-0.845
-0.670	1.311	0.983	-0.868	-0.852	1.186	0.781	-0.893	-0.764	1.218	0.879	-0.843
-0.664	1.294	1.068	-0.730	-0.852	1.186	0.781	-0.893	-0.763	1.200	0.867	-0.829
-0.666	1.300	1.072	-0.735	-0.852	1.186	0.781	-0.893	-0.763	1.204	0.870	-0.832
-0.678	1.308	1.056	-0.771	-0.852	1.186	0.781	-0.893	-0.763	1.211	0.875	-0.837
-0.691	1.325	1.017	-0.849	-0.852	1.186	0.781	-0.893	-0.764	1.226	0.885	-0.848
-0.697	1.311	0.997	-0.852	-0.852	1.186	0.781	-0.893	-0.764	1.216	0.878	-0.842
-0.690	1.288	1.032	-0.771	-0.852	1.187	0.781	-0.893	-0.763	1.198	0.866	-0.828
-0.674	1.268	1.030	-0.740	-0.852	1.187	0.781	-0.893	-0.763	1.183	0.855	-0.818
-0.657	1.266	1.032	-0.733	-0.852	1.187	0.781	-0.893	-0.763	1.182	0.854	-0.817
-0.644	1.268	1.048	-0.713	-0.852	1.187	0.782	-0.893	-0.763	1.183	0.855	-0.817
-0.644	1.292	1.008	-0.807	-0.852	1.187	0.782	-0.893	-0.764	1.202	0.868	-0.831
-0.651	1.301	1.022	-0.805	-0.852	1.187	0.782	-0.893	-0.764	1.207	0.872	-0.835
-0.661	1.294	1.018	-0.798	-0.852	1.187	0.782	-0.893	-0.764	1.203	0.869	-0.832
-0.673	1.297	1.010	-0.813	-0.852	1.187	0.782	-0.893	-0.764	1.206	0.871	-0.834
-0.668	1.299	1.018	-0.807	-0.852	1.187	0.782	-0.893	-0.764	1.207	0.872	-0.835
-0.665	1.300	1.017	-0.810	-0.852	1.187	0.782	-0.893	-0.764	1.207	0.872	-0.835
-0.672	1.299	1.001	-0.828	-0.852	1.187	0.782	-0.893	-0.764	1.207	0.872	-0.835
-0.686	1.305	0.897	-0.948	-0.852	1.187	0.782	-0.893	-0.766	1.218	0.878	-0.844
-0.714	1.322	0.912	-0.956	-0.853	1.188	0.782	-0.895	-0.766	1.219	0.879	-0.845
-0.714	1.322	0.912	-0.956	-0.853	1.188	0.782	-0.895	-0.766	1.228	0.885	-0.852
-0.727	1.308	0.891	-0.957	-0.853	1.192	0.784	-0.898	-0.767	1.222	0.880	-0.848
-0.739	1.319	0.845	-1.012	-0.852	1.195	0.786	-0.899	-0.768	1.231	0.886	-0.855
-0.756	1.308	0.823	-1.017	-0.852	1.195	0.786	-0.899	-0.767	1.226	0.883	-0.851
-0.782	1.326	0.702	-1.124	-0.852	1.195	0.786	-0.899	-0.769	1.245	0.895	-0.866
-0.809	1.317	0.803	-1.043	-0.852	1.195	0.786	-0.899	-0.767	1.233	0.888	-0.856
-0.839	1.310	0.918	-0.935	-0.852	1.195	0.786	-0.899	-0.766	1.223	0.881	-0.848
-0.830	1.294	1.008	-0.811	-0.852	1.195	0.786	-0.899	-0.765	1.206	0.870	-0.835
-0.822	1.284	0.991	-0.815	-0.852	1.195	0.786	-0.899	-0.765	1.199	0.865	-0.831
-0.809	1.284	1.015	-0.787	-0.852	1.195	0.786	-0.899	-0.765	1.199	0.865	-0.830
-0.797	1.300	1.015	-0.812	-0.852	1.195	0.786	-0.899	-0.765	1.210	0.873	-0.838
