phi_u	d_u	x_u	y_u	phi_v	d_v	x_v	y_v	phi_f	d_f	x_f	y_f
0.037	1.497	1.497	0.010	-0.272	1.272	1.225	-0.342	-0.241	1.366	1.327	-0.326
0.028	1.504	1.504	0.024	-0.272	1.272	1.225	-0.342	-0.241	1.371	1.331	-0.327
0.025	1.501	1.500	0.040	-0.285	1.237	1.187	-0.348	-0.251	1.357	1.315	-0.337
0.019	1.507	1.507	0.009	-0.285	1.237	1.187	-0.348	-0.252	1.362	1.319	-0.339
0.012	1.494	1.494	0.010	-0.285	1.237	1.187	-0.348	-0.252	1.353	1.310	-0.337
0.009	1.493	1.493	0.009	-0.291	1.220	1.169	-0.350	-0.257	1.346	1.302	-0.342
0.008	1.494	1.494	0.020	-0.291	1.220	1.169	-0.350	-0.257	1.347	1.303	-0.342
0.031	1.496	1.489	0.149	-0.296	1.203	1.151	-0.351	-0.260	1.341	1.296	-0.345
0.031	1.496	1.489	0.149	-0.296	1.203	1.151	-0.351	-0.260	1.344	1.299	-0.345
0.039	1.509	1.504	0.122	-0.296	1.203	1.151	-0.351	-0.260	1.352	1.307	-0.347
0.043	1.508	1.505	0.092	-0.296	1.203	1.151	-0.351	-0.260	1.351	1.306	-0.347
0.042	1.491	1.491	-0.033	-0.296	1.203	1.151	-0.351	-0.261	1.339	1.294	-0.346
0.040	1.478	1.477	0.033	-0.296	1.203	1.151	-0.351	-0.261	1.331	1.286	-0.343
0.040	1.478	1.477	0.033	-0.296	1.203	1.151	-0.351	-0.261	1.330	1.285	-0.343
0.041	1.486	1.486	-0.006	-0.296	1.203	1.151	-0.351	-0.261	1.336	1.291	-0.345
0.039	1.483	1.483	0.040	-0.296	1.203	1.151	-0.351	-0.261	1.335	1.290	-0.344
0.034	1.485	1.483	0.073	-0.296	1.203	1.151	-0.351	-0.260	1.336	1.291	-0.344
0.031	1.481	1.478	0.096	-0.296	1.203	1.151	-0.351	-0.260	1.333	1.288	-0.343
0.029	1.478	1.472	0.129	-0.296	1.203	1.151	-0.351	-0.260	1.331	1.286	-0.342
0.044	1.473	1.463	0.174	-0.296	1.203	1.151	-0.351	-0.260	1.333	1.288	-0.342
0.044	1.473	1.463	0.174	-0.296	1.203	1.151	-0.351	-0.260	1.329	1.284	-0.341
0.064	1.475	1.472	0.103	-0.296	1.203	1.151	-0.351	-0.259	1.325	1.281	-0.340
0.071	1.472	1.469	0.096	-0.301	1.191	1.138	-0.353	-0.264	1.326	1.280	-0.346
0.077	1.480	1.477	0.101	-0.301	1.191	1.138	-0.353	-0.264	1.329	1.283	-0.347
0.084	1.490	1.482	0.146	-0.306	1.188	1.133	-0.358	-0.268	1.334	1.286	-0.353
0.091	1.494	1.489	0.120	-0.306	1.188	1.133	-0.358	-0.268	1.337	1.289	-0.354
0.092	1.497	1.494	0.098	-0.310	1.185	1.129	-0.362	-0.272	1.338	1.289	-0.359
0.085	1.487	1.487	0.012	-0.310	1.185	1.129	-0.362	-0.272	1.331	1.282	-0.358
0.073	1.475	1.475	-0.018	-0.310	1.185	1.129	-0.362	-0.272	1.323	1.274	-0.356
0.063	1.477	1.477	0.017	-0.310	1.185	1.129	-0.362	-0.272	1.324	1.275	-0.356
0.055	1.487	1.485	0.069	-0.310	1.185	1.129	-0.362	-0.272	1.331	1.282	-0.358
0.050	1.481	1.480	0.051	-0.310	1.185	1.129	-0.362	-0.272	1.327	1.278	-0.357
0.042	1.476	1.476	0.043	-0.310	1.185	1.129	-0.362	-0.272	1.327	1.278	-0.357
0.039	1.480	1.476	0.112	-0.310	1.185	1.129	-0.362	-0.272	1.327	1.278	-0.356
0.036	1.488	1.484	0.108	-0.310	1.185	1.129	-0.362	-0.272	1.332	1.283	-0.358
0.034	1.494	1.492	0.077	-0.310	1.185	1.129	-0.362	-0.272	1.336	1.287	-0.359
0.047	1.488	1.476	0.181	-0.310	1.185	1.129	-0.362	-0.272	1.330	1.281	-0.357
0.056	1.475	1.464	0.182	-0.310	1.185	1.129	-0.362	-0.272	1.323	1.275	-0.355
0.064	1.469	1.463	0.136	-0.310	1.185	1.129	-0.362	-0.272	1.319	1.271	-0.354
0.068	1.472	1.467	0.120	-0.310	1.185	1.129	-0.362	-0.272	1.322	1.273	-0.355
0.067	1.479	1.479	0.026	-0.310	1.185	1.129	-0.362	-0.273	1.326	1.277	-0.357
0.059	1.492	1.492	-0.006	-0.313	1.185	1.127	-0.365	-0.275	1.331	1.281	-0.362
0.055	1.489	1.488	0.064	-0.313	1.185	1.127	-0.365	-0.275	1.333	1.283	-0.362
0.058	1.476	1.467	0.160	-0.313	1.185	1.127	-0.365	-0.274	1.323	1.274	-0.358
0.064	1.482	1.472	0.170	-0.316	1.185	1.126	-0.368	-0.276	1.327	1.277	-0.362
0.065	1.474	1.465	0.155	-0.316	1.185	1.126	-0.368	-0.277	1.322	1.272	-0.361
0.063	1.471	1.467	0.101	-0.318	1.185	1.126	-0.370	-0.279	1.320	1.269	-0.363
0.059	1.478	1.474	0.100	-0.318	1.185	1.126	-0.370	-0.278	1.325	1.274	-0.364
0.060	1.487	1.480	0.151	-0.318	1.185	1.126	-0.370	-0.278	1.332	1.281	-0.366
0.067	1.481	1.474	0.144	-0.318	1.185	1.126	-0.370	-0.278	1.327	1.276	-0.364
0.077	1.475	1.468	0.143	-0.318	1.185	1.126	-0.370	-0.278	1.323	1.272	-0.363
0.102	1.466	1.448	0.232	-0.318	1.185	1.126	-0.370	-0.278	1.321	1.270	-0.362
0.109	1.468	1.455	0.199	-0.318	1.185	1.126	-0.370	-0.278	1.317	1.267	-0.361
0.112	1.472	1.454	0.232	-0.318	1.185	1.126	-0.370	-0.277	1.322	1.271	-0.362
0.117	1.474	1.461	0.199	-0.318	1.185	1.126	-0.370	-0.278	1.323	1.272	-0.363
0.123	1.472	1.461	0.172	-0.318	1.185	1.126	-0.370	-0.278	1.321	1.270	-0.362
0.125	1.479	1.475	0.113	-0.318	1.185	1.126	-0.370	-0.278	1.326	1.275	-0.364
0.123	1.478	1.477	0.058	-0.318	1.185	1.126	-0.370	-0.279	1.325	1.274	-0.365
0.119	1.474	1.472	0.079	-0.318	1.185	1.126	-0.370	-0.279	1.322	1.271	-0.364
0.116	1.475	1.466	0.163	-0.318	1.185	1.126	-0.370	-0.278	1.323	1.272	-0.363
0.113	1.495	1.488	0.140	-0.318	1.185	1.126	-0.371	-0.279	1.337	1.285	-0.368
0.110	1.502	1.489	0.198	-0.318	1.185	1.126	-0.371	-0.279	1.342	1.290	-0.369
0.111	1.491	1.470	0.247	-0.318	1.185	1.126	-0.371	-0.278	1.334	1.283	-0.366
0.114	1.480	1.461	0.237	-0.318	1.185	1.126	-0.371	-0.278	1.332	1.281	-0.365
0.113	1.489	1.481	0.154	-0.318	1.185	1.126	-0.371	-0.278	1.327	1.276	-0.364
0.112	1.493	1.487	0.135	-0.318	1.185	1.126	-0.371	-0.279	1.336	1.284	-0.368
0.119	1.492	1.479	0.193	-0.318	1.185	1.125	-0.371	-0.279	1.337	1.285	-0.368
0.119	1.492	1.479	0.193	-0.318	1.185	1.125	-0.371	-0.279	1.334	1.283	-0.367
0.124	1.486	1.474	0.186	-0.318	1.185	1.125	-0.371	-0.279	1.330	1.279	-0.366
0.128	1.473	1.465	0.153	-0.318	1.185	1.125	-0.371	-0.279	1.322	1.271	-0.364
0.125	1.475	1.473	0.080	-0.318	1.185	1.125	-0.371	-0.279	1.323	1.272	-0.365
0.113	1.476	1.476	0.027	-0.318	1.185	1.125	-0.371	-0.279	1.323	1.272	-0.365
0.102	1.482	1.478	0.113	-0.318	1.185	1.125	-0.371	-0.279	1.327	1.276	-0.366
0.095	1.497	1.487	0.173	-0.318	1.185	1.125	-0.371	-0.279	1.339	1.287	-0.368
0.099	1.488	1.482	0.126	-0.318	1.185	1.125	-0.371	-0.279	1.332	1.280	-0.367
0.095	1.483	1.482	0.055	-0.318	1.185	1.125	-0.371	-0.279	1.328	1.277	-0.366
0.084	1.470	1.470	0.004	-0.318	1.185	1.125	-0.371	-0.280	1.319	1.268	-0.364
0.070	1.466	1.466	0.011	-0.318	1.185	1.125	-0.371	-0.280	1.316	1.265	-0.364
0.061	1.462	1.461	0.046	-0.318	1.185	1.125	-0.371	-0.279	1.314	1.263	-0.362
0.057	1.466	1.464	0.065	-0.318	1.185	1.125	-0.371	-0.279	1.316	1.265	-0.363
0.056	1.464	1.464	0.023	-0.318	1.185	1.125	-0.371	-0.280	1.315	1.264	-0.363
0.052	1.472	1.472	-0.009	-0.318	1.185	1.125	-0.371	-0.280	1.320	1.269	-0.365
0.045	1.490	1.485	0.117	-0.318	1.185	1.125	-0.371	-0.279	1.333	1.281	-0.367
0.038	1.490	1.484	0.123	-0.318	1.185	1.125	-0.371	-0.279	1.333	1.281	-0.367
0.035	1.479	1.474	0.122	-0.318	1.185	1.125	-0.371	-0.279	1.325	1.274	-0.365
0.045	1.463	1.462	0.049	-0.318	1.185	1.125	-0.371	-0.280	1.314	1.263	-0.363
0.046	1.459	1.459	0.032	-0.318	1.185	1.125	-0.371	-0.280	1.312	1.261	-0.362
0.044	1.464	1.464	-0.004	-0.318	1.185	1.125	-0.371	-0.280	1.315	1.264	-0.363
0.043	1.483	1.480	0.084	-0.318	1.185	1.125	-0.371	-0.280	1.318	1.267	-0.364
0.043	1.483	1.480	0.084	-0.318	1.185	1.125	-0.371	-0.279	1.327	1.276	-0.366
0.049	1.475	1.471	0.101	-0.318	1.185	1.125	-0.371	-0.279	1.322	1.271	-0.364
0.052	1.481	1.477	0.097	-0.318	1.185	1.125	-0.371	-0.280	1.326	1.275	-0.366
0.051	1.478	1.474	0.106	-0.318	1.185	1.125	-0.371	-0.279	1.324	1.273	-0.365
0.047	1.477	1.476	0.037	-0.318	1.185	1.125	-0.371	-0.279	1.323	1.272	-0.365
0.041	1.483	1.482	0.054	-0.318	1.185	1.125	-0.371	-0.279	1.328	1.277	-0.366
0.043	1.480	1.475	0.122	-0.318	1.185	1.125	-0.371	-0.279	1.326	1.275	-0.365
0.051	1.483	1.472	0.185	-0.318	1.185	1.125	-0.371	-0.278	1.329	1.278	-0.365
0.064	1.473	1.472	0.067	-0.318	1.185	1.125	-0.371	-0.280	1.321	1.270	-0.365
0.065	1.470	1.467	0.087	-0.318	1.185	1.125	-0.371	-0.280	1.319	1.268	-0.364
0.064	1.481	1.476	0.121	-0.318	1.185	1.125	-0.371	-0.279	1.327	1.276	-0.365
0.070	1.476	1.468	0.151	-0.318	1.185	1.125	-0.371	-0.279	1.323	1.272	-0.364
0.076	1.475	1.465	0.174	-0.318	1.185	1.125	-0.371	-0.279	1.323	1.272	-0.364
0.081	1.469	1.464	0.117	-0.318	1.185	1.125	-0.371	-0.279	1.319	1.268	-0.363
0.086	1.471	1.469	0.087	-0.318	1.185	1.125	-0.371	-0.279	1.320	1.269	-0.364
0.085	1.474	1.472	0.083	-0.318	1.185	1.125	-0.371	-0.280	1.322	1.271	-0.365
0.081	1.481	1.476	0.123	-0.318	1.185	1.125	-0.371	-0.279	1.327	1.276	-0.366
0.076	1.487	1.485	0.057	-0.318	1.185	1.125	-0.371	-0.279	1.331	1.279	-0.367
0.072	1.479	1.479	0.012	-0.318	1.185	1.126	-0.371	-0.280	1.326	1.274	-0.366
0.061	1.484	1.484	0.009	-0.318	1.185	1.126	-0.371	-0.280	1.329	1.277	-0.367
0.052	1.482	1.480	0.081	-0.318	1.185	1.126	-0.371	-0.279	1.327	1.276	-0.366
0.045	1.494	1.493	0.064	-0.318	1.185	1.125	-0.371	-0.280	1.336	1.284	-0.369
0.040	1.494	1.493	0.062	-0.318	1.185	1.125	-0.371	-0.280	1.336	1.284	-0.369
0.037	1.490	1.488	0.082	-0.318	1.185	1.125	-0.371	-0.280	1.333	1.281	-0.368
0.035	1.485	1.485	0.021	-0.318	1.185	1.125	-0.371	-0.280	1.330	1.278	-0.367
0.032	1.474	1.473	0.039	-0.318	1.185	1.125	-0.371	-0.280	1.321	1.270	-0.365
0.031	1.467	1.466	0.054	-0.318	1.185	1.125	-0.371	-0.280	1.317	1.266	-0.364
0.034	1.462	1.460	0.071	-0.318	1.185	1.125	-0.371	-0.279	1.314	1.263	-0.362
0.039	1.474	1.473	0.046	-0.318	1.185	1.125	-0.371	-0.280	1.321	1.270	-0.365
0.042	1.480	1.480	0.002	-0.318	1.185	1.125	-0.371	-0.280	1.326	1.274	-0.367
0.039	1.492	1.492	-0.011	-0.318	1.185	1.125	-0.371	-0.280	1.334	1.282	-0.369
0.021	1.488	1.487	-0.063	-0.318	1.185	1.125	-0.371	-0.281	1.332	1.280	-0.369
0.014	1.482	1.482	-0.012	-0.318	1.185	1.125	-0.371	-0.280	1.328	1.276	-0.367
0.012	1.476	1.474	0.066	-0.318	1.185	1.125	-0.371	-0.279	1.323	1.272	-0.365
0.014	1.480	1.474	0.127	-0.318	1.185	1.125	-0.371	-0.279	1.326	1.275	-0.365
0.018	1.483	1.479	0.114	-0.318	1.185	1.125	-0.371	-0.279	1.328	1.277	-0.366
0.020	1.485	1.482	0.096	-0.318	1.185	1.125	-0.371	-0.280	1.330	1.278	-0.367
0.018	1.484	1.481	0.100	-0.318	1.185	1.125	-0.371	-0.279	1.329	1.278	-0.366
0.019	1.473	1.470	0.096	-0.318	1.185	1.125	-0.371	-0.279	1.321	1.270	-0.364
0.027	1.471	1.468	0.098	-0.318	1.185	1.125	-0.371	-0.279	1.320	1.269	-0.364
0.036	1.465	1.461	0.107	-0.319	1.185	1.125	-0.371	-0.279	1.316	1.265	-0.363
0.046	1.458	1.456	0.070	-0.319	1.185	1.125	-0.371	-0.280	1.311	1.260	-0.362
0.056	1.469	1.465	0.113	-0.319	1.185	1.125	-0.371	-0.280	1.319	1.268	-0.364
0.059	1.477	1.471	0.129	-0.319	1.185	1.125	-0.371	-0.279	1.324	1.273	-0.365
0.059	1.472	1.467	0.116	-0.319	1.185	1.125	-0.371	-0.279	1.320	1.269	-0.364
0.058	1.473	1.472	0.058	-0.319	1.185	1.125	-0.371	-0.280	1.321	1.270	-0.365
0.054	1.478	1.478	0.004	-0.319	1.185	1.125	-0.371	-0.280	1.325	1.273	-0.366
0.050	1.490	1.490	0.021	-0.319	1.185	1.125	-0.371	-0.280	1.333	1.281	-0.368
0.047	1.490	1.486	0.116	-0.319	1.185	1.125	-0.371	-0.280	1.334	1.282	-0.368
0.049	1.484	1.480	0.109	-0.319	1.185	1.125	-0.371	-0.279	1.328	1.277	-0.366
0.051	1.469	1.464	0.114	-0.319	1.185	1.125	-0.371	-0.279	1.318	1.267	-0.363
0.048	1.475	1.474	-0.022	-0.319	1.185	1.125	-0.371	-0.281	1.322	1.270	-0.366
0.040	1.467	1.465	-0.072	-0.319	1.185	1.125	-0.371	-0.281	1.318	1.266	-0.365
0.016	1.476	1.475	-0.034	-0.319	1.185	1.125	-0.371	-0.280	1.323	1.271	-0.366
0.011	1.479	1.479	0.005	-0.319	1.185	1.125	-0.371	-0.280	1.326	1.274	-0.366
0.013	1.482	1.480	0.077	-0.319	1.185	1.125	-0.371	-0.279	1.327	1.276	-0.366
0.016	1.479	1.478	0.061	-0.319	1.185	1.125	-0.371	-0.280	1.326	1.274	-0.366
0.013	1.476	1.476	0.012	-0.319	1.184	1.124	-0.371	-0.280	1.323	1.271	-0.366
0.007	1.493	1.493	0.027	-0.319	1.184	1.124	-0.371	-0.280	1.335	1.283	-0.369
0.004	1.496	1.493	0.105	-0.319	1.185	1.125	-0.371	-0.279	1.338	1.286	-0.369
0.012	1.495	1.489	0.132	-0.319	1.185	1.125	-0.371	-0.279	1.337	1.285	-0.368
0.025	1.489	1.482	0.142	-0.320	1.186	1.126	-0.373	-0.280	1.333	1.281	-0.369
0.034	1.485	1.484	0.051	-0.320	1.186	1.126	-0.373	-0.281	1.330	1.278	-0.369
0.036	1.486	1.485	-0.046	-0.320	1.186	1.126	-0.373	-0.282	1.330	1.278	-0.370
0.021	1.473	1.467	-0.133	-0.320	1.186	1.126	-0.373	-0.282	1.322	1.270	-0.368
0.011	1.475	1.474	-0.070	-0.320	1.186	1.126	-0.373	-0.282	1.323	1.271	-0.368
0.004	1.481	1.481	-0.029	-0.320	1.186	1.126	-0.373	-0.282	1.327	1.275	-0.369
0.012	1.498	1.480	0.233	-0.320	1.186	1.126	-0.373	-0.281	1.327	1.275	-0.368
0.019	1.497	1.479	0.227	-0.320	1.186	1.126	-0.373	-0.279	1.338	1.286	-0.369
0.024	1.493	1.479	0.207	-0.320	1.186	1.126	-0.373	-0.280	1.336	1.284	-0.369
0.029	1.488	1.481	0.141	-0.320	1.186	1.126	-0.373	-0.280	1.332	1.280	-0.368
0.035	1.494	1.492	0.071	-0.320	1.186	1.126	-0.373	-0.281	1.336	1.284	-0.370
0.047	1.489	1.487	0.084	-0.320	1.186	1.126	-0.373	-0.280	1.333	1.281	-0.369
0.070	1.494	1.492	0.083	-0.320	1.186	1.126	-0.373	-0.281	1.335	1.283	-0.370
0.080	1.497	1.496	0.074	-0.320	1.186	1.126	-0.373	-0.281	1.338	1.286	-0.371
0.084	1.489	1.486	0.085	-0.320	1.186	1.126	-0.373	-0.281	1.332	1.280	-0.369
0.076	1.475	1.474	0.060	-0.318	1.186	1.126	-0.371	-0.279	1.323	1.272	-0.365
0.062	1.482	1.482	-0.002	-0.318	1.186	1.126	-0.371	-0.280	1.328	1.276	-0.367
0.047	1.475	1.475	0.017	-0.318	1.186	1.126	-0.371	-0.280	1.323	1.271	-0.366
0.037	1.478	1.477	-0.020	-0.318	1.186	1.126	-0.371	-0.280	1.325	1.273	-0.366
0.029	1.479	1.478	-0.065	-0.318	1.186	1.126	-0.371	-0.280	1.326	1.274	-0.367
0.019	1.467	1.465	-0.079	-0.318	1.186	1.126	-0.371	-0.281	1.318	1.266	-0.365
0.007	1.476	1.475	-0.060	-0.318	1.186	1.126	-0.371	-0.280	1.324	1.272	-0.366
0.002	1.471	1.471	-0.007	-0.318	1.186	1.126	-0.371	-0.280	1.320	1.269	-0.365
-0.003	1.472	1.472	0.031	-0.318	1.186	1.126	-0.371	-0.280	1.321	1.270	-0.365
-0.006	1.477	1.476	0.035	-0.318	1.186	1.126	-0.371	-0.280	1.322	1.271	-0.365
-0.006	1.486	1.484	0.062	-0.318	1.186	1.126	-0.371	-0.280	1.330	1.278	-0.367
-0.007	1.481	1.480	-0.067	-0.318	1.186	1.126	-0.371	-0.280	1.328	1.276	-0.367
-0.009	1.487	1.487	-0.042	-0.318	1.186	1.126	-0.371	-0.280	1.332	1.280	-0.368
-0.014	1.486	1.480	-0.127	-0.318	1.186	1.126	-0.371	-0.281	1.330	1.278	-0.369
-0.015	1.478	1.476	-0.075	-0.318	1.186	1.126	-0.371	-0.281	1.325	1.273	-0.367
-0.015	1.475	1.472	-0.093	-0.318	1.186	1.126	-0.371	-0.281	1.323	1.271	-0.367
-0.022	1.478	1.469	-0.162	-0.318	1.186	1.126	-0.371	-0.281	1.325	1.273	-0.368
-0.032	1.483	1.476	-0.147	-0.318	1.186	1.126	-0.371	-0.281	1.329	1.277	-0.369
-0.047	1.478	1.462	-0.217	-0.318	1.186	1.126	-0.371	-0.282	1.326	1.274	-0.369
-0.081	1.471	1.460	-0.176	-0.318	1.186	1.126	-0.371	-0.282	1.321	1.269	-0.367
-0.090	1.466	1.459	-0.150	-0.318	1.186	1.126	-0.371	-0.282	1.321	1.269	-0.367
-0.096	1.475	1.470	-0.119	-0.318	1.186	1.126	-0.371	-0.281	1.323	1.271	-0.367
-0.098	1.480	1.473	-0.137	-0.318	1.186	1.126	-0.371	-0.281	1.326	1.274	-0.368
-0.101	1.475	1.466	-0.157	-0.318	1.186	1.126	-0.371	-0.281	1.323	1.271	-0.367
-0.101	1.480	1.476	-0.104	-0.318	1.186	1.126	-0.371	-0.281	1.326	1.274	-0.368
-0.099	1.482	1.476	-0.126	-0.318	1.186	1.126	-0.371	-0.281	1.327	1.275	-0.368
-0.098	1.472	1.466	-0.131	-0.318	1.186	1.126	-0.371	-0.281	1.321	1.269	-0.366
-0.094	1.470	1.463	-0.140	-0.318	1.186	1.126	-0.371	-0.281	1.320	1.268	-0.366
-0.088	1.469	1.461	-0.155	-0.318	1.186	1.126	-0.371	-0.281	1.320	1.268	-0.366
-0.087	1.467	1.460	-0.138	-0.318	1.186	1.126	-0.371	-0.281	1.318	1.266	-0.366
-0.100	1.452	1.446	-0.127	-0.318	1.186	1.126	-0.371	-0.281	1.320	1.268	-0.366
-0.100	1.453	1.449	-0.108	-0.318	1.186	1.126	-0.371	-0.281	1.308	1.257	-0.363
-0.100	1.455	1.453	-0.062	-0.318	1.186	1.126	-0.371	-0.280	1.309	1.258	-0.362
-0.093	1.461	1.461	0.015	-0.318	1.186	1.126	-0.371	-0.280	1.313	1.262	-0.363
-0.090	1.465	1.460	-0.117	-0.318	1.186	1.126	-0.371	-0.281	1.317	1.265	-0.365
-0.089	1.476	1.468	-0.149	-0.318	1.186	1.126	-0.371	-0.281	1.324	1.272	-0.367
-0.086	1.497	1.495	-0.075	-0.318	1.186	1.126	-0.371	-0.281	1.334	1.282	-0.370
-0.086	1.497	1.495	-0.075	-0.318	1.186	1.126	-0.371	-0.281	1.334	1.282	-0.370
-0.075	1.489	1.489	-0.007	-0.318	1.186	1.126	-0.371	-0.280	1.333	1.281	-0.368
-0.044	1.468	1.467	0.066	-0.318	1.186	1.126	-0.371	-0.280	1.318	1.267	-0.364
-0.031	1.476	1.475	0.050	-0.318	1.186	1.126	-0.371	-0.279	1.323	1.272	-0.365
-0.023	1.471	1.471	0.018	-0.320	1.187	1.127	-0.373	-0.281	1.321	1.269	-0.366
-0.026	1.474	1.472	-0.061	-0.320	1.187	1.127	-0.373	-0.281	1.322	1.270	-0.367
-0.025	1.463	1.458	-0.119	-0.321	1.187	1.127	-0.374	-0.284	1.316	1.263	-0.368
-0.024	1.465	1.458	-0.142	-0.321	1.187	1.127	-0.374	-0.283	1.316	1.264	-0.368
-0.024	1.461	1.454	-0.140	-0.319	1.187	1.127	-0.373	-0.282	1.314	1.262	-0.366
-0.025	1.465	1.456	-0.162	-0.319	1.187	1.127	-0.373	-0.282	1.317	1.265	-0.367
-0.031	1.476	1.474	-0.086	-0.319	1.187	1.127	-0.373	-0.282	1.324	1.272	-0.368
-0.037	1.476	1.476	-0.023	-0.319	1.187	1.127	-0.373	-0.281	1.324	1.272	-0.367
-0.040	1.472	1.471	0.024	-0.319	1.187	1.127	-0.373	-0.281	1.321	1.269	-0.366
-0.039	1.468	1.465	0.090	-0.319	1.187	1.127	-0.373	-0.280	1.319	1.267	-0.365
-0.028	1.488	1.487	0.041	-0.319	1.187	1.127	-0.373	-0.281	1.332	1.280	-0.369
-0.020	1.488	1.488	0.008	-0.319	1.187	1.127	-0.373	-0.281	1.332	1.280	-0.369
-0.013	1.486	1.485	-0.029	-0.319	1.187	1.127	-0.373	-0.281	1.330	1.278	-0.369
-0.007	1.478	1.476	-0.076	-0.319	1.187	1.127	-0.373	-0.281	1.325	1.273	-0.368
-0.002	1.471	1.469	-0.080	-0.319	1.187	1.127	-0.373	-0.282	1.321	1.269	-0.367
-0.001	1.476	1.474	-0.066	-0.319	1.187	1.127	-0.373	-0.282	1.324	1.272	-0.368
-0.004	1.477	1.476	-0.062	-0.319	1.187	1.127	-0.373	-0.281	1.325	1.273	-0.368
-0.021	1.481	1.481	-0.020	-0.319	1.187	1.127	-0.373	-0.282	1.335	1.282	-0.371
-0.026	1.482	1.482	-0.001	-0.319	1.187	1.127	-0.373	-0.281	1.328	1.276	-0.368
-0.032	1.472	1.471	-0.057	-0.319	1.187	1.127	-0.373	-0.282	1.321	1.269	-0.367
-0.032	1.482	1.480	-0.082	-0.319	1.187	1.127	-0.373	-0.282	1.328	1.276	-0.369
-0.033	1.482	1.480	-0.077	-0.319	1.187	1.127	-0.373	-0.282	1.328	1.276	-0.369
-0.033	1.498	1.497	-0.068	-0.319	1.187	1.127	-0.373	-0.281	1.340	1.287	-0.372
-0.030	1.503	1.501	-0.075	-0.319	1.187	1.127	-0.373	-0.281	1.343	1.290	-0.373
-0.032	1.508	1.506	-0.089	-0.319	1.187	1.127	-0.373	-0.282	1.346	1.293	-0.374
-0.036	1.505	1.502	-0.090	-0.319	1.187	1.127	-0.373	-0.282	1.344	1.291	-0.374
-0.039	1.495	1.494	-0.047	-0.318	1.187	1.127	-0.371	-0.281	1.336	1.284	-0.370
-0.040	1.496	1.495	-0.043	-0.318	1.187	1.127	-0.371	-0.280	1.337	1.285	-0.370
-0.040	1.498	1.498	-0.008	-0.318	1.187	1.127	-0.371	-0.280	1.339	1.287	-0.370
-0.041	1.489	1.487	-0.071	-0.318	1.187	1.127	-0.371	-0.280	1.333	1.281	-0.369
-0.043	1.487	1.484	-0.084	-0.318	1.187	1.127	-0.371	-0.281	1.331	1.279	-0.369
-0.043	1.471	1.470	-0.063	-0.318	1.187	1.127	-0.371	-0.281	1.321	1.269	-0.366
-0.046	1.466	1.463	-0.096	-0.318	1.187	1.127	-0.371	-0.281	1.318	1.266	-0.365
-0.048	1.463	1.458	-0.120	-0.318	1.187	1.127	-0.371	-0.281	1.316	1.264	-0.365
-0.052	1.465	1.458	-0.141	-0.318	1.187	1.127	-0.371	-0.281	1.317	1.265	-0.365
-0.056	1.469	1.466	-0.095	-0.318	1.187	1.127	-0.371	-0.281	1.320	1.268	-0.366
-0.061	1.467	1.465	-0.080	-0.318	1.187	1.127	-0.371	-0.281	1.318	1.266	-0.365
-0.069	1.465	1.458	-0.142	-0.318	1.187	1.127	-0.371	-0.281	1.317	1.265	-0.365
-0.074	1.470	1.465	-0.128	-0.318	1.187	1.127	-0.371	-0.281	1.321	1.269	-0.366
-0.079	1.470	1.460	-0.169	-0.318	1.187	1.127	-0.371	-0.282	1.320	1.268	-0.367
-0.084	1.476	1.461	-0.209	-0.318	1.187	1.127	-0.371	-0.282	1.324	1.272	-0.368
-0.092	1.469	1.460	-0.163	-0.318	1.187	1.127	-0.371	-0.281	1.320	1.268	-0.366
-0.095	1.477	1.467	-0.170	-0.318	1.187	1.128	-0.371	-0.281	1.325	1.273	-0.368
-0.095	1.477	1.471	-0.138	-0.318	1.187	1.128	-0.371	-0.281	1.325	1.273	-0.368
-0.095	1.477	1.472	-0.113	-0.318	1.187	1.128	-0.371	-0.281	1.325	1.273	-0.367
-0.096	1.477	1.474	-0.097	-0.317	1.187	1.128	-0.370	-0.281	1.325	1.273	-0.367
-0.096	1.473	1.466	-0.147	-0.317	1.187	1.128	-0.370	-0.280	1.323	1.271	-0.366
-0.094	1.471	1.468	-0.095	-0.317	1.187	1.128	-0.370	-0.280	1.320	1.269	-0.365
-0.090	1.467	1.465	-0.082	-0.317	1.187	1.128	-0.370	-0.280	1.318	1.267	-0.364
-0.083	1.467	1.465	-0.090	-0.317	1.187	1.128	-0.370	-0.280	1.318	1.267	-0.364
-0.083	1.475	1.466	-0.165	-0.317	1.187	1.128	-0.370	-0.281	1.324	1.272	-0.367
-0.083	1.487	1.479	-0.146	-0.317	1.187	1.128	-0.370	-0.280	1.331	1.279	-0.368
-0.078	1.484	1.482	-0.075	-0.317	1.187	1.128	-0.370	-0.280	1.330	1.278	-0.367
-0.072	1.480	1.480	-0.038	-0.317	1.187	1.128	-0.370	-0.279	1.327	1.276	-0.366
-0.068	1.484	1.483	-0.064	-0.317	1.187	1.128	-0.370	-0.280	1.330	1.278	-0.367
-0.066	1.475	1.469	-0.133	-0.317	1.187	1.128	-0.370	-0.280	1.324	1.272	-0.366
-0.069	1.473	1.466	-0.148	-0.317	1.187	1.128	-0.370	-0.280	1.323	1.271	-0.366
-0.072	1.470	1.459	-0.174	-0.317	1.187	1.128	-0.370	-0.281	1.320	1.268	-0.366
-0.079	1.472	1.466	-0.137	-0.317	1.187	1.128	-0.370	-0.281	1.322	1.270	-0.366
-0.080	1.462	1.454	-0.146	-0.317	1.187	1.128	-0.370	-0.281	1.314	1.263	-0.364
-0.077	1.458	1.454	-0.104	-0.317	1.187	1.128	-0.370	-0.280	1.312	1.261	-0.363
-0.073	1.461	1.460	-0.068	-0.317	1.187	1.128	-0.370	-0.280	1.314	1.263	-0.363
-0.071	1.463	1.461	-0.074	-0.317	1.187	1.128	-0.370	-0.280	1.315	1.264	-0.363
-0.074	1.476	1.473	-0.093	-0.317	1.187	1.128	-0.370	-0.280	1.324	1.272	-0.366
-0.079	1.475	1.471	-0.101	-0.317	1.187	1.128	-0.370	-0.279	1.323	1.272	-0.365
-0.075	1.476	1.474	-0.078	-0.317	1.187	1.128	-0.370	-0.279	1.324	1.273	-0.365
-0.071	1.469	1.464	-0.116	-0.317	1.187	1.128	-0.370	-0.280	1.319	1.268	-0.364
-0.068	1.471	1.461	-0.177	-0.316	1.186	1.127	-0.368	-0.279	1.321	1.270	-0.364
-0.068	1.472	1.463	-0.161	-0.316	1.186	1.127	-0.368	-0.279	1.321	1.270	-0.364
-0.080	1.473	1.459	-0.199	-0.317	1.176	1.117	-0.366	-0.280	1.321	1.270	-0.365
-0.080	1.473	1.459	-0.199	-0.317	1.176	1.117	-0.366	-0.280	1.318	1.267	-0.364
-0.089	1.467	1.455	-0.187	-0.317	1.176	1.117	-0.366	-0.280	1.315	1.264	-0.363
-0.094	1.469	1.458	-0.179	-0.317	1.176	1.117	-0.366	-0.280	1.316	1.265	-0.364
-0.093	1.466	1.462	-0.108	-0.317	1.176	1.117	-0.366	-0.279	1.314	1.263	-0.362
-0.091	1.468	1.468	-0.005	-0.317	1.176	1.117	-0.366	-0.278	1.315	1.264	-0.361
-0.085	1.475	1.475	-0.010	-0.317	1.176	1.117	-0.366	-0.279	1.320	1.269	-0.363
-0.078	1.475	1.474	0.037	-0.317	1.176	1.117	-0.366	-0.278	1.320	1.269	-0.362
-0.065	1.471	1.471	0.019	-0.317	1.176	1.117	-0.366	-0.279	1.317	1.266	-0.362
-0.052	1.470	1.470	-0.012	-0.317	1.176	1.117	-0.366	-0.279	1.317	1.266	-0.362
-0.043	1.469	1.468	-0.054	-0.317	1.176	1.117	-0.366	-0.279	1.316	1.265	-0.362
-0.037	1.465	1.462	-0.105	-0.317	1.176	1.117	-0.366	-0.279	1.314	1.263	-0.362
-0.030	1.456	1.455	-0.032	-0.317	1.176	1.117	-0.366	-0.278	1.306	1.256	-0.359
-0.024	1.464	1.464	-0.009	-0.317	1.176	1.117	-0.366	-0.279	1.313	1.262	-0.361
-0.021	1.463	1.463	-0.001	-0.317	1.176	1.117	-0.366	-0.279	1.312	1.261	-0.361
-0.020	1.463	1.462	-0.056	-0.317	1.176	1.117	-0.366	-0.279	1.312	1.261	-0.361
-0.021	1.468	1.467	-0.071	-0.317	1.176	1.117	-0.366	-0.279	1.316	1.265	-0.362
-0.035	1.441	1.437	-0.107	-0.317	1.176	1.117	-0.366	-0.279	1.297	1.247	-0.357
-0.041	1.442	1.438	-0.112	-0.317	1.176	1.117	-0.366	-0.279	1.298	1.248	-0.358
-0.043	1.458	1.458	-0.044	-0.317	1.176	1.117	-0.366	-0.279	1.308	1.258	-0.360
-0.040	1.462	1.459	-0.092	-0.318	1.176	1.117	-0.368	-0.280	1.311	1.260	-0.363
-0.040	1.469	1.467	-0.073	-0.318	1.176	1.117	-0.368	-0.280	1.316	1.265	-0.364
-0.044	1.464	1.462	-0.077	-0.318	1.176	1.117	-0.368	-0.280	1.312	1.261	-0.363
-0.050	1.469	1.466	-0.099	-0.318	1.176	1.117	-0.368	-0.280	1.316	1.265	-0.364
-0.053	1.475	1.475	-0.032	-0.318	1.176	1.117	-0.368	-0.280	1.320	1.269	-0.365
-0.051	1.484	1.484	-0.029	-0.318	1.176	1.117	-0.368	-0.280	1.326	1.275	-0.366
-0.047	1.473	1.472	-0.059	-0.318	1.176	1.117	-0.368	-0.280	1.318	1.267	-0.364
-0.048	1.463	1.458	-0.115	-0.318	1.176	1.117	-0.368	-0.280	1.311	1.260	-0.363
-0.053	1.463	1.453	-0.168	-0.318	1.176	1.117	-0.368	-0.281	1.312	1.261	-0.364
-0.079	1.457	1.446	-0.185	-0.318	1.176	1.117	-0.368	-0.281	1.317	1.265	-0.365
-0.084	1.458	1.450	-0.151	-0.318	1.176	1.117	-0.368	-0.281	1.308	1.257	-0.363
-0.092	1.463	1.446	-0.222	-0.318	1.176	1.117	-0.368	-0.281	1.312	1.261	-0.364
-0.105	1.476	1.453	-0.264	-0.318	1.176	1.117	-0.368	-0.281	1.322	1.270	-0.367
-0.118	1.477	1.458	-0.239	-0.318	1.176	1.117	-0.368	-0.281	1.323	1.271	-0.367
-0.128	1.471	1.454	-0.218	-0.322	1.167	1.107	-0.370	-0.284	1.315	1.262	-0.369
-0.129	1.459	1.452	-0.145	-0.322	1.167	1.107	-0.370	-0.284	1.306	1.254	-0.366
-0.127	1.465	1.461	-0.103	-0.322	1.167	1.107	-0.370	-0.284	1.310	1.258	-0.367
-0.121	1.470	1.468	-0.070	-0.322	1.167	1.107	-0.370	-0.283	1.313	1.261	-0.367
-0.111	1.464	1.458	-0.133	-0.322	1.167	1.107	-0.370	-0.284	1.309	1.257	-0.367
-0.108	1.458	1.453	-0.110	-0.322	1.167	1.107	-0.370	-0.283	1.305	1.253	-0.365
-0.101	1.454	1.451	-0.086	-0.322	1.167	1.107	-0.370	-0.283	1.303	1.251	-0.364
-0.093	1.461	1.453	-0.153	-0.322	1.167	1.107	-0.370	-0.284	1.308	1.255	-0.367
-0.087	1.471	1.461	-0.173	-0.322	1.167	1.107	-0.370	-0.284	1.315	1.262	-0.369
-0.080	1.476	1.469	-0.144	-0.322	1.167	1.107	-0.370	-0.284	1.318	1.265	-0.369
-0.080	1.482	1.473	-0.161	-0.322	1.167	1.107	-0.370	-0.284	1.322	1.269	-0.371
-0.080	1.482	1.473	-0.161	-0.322	1.167	1.107	-0.370	-0.284	1.322	1.269	-0.371
-0.089	1.486	1.472	-0.202	-0.322	1.167	1.107	-0.370	-0.285	1.325	1.272	-0.372
-0.094	1.482	1.473	-0.160	-0.322	1.167	1.107	-0.370	-0.284	1.322	1.269	-0.371
-0.088	1.483	1.483	0.003	-0.322	1.167	1.107	-0.370	-0.283	1.322	1.269	-0.369
-0.068	1.458	1.454	-0.101	-0.322	1.167	1.107	-0.370	-0.283	1.314	1.262	-0.367
-0.068	1.458	1.454	-0.101	-0.322	1.167	1.107	-0.370	-0.283	1.314	1.262	-0.367
-0.066	1.463	1.453	-0.172	-0.322	1.167	1.107	-0.370	-0.284	1.309	1.257	-0.367
-0.066	1.463	1.451	-0.182	-0.322	1.167	1.107	-0.370	-0.284	1.309	1.256	-0.367
-0.065	1.472	1.460	-0.188	-0.320	1.177	1.117	-0.370	-0.282	1.318	1.266	-0.367
-0.062	1.477	1.473	-0.112	-0.320	1.177	1.117	-0.370	-0.281	1.322	1.270	-0.367
-0.057	1.470	1.470	0.001	-0.318	1.186	1.127	-0.371	-0.280	1.319	1.268	-0.364
-0.054	1.470	1.469	0.060	-0.318	1.186	1.127	-0.371	-0.279	1.320	1.269	-0.364
-0.044	1.476	1.475	0.054	-0.321	1.187	1.127	-0.374	-0.282	1.324	1.272	-0.368
-0.038	1.474	1.474	0.007	-0.321	1.187	1.127	-0.374	-0.282	1.322	1.270	-0.368
-0.031	1.470	1.470	0.030	-0.321	1.187	1.127	-0.374	-0.282	1.320	1.268	-0.367
-0.021	1.472	1.471	0.015	-0.321	1.187	1.127	-0.374	-0.282	1.321	1.269	-0.367
-0.010	1.470	1.470	-0.036	-0.321	1.187	1.127	-0.374	-0.282	1.320	1.268	-0.368
0.000	1.470	1.469	-0.034	-0.321	1.187	1.127	-0.374	-0.283	1.319	1.267	-0.368
0.007	1.476	1.476	-0.032	-0.321	1.187	1.127	-0.374	-0.282	1.324	1.272	-0.369
0.007	1.477	1.477	-0.022	-0.321	1.187	1.127	-0.374	-0.282	1.324	1.272	-0.369
0.005	1.483	1.483	0.019	-0.321	1.187	1.127	-0.374	-0.282	1.329	1.276	-0.370
0.004	1.480	1.478	0.078	-0.321	1.187	1.127	-0.374	-0.282	1.327	1.275	-0.369
0.005	1.472	1.470	0.073	-0.321	1.187	1.127	-0.374	-0.282	1.317	1.265	-0.366
0.005	1.465	1.465	-0.010	-0.321	1.187	1.127	-0.374	-0.282	1.317	1.265	-0.367
0.004	1.466	1.466	-0.036	-0.321	1.187	1.127	-0.374	-0.282	1.317	1.265	-0.367
0.004	1.477	1.476	-0.019	-0.321	1.187	1.127	-0.374	-0.282	1.324	1.272	-0.369
0.003	1.480	1.478	-0.069	-0.321	1.187	1.127	-0.374	-0.283	1.327	1.274	-0.370
0.004	1.482	1.482	-0.007	-0.321	1.187	1.127	-0.374	-0.282	1.329	1.276	-0.370
0.006	1.467	1.467	0.026	-0.321	1.187	1.127	-0.374	-0.282	1.318	1.266	-0.367
0.009	1.467	1.467	0.025	-0.321	1.187	1.127	-0.374	-0.282	1.318	1.266	-0.367
0.008	1.469	1.469	0.011	-0.321	1.187	1.127	-0.374	-0.282	1.319	1.267	-0.367
0.004	1.479	1.479	-0.020	-0.321	1.187	1.127	-0.374	-0.282	1.326	1.274	-0.369
0.000	1.480	1.480	0.004	-0.321	1.187	1.127	-0.374	-0.282	1.326	1.274	-0.369
0.003	1.482	1.481	0.013	-0.321	1.187	1.127	-0.374	-0.282	1.325	1.273	-0.369
0.005	1.479	1.478	0.055	-0.321	1.187	1.127	-0.374	-0.282	1.326	1.274	-0.369
0.010	1.483	1.483	0.005	-0.323	1.188	1.127	-0.377	-0.284	1.329	1.276	-0.372
0.012	1.487	1.486	0.027	-0.323	1.188	1.127	-0.377	-0.284	1.331	1.278	-0.373
0.012	1.477	1.477	0.046	-0.323	1.188	1.127	-0.377	-0.284	1.325	1.272	-0.371
0.014	1.476	1.474	0.062	-0.323	1.188	1.127	-0.377	-0.283	1.324	1.271	-0.370
0.021	1.476	1.467	0.161	-0.323	1.188	1.127	-0.377	-0.282	1.324	1.272	-0.369
0.031	1.466	1.456	0.172	-0.323	1.188	1.127	-0.377	-0.282	1.318	1.266	-0.367
0.042	1.468	1.463	0.128	-0.323	1.188	1.127	-0.377	-0.283	1.319	1.267	-0.368
0.049	1.473	1.469	0.113	-0.323	1.188	1.127	-0.377	-0.283	1.323	1.270	-0.369
0.075	1.474	1.472	0.083	-0.323	1.188	1.127	-0.377	-0.284	1.322	1.269	-0.370
0.075	1.468	1.467	0.041	-0.323	1.188	1.127	-0.377	-0.284	1.319	1.266	-0.369
0.067	1.464	1.464	-0.006	-0.323	1.188	1.127	-0.377	-0.284	1.316	1.263	-0.369
0.057	1.473	1.473	-0.015	-0.323	1.188	1.127	-0.377	-0.284	1.322	1.269	-0.371
0.047	1.467	1.467	-0.004	-0.323	1.188	1.127	-0.377	-0.284	1.318	1.265	-0.369
0.037	1.465	1.465	-0.014	-0.323	1.188	1.127	-0.377	-0.284	1.317	1.264	-0.369
0.034	1.455	1.453	0.061	-0.323	1.188	1.127	-0.377	-0.283	1.309	1.257	-0.366
0.031	1.448	1.445	0.090	-0.323	1.188	1.127	-0.377	-0.283	1.305	1.253	-0.365
0.033	1.462	1.457	0.130	-0.323	1.188	1.127	-0.377	-0.283	1.305	1.253	-0.364
0.033	1.462	1.457	0.130	-0.323	1.188	1.127	-0.377	-0.283	1.315	1.263	-0.367
0.033	1.473	1.467	0.131	-0.323	1.188	1.127	-0.377	-0.283	1.323	1.270	-0.369
0.040	1.455	1.453	0.079	-0.323	1.188	1.127	-0.377	-0.283	1.310	1.258	-0.366
0.045	1.452	1.451	0.042	-0.323	1.188	1.127	-0.377	-0.284	1.307	1.255	-0.366
0.045	1.454	1.454	-0.029	-0.323	1.188	1.127	-0.377	-0.284	1.309	1.257	-0.367
0.045	1.453	1.453	-0.029	-0.323	1.188	1.127	-0.377	-0.284	1.309	1.256	-0.367
0.041	1.445	1.445	-0.018	-0.323	1.188	1.127	-0.377	-0.284	1.303	1.251	-0.365
0.037	1.448	1.448	-0.016	-0.323	1.188	1.127	-0.377	-0.284	1.305	1.253	-0.366
0.032	1.448	1.447	0.055	-0.323	1.188	1.127	-0.377	-0.283	1.305	1.253	-0.365
0.026	1.451	1.449	0.073	-0.323	1.188	1.127	-0.377	-0.283	1.307	1.255	-0.365
0.023	1.459	1.458	0.065	-0.323	1.188	1.127	-0.377	-0.283	1.313	1.261	-0.367
0.023	1.461	1.458	0.083	-0.323	1.188	1.127	-0.377	-0.283	1.313	1.261	-0.367
0.020	1.468	1.467	0.042	-0.323	1.188	1.127	-0.377	-0.283	1.316	1.264	-0.368
0.024	1.472	1.469	0.080	-0.323	1.188	1.127	-0.377	-0.283	1.321	1.268	-0.369
0.032	1.456	1.450	0.135	-0.323	1.188	1.127	-0.377	-0.283	1.311	1.259	-0.366
0.042	1.449	1.446	0.092	-0.323	1.188	1.127	-0.377	-0.283	1.306	1.254	-0.365
0.048	1.439	1.436	0.091	-0.323	1.188	1.127	-0.377	-0.283	1.299	1.247	-0.363
0.048	1.432	1.432	0.026	-0.323	1.187	1.126	-0.377	-0.283	1.295	1.243	-0.362
0.044	1.442	1.442	-0.014	-0.323	1.187	1.126	-0.377	-0.284	1.301	1.249	-0.365
0.041	1.454	1.453	0.035	-0.323	1.187	1.126	-0.377	-0.284	1.308	1.256	-0.366
0.037	1.467	1.465	0.076	-0.323	1.187	1.126	-0.377	-0.283	1.317	1.265	-0.368
0.039	1.474	1.471	0.095	-0.323	1.187	1.126	-0.376	-0.283	1.323	1.270	-0.370
0.044	1.459	1.456	0.100	-0.323	1.187	1.126	-0.376	-0.283	1.313	1.261	-0.367
0.037	1.463	1.463	0.008	-0.323	1.187	1.126	-0.376	-0.283	1.309	1.257	-0.366
0.031	1.459	1.459	0.035	-0.323	1.187	1.126	-0.376	-0.283	1.312	1.260	-0.367
0.028	1.449	1.449	0.028	-0.323	1.187	1.126	-0.376	-0.283	1.306	1.254	-0.365
0.025	1.449	1.449	0.005	-0.323	1.187	1.126	-0.376	-0.284	1.305	1.253	-0.366
0.023	1.439	1.437	-0.079	-0.323	1.187	1.126	-0.376	-0.285	1.299	1.247	-0.365
0.017	1.444	1.443	-0.048	-0.323	1.187	1.126	-0.376	-0.284	1.302	1.250	-0.365
0.013	1.442	1.442	-0.008	-0.323	1.187	1.126	-0.376	-0.284	1.301	1.249	-0.364
0.011	1.438	1.436	0.070	-0.323	1.187	1.126	-0.376	-0.283	1.298	1.246	-0.363
0.012	1.443	1.435	0.146	-0.323	1.187	1.126	-0.376	-0.283	1.302	1.250	-0.363
0.018	1.446	1.441	0.126	-0.323	1.187	1.126	-0.376	-0.283	1.304	1.252	-0.364
0.030	1.462	1.460	0.091	-0.323	1.187	1.126	-0.376	-0.283	1.315	1.263	-0.367
0.035	1.463	1.458	0.124	-0.323	1.187	1.126	-0.376	-0.283	1.315	1.263	-0.367
0.055	1.459	1.453	0.127	-0.323	1.187	1.126	-0.376	-0.283	1.311	1.259	-0.366
0.067	1.458	1.455	0.088	-0.323	1.187	1.126	-0.376	-0.283	1.311	1.259	-0.366
0.075	1.457	1.455	0.071	-0.323	1.187	1.126	-0.376	-0.283	1.311	1.259	-0.366
0.077	1.463	1.460	0.084	-0.323	1.187	1.126	-0.376	-0.283	1.314	1.262	-0.367
0.072	1.465	1.465	0.016	-0.320	1.186	1.125	-0.374	-0.282	1.316	1.264	-0.366
0.062	1.462	1.462	-0.003	-0.320	1.186	1.125	-0.374	-0.282	1.314	1.262	-0.366
0.057	1.459	1.458	0.032	-0.320	1.175	1.116	-0.370	-0.281	1.308	1.257	-0.363
0.055	1.458	1.454	0.099	-0.320	1.175	1.116	-0.370	-0.280	1.308	1.257	-0.362
0.047	1.462	1.462	0.028	-0.320	1.175	1.116	-0.370	-0.281	1.310	1.259	-0.363
0.043	1.461	1.460	0.066	-0.320	1.175	1.116	-0.370	-0.281	1.310	1.259	-0.363
0.038	1.460	1.459	0.018	-0.320	1.175	1.116	-0.370	-0.281	1.308	1.257	-0.363
0.033	1.459	1.459	0.009	-0.320	1.175	1.116	-0.370	-0.281	1.308	1.257	-0.363
0.028	1.453	1.453	-0.003	-0.320	1.175	1.116	-0.370	-0.281	1.304	1.253	-0.362
0.026	1.453	1.453	-0.000	-0.320	1.175	1.116	-0.370	-0.281	1.304	1.253	-0.362
0.023	1.454	1.453	-0.056	-0.320	1.175	1.116	-0.370	-0.282	1.305	1.254	-0.363
0.018	1.459	1.459	0.004	-0.320	1.175	1.116	-0.370	-0.282	1.309	1.257	-0.364
0.013	1.467	1.467	-0.002	-0.320	1.175	1.116	-0.370	-0.282	1.314	1.262	-0.365
0.007	1.462	1.462	0.047	-0.320	1.175	1.116	-0.370	-0.281	1.312	1.260	-0.364
0.008	1.455	1.452	0.105	-0.320	1.175	1.116	-0.370	-0.281	1.307	1.256	-0.362
0.020	1.465	1.456	0.163	-0.320	1.175	1.116	-0.370	-0.280	1.313	1.262	-0.363
0.029	1.465	1.456	0.158	-0.320	1.175	1.116	-0.370	-0.280	1.313	1.262	-0.363
0.037	1.458	1.456	0.088	-0.320	1.175	1.116	-0.370	-0.281	1.308	1.257	-0.363
0.044	1.452	1.449	0.095	-0.320	1.175	1.116	-0.370	-0.281	1.304	1.253	-0.361
0.053	1.453	1.449	0.097	-0.320	1.175	1.116	-0.370	-0.281	1.304	1.253	-0.361
0.059	1.456	1.456	0.008	-0.320	1.175	1.116	-0.370	-0.282	1.306	1.255	-0.363
0.061	1.466	1.465	0.052	-0.320	1.175	1.115	-0.370	-0.281	1.308	1.257	-0.363
0.061	1.466	1.465	0.052	-0.320	1.175	1.115	-0.370	-0.281	1.313	1.262	-0.364
0.059	1.464	1.462	0.073	-0.320	1.175	1.115	-0.370	-0.281	1.312	1.261	-0.364
0.064	1.467	1.452	0.203	-0.320	1.175	1.115	-0.370	-0.280	1.314	1.263	-0.363
0.070	1.460	1.435	0.264	-0.320	1.175	1.115	-0.370	-0.279	1.310	1.259	-0.361
0.082	1.453	1.442	0.180	-0.320	1.175	1.115	-0.370	-0.280	1.305	1.254	-0.361
0.086	1.456	1.450	0.134	-0.320	1.175	1.115	-0.370	-0.281	1.307	1.256	-0.362
0.089	1.462	1.457	0.114	-0.320	1.175	1.115	-0.370	-0.281	1.310	1.259	-0.363
0.094	1.466	1.459	0.136	-0.320	1.175	1.115	-0.370	-0.281	1.313	1.262	-0.364
0.099	1.464	1.462	0.088	-0.320	1.175	1.115	-0.370	-0.281	1.312	1.261	-0.364
0.102	1.455	1.454	0.070	-0.320	1.175	1.115	-0.370	-0.281	1.306	1.255	-0.362
0.104	1.451	1.450	0.058	-0.320	1.175	1.115	-0.370	-0.281	1.303	1.252	-0.362
0.094	1.456	1.456	0.030	-0.320	1.175	1.115	-0.370	-0.282	1.306	1.255	-0.363
0.080	1.461	1.460	0.040	-0.320	1.175	1.115	-0.370	-0.282	1.310	1.258	-0.364
0.063	1.457	1.457	0.013	-0.320	1.175	1.115	-0.370	-0.281	1.307	1.256	-0.363
0.048	1.456	1.455	0.051	-0.320	1.175	1.115	-0.370	-0.282	1.306	1.255	-0.363
0.040	1.452	1.445	0.136	-0.320	1.175	1.115	-0.370	-0.281	1.304	1.253	-0.361
0.041	1.468	1.457	0.181	-0.320	1.175	1.115	-0.370	-0.280	1.315	1.264	-0.364
0.047	1.479	1.469	0.176	-0.320	1.175	1.115	-0.370	-0.280	1.323	1.271	-0.366
0.052	1.474	1.468	0.140	-0.320	1.185	1.125	-0.373	-0.281	1.323	1.271	-0.367
0.057	1.470	1.461	0.156	-0.320	1.185	1.125	-0.373	-0.280	1.319	1.268	-0.365
0.065	1.461	1.452	0.163	-0.322	1.186	1.125	-0.376	-0.282	1.314	1.262	-0.366
0.073	1.459	1.455	0.101	-0.322	1.186	1.125	-0.376	-0.283	1.312	1.260	-0.366
0.083	1.459	1.453	0.129	-0.322	1.186	1.125	-0.376	-0.283	1.312	1.260	-0.366
0.091	1.450	1.445	0.124	-0.322	1.186	1.125	-0.376	-0.282	1.307	1.255	-0.364
0.091	1.440	1.440	0.007	-0.322	1.186	1.125	-0.376	-0.283	1.299	1.247	-0.363
0.090	1.447	1.444	0.096	-0.322	1.186	1.125	-0.376	-0.283	1.304	1.252	-0.364
0.073	1.460	1.460	0.052	-0.322	1.186	1.125	-0.376	-0.283	1.313	1.261	-0.367
0.067	1.463	1.460	0.084	-0.322	1.186	1.125	-0.376	-0.283	1.314	1.262	-0.367
0.046	1.447	1.446	-0.038	-0.322	1.186	1.125	-0.376	-0.284	1.308	1.256	-0.366
0.035	1.454	1.454	0.008	-0.322	1.186	1.125	-0.376	-0.284	1.308	1.256	-0.366
0.027	1.451	1.449	0.064	-0.322	1.186	1.125	-0.376	-0.283	1.306	1.254	-0.365
0.027	1.456	1.449	0.137	-0.322	1.186	1.125	-0.376	-0.282	1.310	1.258	-0.365
0.031	1.452	1.451	0.074	-0.322	1.186	1.125	-0.376	-0.283	1.308	1.256	-0.365
0.032	1.444	1.441	0.086	-0.322	1.186	1.125	-0.376	-0.283	1.302	1.250	-0.363
0.036	1.449	1.446	0.092	-0.322	1.186	1.125	-0.376	-0.283	1.306	1.254	-0.364
0.038	1.460	1.459	0.037	-0.322	1.186	1.125	-0.376	-0.283	1.312	1.260	-0.367
0.038	1.464	1.464	0.029	-0.321	1.185	1.125	-0.373	-0.282	1.316	1.264	-0.366
0.045	1.450	1.450	0.048	-0.321	1.185	1.125	-0.373	-0.282	1.306	1.255	-0.363
0.048	1.452	1.452	0.001	-0.321	1.185	1.125	-0.373	-0.282	1.307	1.255	-0.364
0.047	1.462	1.462	0.014	-0.321	1.185	1.125	-0.373	-0.282	1.314	1.262	-0.365
0.039	1.464	1.464	0.002	-0.322	1.186	1.125	-0.376	-0.284	1.316	1.263	-0.368
0.030	1.457	1.457	-0.049	-0.322	1.187	1.125	-0.376	-0.284	1.311	1.259	-0.367
0.022	1.458	1.458	-0.017	-0.322	1.187	1.125	-0.376	-0.284	1.311	1.259	-0.367
0.014	1.447	1.447	-0.027	-0.322	1.187	1.125	-0.376	-0.284	1.304	1.252	-0.365
0.008	1.451	1.451	-0.022	-0.322	1.187	1.125	-0.376	-0.284	1.307	1.255	-0.366
0.004	1.463	1.462	-0.027	-0.322	1.187	1.125	-0.376	-0.284	1.315	1.262	-0.368
0.002	1.465	1.465	0.029	-0.322	1.187	1.125	-0.376	-0.283	1.316	1.264	-0.368
0.002	1.472	1.471	0.051	-0.322	1.187	1.125	-0.376	-0.283	1.321	1.268	-0.369
0.001	1.462	1.461	0.035	-0.322	1.187	1.125	-0.376	-0.283	1.314	1.262	-0.367
-0.001	1.459	1.458	-0.041	-0.322	1.187	1.125	-0.376	-0.283	1.312	1.260	-0.367
-0.005	1.452	1.451	-0.052	-0.322	1.187	1.125	-0.376	-0.284	1.307	1.255	-0.366
-0.007	1.449	1.448	-0.049	-0.322	1.187	1.125	-0.376	-0.283	1.305	1.253	-0.365
-0.008	1.449	1.448	-0.062	-0.322	1.187	1.125	-0.376	-0.284	1.305	1.253	-0.366
-0.012	1.455	1.455	-0.049	-0.322	1.187	1.125	-0.376	-0.284	1.310	1.258	-0.367
-0.014	1.460	1.458	-0.062	-0.322	1.187	1.125	-0.376	-0.284	1.313	1.260	-0.368
-0.015	1.457	1.455	0.061	-0.322	1.187	1.125	-0.376	-0.283	1.310	1.258	-0.366
-0.014	1.454	1.453	0.073	-0.322	1.187	1.125	-0.376	-0.283	1.309	1.257	-0.365
-0.009	1.452	1.450	0.083	-0.322	1.187	1.126	-0.376	-0.283	1.308	1.256	-0.365
-0.002	1.453	1.449	0.103	-0.322	1.187	1.126	-0.376	-0.283	1.308	1.256	-0.365
0.006	1.454	1.452	0.072	-0.322	1.187	1.126	-0.376	-0.283	1.309	1.257	-0.365
0.019	1.453	1.453	0.026	-0.322	1.187	1.126	-0.376	-0.283	1.310	1.258	-0.366
0.023	1.457	1.457	-0.029	-0.322	1.187	1.126	-0.375	-0.283	1.311	1.259	-0.366
0.023	1.471	1.470	-0.052	-0.320	1.186	1.126	-0.373	-0.282	1.320	1.268	-0.367
0.021	1.464	1.462	-0.075	-0.320	1.186	1.126	-0.373	-0.282	1.316	1.264	-0.366
0.014	1.455	1.452	-0.091	-0.320	1.186	1.126	-0.373	-0.282	1.310	1.258	-0.365
0.006	1.450	1.450	-0.015	-0.320	1.186	1.126	-0.373	-0.282	1.306	1.255	-0.363
-0.002	1.454	1.454	-0.043	-0.320	1.186	1.126	-0.373	-0.282	1.310	1.258	-0.364
-0.013	1.455	1.455	-0.043	-0.320	1.186	1.126	-0.373	-0.282	1.310	1.258	-0.364
-0.028	1.443	1.443	-0.018	-0.320	1.186	1.126	-0.373	-0.282	1.302	1.251	-0.362
-0.028	1.443	1.443	-0.018	-0.320	1.186	1.126	-0.373	-0.282	1.301	1.250	-0.362
-0.033	1.468	1.468	-0.012	-0.320	1.186	1.126	-0.373	-0.282	1.309	1.257	-0.364
-0.031	1.465	1.464	-0.051	-0.320	1.186	1.126	-0.373	-0.282	1.320	1.268	-0.367
-0.027	1.447	1.447	-0.026	-0.320	1.186	1.126	-0.373	-0.281	1.304	1.253	-0.362
-0.027	1.456	1.454	-0.074	-0.320	1.186	1.126	-0.373	-0.282	1.310	1.258	-0.365
-0.028	1.455	1.454	-0.049	-0.320	1.186	1.126	-0.373	-0.282	1.310	1.258	-0.364
-0.029	1.459	1.457	-0.074	-0.320	1.186	1.126	-0.373	-0.282	1.312	1.260	-0.365
-0.029	1.450	1.450	-0.026	-0.320	1.186	1.126	-0.373	-0.282	1.306	1.255	-0.363
-0.028	1.448	1.448	0.003	-0.320	1.186	1.126	-0.373	-0.281	1.304	1.253	-0.362
-0.029	1.449	1.449	-0.011	-0.320	1.186	1.126	-0.373	-0.282	1.305	1.254	-0.363
-0.023	1.448	1.448	0.019	-0.321	1.177	1.117	-0.372	-0.283	1.302	1.250	-0.363
-0.022	1.436	1.435	-0.054	-0.321	1.177	1.117	-0.372	-0.283	1.293	1.242	-0.361
-0.025	1.440	1.437	-0.092	-0.324	1.167	1.107	-0.372	-0.285	1.293	1.241	-0.364
-0.027	1.434	1.431	-0.086	-0.324	1.167	1.107	-0.372	-0.285	1.289	1.237	-0.363
-0.019	1.443	1.442	0.023	-0.324	1.167	1.107	-0.372	-0.284	1.295	1.243	-0.363
-0.019	1.443	1.442	0.023	-0.324	1.167	1.107	-0.372	-0.284	1.295	1.243	-0.363
-0.017	1.448	1.448	0.000	-0.324	1.167	1.107	-0.372	-0.284	1.298	1.246	-0.364
-0.016	1.456	1.456	-0.020	-0.324	1.167	1.107	-0.372	-0.284	1.304	1.252	-0.366
-0.015	1.451	1.450	-0.038	-0.324	1.167	1.107	-0.372	-0.285	1.300	1.248	-0.365
-0.017	1.448	1.448	-0.013	-0.324	1.167	1.107	-0.372	-0.285	1.298	1.246	-0.365
-0.022	1.443	1.442	-0.061	-0.324	1.167	1.107	-0.372	-0.285	1.295	1.243	-0.364
-0.023	1.462	1.461	-0.034	-0.324	1.167	1.107	-0.372	-0.284	1.308	1.255	-0.367
-0.018	1.454	1.454	-0.024	-0.324	1.167	1.107	-0.372	-0.285	1.302	1.250	-0.366
-0.018	1.448	1.447	-0.045	-0.324	1.167	1.107	-0.372	-0.285	1.298	1.246	-0.365
-0.024	1.447	1.443	-0.105	-0.324	1.167	1.107	-0.372	-0.285	1.298	1.246	-0.365
-0.039	1.457	1.452	-0.127	-0.324	1.167	1.107	-0.372	-0.285	1.297	1.245	-0.365
-0.045	1.448	1.447	-0.062	-0.324	1.167	1.107	-0.372	-0.285	1.299	1.247	-0.365
-0.047	1.447	1.446	-0.037	-0.324	1.167	1.107	-0.372	-0.285	1.297	1.245	-0.365
-0.043	1.446	1.446	-0.004	-0.325	1.167	1.106	-0.373	-0.285	1.297	1.245	-0.365
-0.039	1.449	1.447	-0.069	-0.325	1.167	1.106	-0.373	-0.286	1.299	1.246	-0.367
-0.040	1.458	1.457	-0.064	-0.325	1.167	1.106	-0.373	-0.286	1.306	1.253	-0.368
-0.053	1.458	1.455	-0.098	-0.326	1.168	1.106	-0.374	-0.287	1.306	1.252	-0.370
-0.051	1.452	1.452	-0.020	-0.326	1.168	1.106	-0.374	-0.287	1.301	1.248	-0.368
-0.046	1.450	1.450	-0.037	-0.325	1.167	1.106	-0.373	-0.286	1.300	1.247	-0.367
-0.041	1.460	1.459	-0.041	-0.325	1.167	1.106	-0.373	-0.286	1.306	1.253	-0.368
-0.039	1.468	1.466	-0.085	-0.325	1.167	1.106	-0.373	-0.287	1.313	1.259	-0.371
-0.041	1.457	1.456	-0.065	-0.325	1.167	1.106	-0.373	-0.286	1.305	1.252	-0.368
-0.046	1.441	1.439	-0.077	-0.325	1.167	1.106	-0.373	-0.286	1.294	1.241	-0.365
-0.052	1.437	1.431	-0.127	-0.325	1.167	1.106	-0.373	-0.287	1.291	1.238	-0.365
-0.054	1.433	1.431	-0.089	-0.325	1.167	1.106	-0.373	-0.286	1.288	1.236	-0.364
-0.052	1.436	1.435	-0.038	-0.325	1.167	1.106	-0.373	-0.286	1.290	1.238	-0.364
-0.045	1.438	1.438	-0.013	-0.325	1.167	1.106	-0.373	-0.286	1.291	1.239	-0.364
-0.041	1.440	1.439	0.030	-0.325	1.167	1.106	-0.373	-0.286	1.292	1.240	-0.364
-0.047	1.438	1.431	-0.145	-0.325	1.167	1.106	-0.373	-0.286	1.293	1.240	-0.365
-0.054	1.448	1.441	-0.144	-0.325	1.167	1.106	-0.373	-0.286	1.299	1.246	-0.367
-0.059	1.453	1.445	-0.149	-0.325	1.167	1.106	-0.373	-0.287	1.302	1.249	-0.368
-0.061	1.450	1.448	-0.076	-0.325	1.167	1.106	-0.373	-0.286	1.300	1.247	-0.367
-0.059	1.451	1.450	-0.056	-0.325	1.167	1.106	-0.373	-0.286	1.301	1.248	-0.367
-0.054	1.446	1.445	-0.032	-0.325	1.167	1.106	-0.373	-0.286	1.297	1.244	-0.366
-0.052	1.438	1.438	-0.023	-0.325	1.167	1.106	-0.373	-0.286	1.291	1.239	-0.364
-0.054	1.438	1.437	-0.048	-0.325	1.167	1.106	-0.373	-0.286	1.291	1.239	-0.364
-0.062	1.435	1.428	-0.142	-0.325	1.167	1.106	-0.373	-0.287	1.290	1.237	-0.365
-0.068	1.435	1.427	-0.155	-0.325	1.167	1.106	-0.373	-0.287	1.291	1.238	-0.365
-0.072	1.440	1.428	-0.183	-0.326	1.167	1.105	-0.374	-0.288	1.293	1.240	-0.367
-0.072	1.443	1.435	-0.157	-0.326	1.167	1.105	-0.374	-0.288	1.296	1.243	-0.368
-0.061	1.444	1.444	-0.022	-0.326	1.167	1.105	-0.374	-0.287	1.296	1.243	-0.367
-0.055	1.425	1.425	0.014	-0.326	1.167	1.105	-0.374	-0.287	1.282	1.230	-0.363
-0.052	1.427	1.427	0.005	-0.326	1.167	1.105	-0.374	-0.287	1.284	1.232	-0.363
-0.053	1.428	1.426	-0.062	-0.326	1.167	1.105	-0.374	-0.287	1.285	1.232	-0.364
-0.055	1.437	1.436	-0.067	-0.326	1.167	1.105	-0.374	-0.287	1.291	1.238	-0.366
-0.052	1.435	1.433	-0.074	-0.326	1.167	1.105	-0.374	-0.287	1.290	1.237	-0.365
-0.045	1.443	1.442	-0.053	-0.326	1.167	1.105	-0.374	-0.287	1.295	1.242	-0.367
-0.039	1.436	1.431	-0.120	-0.326	1.167	1.105	-0.374	-0.288	1.290	1.237	-0.366
-0.034	1.438	1.433	-0.113	-0.326	1.167	1.105	-0.374	-0.287	1.291	1.238	-0.366
-0.033	1.435	1.434	-0.050	-0.326	1.167	1.105	-0.374	-0.287	1.290	1.237	-0.365
-0.033	1.434	1.434	-0.015	-0.326	1.167	1.105	-0.374	-0.287	1.289	1.236	-0.365
-0.035	1.457	1.456	-0.059	-0.326	1.167	1.105	-0.374	-0.287	1.304	1.251	-0.369
-0.037	1.456	1.454	-0.091	-0.326	1.167	1.105	-0.374	-0.288	1.305	1.251	-0.370
-0.038	1.458	1.453	-0.123	-0.326	1.167	1.105	-0.374	-0.287	1.306	1.252	-0.370
-0.040	1.446	1.442	-0.098	-0.326	1.167	1.105	-0.374	-0.288	1.297	1.244	-0.368
-0.041	1.447	1.445	-0.067	-0.326	1.167	1.105	-0.374	-0.287	1.297	1.244	-0.367
-0.041	1.456	1.453	-0.099	-0.326	1.167	1.105	-0.374	-0.288	1.305	1.251	-0.370
-0.039	1.460	1.457	-0.100	-0.327	1.167	1.105	-0.374	-0.288	1.307	1.253	-0.371
-0.042	1.459	1.455	-0.098	-0.327	1.167	1.105	-0.374	-0.287	1.306	1.252	-0.370
-0.045	1.455	1.453	-0.067	-0.326	1.167	1.105	-0.374	-0.287	1.303	1.250	-0.369
-0.048	1.450	1.449	-0.064	-0.326	1.167	1.105	-0.374	-0.287	1.304	1.251	-0.369
-0.048	1.446	1.441	-0.112	-0.326	1.167	1.105	-0.374	-0.288	1.297	1.244	-0.368
-0.051	1.444	1.438	-0.128	-0.326	1.167	1.105	-0.374	-0.288	1.296	1.243	-0.368
-0.052	1.445	1.439	-0.125	-0.326	1.167	1.105	-0.374	-0.288	1.296	1.243	-0.368
-0.052	1.453	1.452	-0.053	-0.326	1.167	1.105	-0.374	-0.287	1.302	1.249	-0.369
-0.050	1.453	1.453	-0.022	-0.326	1.167	1.105	-0.374	-0.287	1.302	1.249	-0.368
-0.047	1.449	1.448	-0.064	-0.326	1.167	1.105	-0.374	-0.287	1.299	1.246	-0.368
-0.043	1.449	1.449	-0.033	-0.326	1.167	1.105	-0.374	-0.287	1.299	1.246	-0.368
-0.042	1.450	1.448	-0.083	-0.326	1.167	1.105	-0.374	-0.287	1.300	1.247	-0.368
-0.046	1.445	1.442	-0.095	-0.326	1.167	1.105	-0.374	-0.287	1.296	1.243	-0.367
-0.052	1.450	1.444	-0.132	-0.326	1.167	1.105	-0.374	-0.288	1.300	1.247	-0.369
-0.057	1.447	1.434	-0.192	-0.326	1.167	1.105	-0.374	-0.288	1.299	1.245	-0.369
-0.062	1.440	1.424	-0.215	-0.326	1.167	1.105	-0.374	-0.288	1.293	1.240	-0.368
-0.078	1.431	1.421	-0.170	-0.326	1.167	1.105	-0.374	-0.288	1.287	1.234	-0.366
-0.082	1.425	1.424	-0.045	-0.326	1.167	1.105	-0.374	-0.287	1.282	1.230	-0.363
-0.083	1.431	1.429	-0.082	-0.326	1.167	1.105	-0.374	-0.288	1.287	1.234	-0.365
-0.087	1.430	1.428	-0.082	-0.326	1.167	1.105	-0.374	-0.288	1.287	1.234	-0.365
-0.089	1.441	1.438	-0.087	-0.326	1.167	1.105	-0.374	-0.288	1.294	1.241	-0.367
-0.088	1.441	1.436	-0.122	-0.324	1.166	1.105	-0.372	-0.286	1.294	1.241	-0.365
-0.088	1.436	1.432	-0.110	-0.324	1.166	1.105	-0.372	-0.286	1.290	1.238	-0.364
-0.086	1.431	1.424	-0.141	-0.324	1.166	1.105	-0.372	-0.286	1.287	1.235	-0.363
-0.083	1.438	1.429	-0.162	-0.324	1.166	1.105	-0.372	-0.286	1.292	1.239	-0.365
-0.079	1.440	1.430	-0.169	-0.324	1.166	1.105	-0.372	-0.286	1.294	1.241	-0.365
