phi_u	d_u	x_u	y_u	phi_v	d_v	x_v	y_v	phi_f	d_f	x_f	y_f
0.591	1.660	1.369	0.938	0.352	1.941	1.822	0.669	0.330	1.702	1.610	0.552
0.585	1.665	1.497	0.727	0.352	1.903	1.787	0.656	0.328	1.688	1.598	0.544
0.568	1.668	1.529	0.665	0.352	1.903	1.787	0.656	0.327	1.689	1.599	0.543
0.552	1.663	1.496	0.726	0.355	1.865	1.749	0.649	0.331	1.675	1.584	0.544
0.534	1.660	1.496	0.719	0.355	1.865	1.749	0.649	0.331	1.673	1.582	0.544
0.523	1.660	1.435	0.835	0.360	1.840	1.722	0.649	0.336	1.667	1.574	0.550
0.519	1.652	1.423	0.838	0.360	1.840	1.722	0.649	0.336	1.662	1.569	0.548
0.512	1.657	1.420	0.854	0.360	1.840	1.722	0.649	0.336	1.666	1.573	0.550
0.504	1.659	1.407	0.880	0.360	1.840	1.722	0.649	0.337	1.669	1.575	0.551
0.492	1.667	1.463	0.798	0.360	1.840	1.722	0.649	0.336	1.670	1.577	0.551
0.487	1.659	1.485	0.740	0.360	1.840	1.722	0.649	0.336	1.675	1.581	0.552
0.493	1.648	1.475	0.735	0.360	1.840	1.722	0.649	0.335	1.657	1.565	0.545
0.497	1.648	1.449	0.784	0.360	1.840	1.722	0.649	0.336	1.658	1.565	0.546
0.500	1.660	1.487	0.737	0.360	1.840	1.722	0.649	0.335	1.665	1.572	0.548
0.501	1.653	1.457	0.780	0.367	1.809	1.688	0.649	0.341	1.651	1.556	0.553
0.500	1.639	1.418	0.822	0.367	1.809	1.688	0.649	0.342	1.643	1.548	0.551
0.498	1.638	1.416	0.822	0.365	1.806	1.687	0.645	0.340	1.641	1.547	0.547
0.491	1.630	1.452	0.741	0.365	1.806	1.687	0.645	0.339	1.634	1.541	0.544
0.484	1.643	1.500	0.670	0.365	1.784	1.667	0.637	0.338	1.634	1.542	0.542
0.473	1.641	1.516	0.628	0.365	1.784	1.667	0.637	0.338	1.632	1.540	0.541
0.466	1.637	1.503	0.650	0.368	1.755	1.637	0.631	0.340	1.621	1.528	0.541
0.462	1.641	1.455	0.758	0.368	1.755	1.637	0.631	0.341	1.625	1.531	0.544
0.462	1.623	1.472	0.683	0.368	1.755	1.637	0.631	0.341	1.612	1.519	0.539
0.462	1.617	1.442	0.732	0.368	1.755	1.637	0.631	0.341	1.609	1.516	0.538
0.459	1.619	1.442	0.736	0.368	1.755	1.637	0.631	0.341	1.610	1.517	0.539
0.455	1.613	1.425	0.755	0.368	1.755	1.637	0.631	0.341	1.607	1.514	0.538
0.459	1.624	1.434	0.764	0.368	1.755	1.637	0.631	0.342	1.615	1.522	0.541
0.465	1.616	1.397	0.811	0.368	1.755	1.637	0.631	0.342	1.609	1.516	0.540
0.476	1.613	1.413	0.777	0.371	1.725	1.608	0.625	0.344	1.598	1.504	0.539
0.482	1.616	1.433	0.747	0.371	1.725	1.608	0.625	0.344	1.600	1.506	0.539
0.485	1.616	1.439	0.735	0.371	1.725	1.608	0.625	0.343	1.598	1.505	0.538
0.485	1.632	1.452	0.746	0.372	1.705	1.588	0.620	0.344	1.603	1.509	0.541
0.487	1.623	1.442	0.745	0.372	1.705	1.588	0.620	0.344	1.597	1.503	0.539
0.488	1.619	1.439	0.743	0.372	1.695	1.579	0.617	0.344	1.591	1.498	0.537
0.486	1.609	1.446	0.705	0.372	1.695	1.579	0.617	0.344	1.584	1.491	0.534
0.479	1.617	1.483	0.644	0.372	1.695	1.579	0.617	0.344	1.588	1.495	0.535
0.471	1.620	1.473	0.674	0.372	1.695	1.579	0.617	0.344	1.590	1.497	0.536
0.460	1.614	1.471	0.664	0.372	1.695	1.579	0.617	0.343	1.586	1.493	0.534
0.456	1.613	1.464	0.676	0.372	1.695	1.579	0.617	0.343	1.586	1.493	0.534
0.451	1.621	1.488	0.642	0.372	1.695	1.579	0.617	0.343	1.590	1.497	0.535
0.435	1.621	1.509	0.592	0.372	1.695	1.579	0.617	0.343	1.587	1.494	0.534
0.435	1.621	1.509	0.592	0.372	1.695	1.579	0.617	0.343	1.590	1.497	0.535
0.415	1.612	1.479	0.642	0.372	1.686	1.570	0.613	0.344	1.582	1.489	0.533
0.412	1.613	1.466	0.673	0.372	1.686	1.570	0.613	0.344	1.582	1.490	0.533
0.411	1.599	1.448	0.678	0.372	1.686	1.570	0.613	0.344	1.573	1.481	0.530
0.415	1.596	1.440	0.688	0.372	1.686	1.570	0.613	0.344	1.572	1.480	0.530
0.419	1.611	1.464	0.672	0.373	1.668	1.553	0.608	0.344	1.576	1.483	0.532
0.419	1.612	1.440	0.724	0.378	1.626	1.511	0.600	0.348	1.564	1.470	0.533
0.420	1.608	1.486	0.614	0.378	1.626	1.511	0.600	0.347	1.559	1.466	0.530
0.442	1.627	1.430	0.776	0.378	1.626	1.511	0.600	0.348	1.555	1.462	0.530
0.442	1.627	1.430	0.776	0.378	1.626	1.511	0.600	0.348	1.555	1.462	0.530
0.456	1.640	1.401	0.851	0.378	1.626	1.511	0.600	0.349	1.585	1.489	0.542
0.462	1.635	1.436	0.780	0.378	1.626	1.511	0.600	0.348	1.580	1.485	0.539
0.475	1.606	1.406	0.775	0.378	1.626	1.511	0.600	0.348	1.561	1.467	0.533
0.474	1.624	1.487	0.651	0.378	1.626	1.511	0.600	0.347	1.563	1.470	0.532
0.473	1.612	1.454	0.697	0.378	1.626	1.511	0.600	0.348	1.564	1.470	0.533
0.476	1.611	1.455	0.692	0.378	1.626	1.511	0.600	0.347	1.562	1.469	0.532
0.475	1.602	1.442	0.698	0.378	1.626	1.511	0.600	0.348	1.556	1.463	0.531
0.469	1.605	1.474	0.635	0.378	1.626	1.511	0.600	0.347	1.557	1.464	0.530
0.459	1.625	1.469	0.695	0.378	1.626	1.511	0.600	0.348	1.572	1.478	0.536
0.456	1.614	1.440	0.729	0.381	1.601	1.486	0.595	0.351	1.558	1.463	0.535
0.452	1.615	1.442	0.725	0.381	1.601	1.486	0.595	0.350	1.557	1.463	0.534
0.448	1.610	1.472	0.651	0.381	1.601	1.486	0.595	0.350	1.553	1.459	0.532
0.442	1.612	1.485	0.627	0.381	1.601	1.486	0.595	0.349	1.549	1.455	0.530
0.447	1.613	1.435	0.737	0.380	1.600	1.486	0.594	0.350	1.556	1.462	0.534
0.454	1.599	1.387	0.797	0.380	1.600	1.486	0.594	0.351	1.549	1.455	0.532
0.472	1.610	1.389	0.815	0.380	1.592	1.478	0.591	0.350	1.552	1.458	0.533
0.472	1.610	1.389	0.815	0.380	1.592	1.478	0.591	0.351	1.555	1.460	0.534
0.480	1.619	1.422	0.774	0.380	1.592	1.478	0.591	0.350	1.559	1.464	0.535
0.481	1.626	1.443	0.749	0.380	1.592	1.478	0.591	0.350	1.563	1.468	0.536
0.480	1.638	1.478	0.704	0.380	1.592	1.478	0.591	0.350	1.569	1.474	0.538
0.479	1.641	1.486	0.697	0.380	1.592	1.478	0.591	0.349	1.572	1.477	0.538
0.482	1.645	1.482	0.714	0.380	1.592	1.478	0.591	0.350	1.575	1.480	0.540
0.487	1.634	1.457	0.740	0.380	1.592	1.478	0.591	0.350	1.568	1.473	0.538
0.481	1.616	1.421	0.769	0.381	1.584	1.470	0.589	0.351	1.554	1.459	0.534
0.475	1.619	1.428	0.762	0.382	1.584	1.470	0.591	0.352	1.555	1.460	0.536
0.468	1.625	1.457	0.719	0.382	1.584	1.470	0.591	0.352	1.559	1.464	0.537
0.464	1.624	1.433	0.764	0.382	1.584	1.470	0.591	0.352	1.559	1.464	0.537
0.460	1.613	1.452	0.702	0.382	1.584	1.470	0.591	0.351	1.550	1.456	0.533
0.460	1.619	1.447	0.725	0.382	1.584	1.470	0.591	0.351	1.555	1.460	0.535
0.463	1.618	1.429	0.759	0.382	1.584	1.470	0.591	0.351	1.555	1.460	0.535
0.465	1.619	1.436	0.746	0.382	1.584	1.470	0.591	0.351	1.555	1.460	0.535
0.469	1.625	1.419	0.791	0.382	1.584	1.470	0.591	0.351	1.560	1.465	0.537
0.474	1.626	1.410	0.809	0.382	1.584	1.470	0.591	0.352	1.562	1.466	0.538
0.476	1.618	1.422	0.772	0.382	1.584	1.470	0.591	0.352	1.555	1.460	0.536
0.477	1.620	1.429	0.762	0.382	1.584	1.470	0.591	0.352	1.556	1.461	0.536
0.467	1.622	1.492	0.637	0.382	1.584	1.470	0.591	0.350	1.556	1.461	0.534
0.465	1.623	1.463	0.703	0.382	1.584	1.470	0.591	0.351	1.557	1.462	0.535
0.462	1.634	1.464	0.726	0.382	1.584	1.470	0.591	0.351	1.565	1.470	0.538
0.466	1.629	1.405	0.823	0.382	1.584	1.470	0.591	0.352	1.564	1.468	0.539
0.475	1.640	1.349	0.933	0.382	1.584	1.470	0.591	0.353	1.575	1.478	0.544
0.488	1.644	1.314	0.988	0.382	1.584	1.470	0.591	0.353	1.578	1.481	0.546
0.503	1.638	1.299	0.998	0.382	1.567	1.454	0.584	0.353	1.570	1.473	0.542
0.513	1.627	1.341	0.921	0.382	1.567	1.454	0.584	0.352	1.560	1.464	0.538
0.520	1.613	1.391	0.815	0.382	1.567	1.454	0.584	0.351	1.547	1.453	0.532
0.529	1.612	1.371	0.847	0.383	1.551	1.439	0.580	0.353	1.543	1.448	0.533
0.541	1.624	1.394	0.833	0.383	1.551	1.439	0.580	0.352	1.550	1.455	0.535
0.556	1.626	1.421	0.790	0.382	1.550	1.438	0.577	0.350	1.550	1.456	0.532
0.554	1.624	1.435	0.759	0.382	1.550	1.438	0.577	0.350	1.548	1.454	0.531
0.550	1.622	1.392	0.833	0.382	1.550	1.438	0.577	0.351	1.549	1.455	0.532
0.542	1.611	1.363	0.858	0.382	1.550	1.438	0.577	0.351	1.542	1.448	0.530
0.531	1.613	1.384	0.827	0.382	1.550	1.438	0.577	0.351	1.542	1.448	0.530
0.521	1.607	1.389	0.807	0.382	1.550	1.438	0.577	0.351	1.538	1.444	0.528
0.522	1.602	1.384	0.808	0.380	1.549	1.438	0.574	0.349	1.535	1.442	0.525
0.523	1.606	1.355	0.861	0.380	1.549	1.438	0.574	0.350	1.538	1.445	0.527
0.523	1.610	1.392	0.808	0.380	1.549	1.438	0.574	0.349	1.539	1.446	0.527
0.523	1.613	1.430	0.746	0.380	1.549	1.438	0.574	0.349	1.540	1.447	0.526
0.522	1.613	1.397	0.806	0.381	1.541	1.431	0.574	0.350	1.539	1.446	0.528
0.534	1.615	1.369	0.857	0.381	1.541	1.431	0.574	0.351	1.542	1.448	0.530
0.536	1.615	1.372	0.851	0.381	1.541	1.431	0.574	0.351	1.542	1.448	0.530
0.538	1.624	1.400	0.823	0.381	1.541	1.431	0.574	0.350	1.547	1.453	0.531
0.535	1.637	1.429	0.798	0.381	1.541	1.431	0.574	0.350	1.555	1.461	0.533
0.535	1.646	1.378	0.900	0.381	1.541	1.431	0.574	0.351	1.563	1.468	0.538
0.540	1.640	1.378	0.888	0.381	1.541	1.431	0.574	0.351	1.559	1.464	0.536
0.544	1.634	1.390	0.860	0.381	1.541	1.431	0.574	0.351	1.555	1.460	0.534
0.543	1.616	1.430	0.751	0.381	1.541	1.431	0.574	0.350	1.539	1.446	0.528
0.537	1.614	1.473	0.660	0.381	1.541	1.431	0.574	0.349	1.537	1.444	0.526
0.528	1.613	1.410	0.782	0.381	1.541	1.431	0.574	0.350	1.538	1.445	0.528
0.526	1.615	1.363	0.867	0.381	1.541	1.431	0.574	0.351	1.543	1.449	0.530
0.523	1.616	1.386	0.830	0.381	1.541	1.431	0.574	0.350	1.542	1.448	0.529
0.507	1.630	1.524	0.578	0.381	1.541	1.431	0.574	0.349	1.546	1.453	0.528
0.489	1.624	1.494	0.636	0.381	1.533	1.423	0.570	0.349	1.540	1.447	0.526
0.473	1.631	1.495	0.651	0.381	1.533	1.423	0.570	0.349	1.545	1.452	0.528
0.459	1.637	1.489	0.680	0.379	1.531	1.422	0.567	0.347	1.549	1.457	0.527
0.452	1.629	1.459	0.724	0.379	1.531	1.422	0.567	0.348	1.544	1.452	0.526
0.456	1.623	1.457	0.714	0.379	1.531	1.422	0.567	0.348	1.540	1.448	0.525
0.459	1.619	1.414	0.788	0.379	1.531	1.422	0.567	0.348	1.539	1.447	0.525
0.454	1.628	1.441	0.757	0.379	1.531	1.422	0.567	0.348	1.545	1.452	0.527
0.446	1.623	1.443	0.744	0.379	1.531	1.422	0.567	0.348	1.542	1.449	0.526
0.447	1.616	1.420	0.771	0.379	1.531	1.422	0.567	0.348	1.537	1.445	0.524
0.464	1.613	1.445	0.716	0.379	1.531	1.422	0.567	0.348	1.534	1.442	0.523
0.463	1.611	1.483	0.630	0.379	1.531	1.422	0.567	0.347	1.531	1.440	0.521
0.457	1.611	1.510	0.563	0.379	1.531	1.422	0.567	0.347	1.530	1.439	0.520
0.451	1.610	1.486	0.619	0.379	1.531	1.422	0.567	0.347	1.530	1.439	0.520
0.444	1.608	1.467	0.657	0.379	1.531	1.422	0.567	0.347	1.529	1.438	0.520
0.434	1.622	1.500	0.616	0.379	1.531	1.422	0.567	0.347	1.538	1.446	0.523
0.425	1.615	1.475	0.656	0.379	1.531	1.422	0.567	0.347	1.534	1.442	0.522
0.421	1.615	1.492	0.619	0.379	1.531	1.422	0.567	0.347	1.534	1.442	0.522
0.410	1.610	1.467	0.663	0.379	1.531	1.422	0.567	0.347	1.530	1.439	0.521
0.403	1.613	1.491	0.617	0.379	1.531	1.422	0.567	0.347	1.532	1.441	0.521
0.398	1.620	1.483	0.651	0.379	1.531	1.422	0.567	0.347	1.537	1.445	0.523
0.409	1.608	1.426	0.742	0.379	1.531	1.422	0.567	0.348	1.531	1.439	0.522
0.420	1.600	1.423	0.731	0.379	1.531	1.422	0.567	0.348	1.525	1.434	0.520
0.428	1.596	1.393	0.779	0.379	1.531	1.422	0.567	0.348	1.524	1.433	0.520
0.435	1.608	1.431	0.733	0.379	1.531	1.422	0.567	0.348	1.531	1.439	0.522
0.442	1.620	1.426	0.768	0.379	1.531	1.422	0.567	0.348	1.539	1.447	0.525
0.453	1.619	1.383	0.841	0.379	1.531	1.422	0.567	0.348	1.541	1.448	0.526
0.464	1.603	1.403	0.775	0.379	1.531	1.422	0.567	0.348	1.529	1.437	0.522
0.476	1.605	1.391	0.800	0.379	1.531	1.422	0.567	0.349	1.530	1.438	0.523
0.484	1.602	1.391	0.794	0.379	1.531	1.422	0.567	0.349	1.528	1.436	0.522
0.494	1.602	1.405	0.770	0.379	1.531	1.422	0.567	0.348	1.528	1.436	0.521
0.499	1.598	1.388	0.792	0.379	1.531	1.422	0.567	0.348	1.526	1.434	0.521
0.503	1.606	1.395	0.795	0.379	1.531	1.422	0.567	0.349	1.531	1.439	0.523
0.509	1.606	1.407	0.775	0.381	1.533	1.423	0.570	0.350	1.532	1.439	0.525
0.510	1.614	1.438	0.733	0.381	1.533	1.423	0.570	0.350	1.536	1.443	0.526
0.503	1.620	1.454	0.715	0.381	1.533	1.423	0.570	0.349	1.539	1.446	0.527
0.498	1.627	1.479	0.676	0.381	1.533	1.423	0.570	0.349	1.543	1.450	0.528
0.491	1.621	1.456	0.714	0.381	1.533	1.423	0.570	0.349	1.540	1.447	0.527
0.485	1.625	1.449	0.735	0.381	1.533	1.423	0.570	0.349	1.543	1.450	0.528
0.480	1.610	1.443	0.713	0.381	1.533	1.423	0.570	0.349	1.532	1.440	0.524
0.477	1.605	1.391	0.800	0.381	1.533	1.423	0.570	0.350	1.531	1.438	0.525
0.475	1.590	1.389	0.774	0.381	1.533	1.423	0.570	0.350	1.520	1.428	0.521
0.474	1.589	1.414	0.725	0.381	1.533	1.423	0.570	0.349	1.519	1.427	0.520
0.457	1.591	1.459	0.633	0.381	1.533	1.423	0.570	0.349	1.518	1.426	0.519
0.454	1.602	1.460	0.658	0.381	1.533	1.423	0.570	0.349	1.526	1.434	0.522
0.455	1.613	1.410	0.782	0.381	1.533	1.423	0.570	0.350	1.536	1.443	0.526
0.460	1.638	1.451	0.760	0.381	1.533	1.423	0.570	0.350	1.552	1.458	0.532
0.468	1.633	1.430	0.789	0.381	1.533	1.423	0.570	0.350	1.550	1.456	0.531
0.469	1.637	1.466	0.726	0.381	1.533	1.423	0.570	0.350	1.550	1.456	0.531
0.468	1.631	1.440	0.767	0.381	1.533	1.423	0.570	0.350	1.548	1.454	0.530
0.467	1.629	1.455	0.733	0.381	1.533	1.423	0.570	0.349	1.545	1.452	0.529
0.470	1.630	1.413	0.812	0.381	1.533	1.423	0.570	0.350	1.548	1.454	0.531
0.480	1.620	1.398	0.818	0.381	1.533	1.423	0.570	0.350	1.542	1.448	0.529
0.505	1.627	1.376	0.868	0.380	1.532	1.423	0.567	0.348	1.544	1.451	0.527
0.518	1.636	1.348	0.926	0.380	1.532	1.423	0.567	0.349	1.555	1.461	0.532
0.529	1.632	1.336	0.936	0.380	1.532	1.423	0.567	0.349	1.552	1.458	0.531
0.534	1.625	1.388	0.845	0.380	1.532	1.423	0.567	0.349	1.545	1.452	0.528
0.536	1.619	1.439	0.743	0.380	1.532	1.423	0.567	0.348	1.539	1.447	0.525
0.532	1.618	1.462	0.691	0.380	1.532	1.423	0.567	0.347	1.536	1.444	0.523
0.527	1.602	1.449	0.683	0.380	1.532	1.423	0.567	0.348	1.526	1.435	0.520
0.520	1.609	1.414	0.768	0.380	1.532	1.423	0.567	0.348	1.533	1.441	0.523
0.515	1.620	1.451	0.720	0.380	1.532	1.423	0.567	0.347	1.539	1.447	0.524
0.508	1.624	1.473	0.685	0.380	1.532	1.423	0.567	0.348	1.541	1.449	0.525
0.492	1.623	1.511	0.590	0.380	1.532	1.423	0.567	0.347	1.538	1.446	0.523
0.450	1.626	1.468	0.697	0.380	1.532	1.423	0.567	0.347	1.542	1.450	0.525
0.439	1.612	1.421	0.760	0.380	1.532	1.423	0.567	0.348	1.534	1.442	0.523
0.438	1.612	1.414	0.773	0.379	1.516	1.408	0.561	0.349	1.534	1.442	0.524
0.441	1.620	1.440	0.743	0.379	1.516	1.408	0.561	0.348	1.535	1.443	0.523
0.440	1.629	1.456	0.729	0.379	1.516	1.408	0.561	0.347	1.540	1.448	0.524
0.441	1.637	1.411	0.829	0.379	1.516	1.408	0.561	0.348	1.548	1.455	0.528
0.458	1.617	1.394	0.819	0.379	1.500	1.394	0.555	0.348	1.535	1.443	0.524
0.458	1.617	1.394	0.819	0.379	1.500	1.394	0.555	0.348	1.529	1.438	0.521
0.467	1.624	1.458	0.715	0.379	1.500	1.394	0.555	0.347	1.531	1.440	0.520
0.475	1.613	1.449	0.708	0.379	1.500	1.394	0.555	0.347	1.524	1.433	0.518
0.478	1.606	1.449	0.692	0.379	1.500	1.394	0.555	0.347	1.518	1.428	0.516
0.469	1.601	1.462	0.651	0.379	1.500	1.394	0.555	0.346	1.514	1.424	0.514
0.462	1.601	1.480	0.610	0.379	1.500	1.394	0.555	0.346	1.514	1.424	0.513
0.457	1.604	1.484	0.609	0.379	1.500	1.394	0.555	0.346	1.516	1.426	0.514
0.451	1.611	1.463	0.674	0.379	1.500	1.394	0.555	0.347	1.522	1.431	0.517
0.438	1.604	1.480	0.619	0.379	1.500	1.394	0.555	0.346	1.516	1.426	0.514
0.428	1.603	1.440	0.703	0.379	1.500	1.394	0.555	0.347	1.516	1.426	0.515
0.425	1.611	1.436	0.730	0.379	1.500	1.394	0.555	0.347	1.523	1.432	0.518
0.427	1.621	1.454	0.718	0.379	1.500	1.393	0.555	0.347	1.530	1.439	0.520
0.431	1.623	1.425	0.777	0.379	1.500	1.393	0.555	0.347	1.532	1.441	0.521
0.436	1.615	1.425	0.760	0.379	1.500	1.393	0.555	0.347	1.526	1.435	0.519
0.447	1.620	1.382	0.846	0.379	1.500	1.393	0.555	0.348	1.532	1.440	0.522
0.476	1.600	1.412	0.752	0.379	1.492	1.386	0.552	0.347	1.513	1.423	0.514
0.483	1.597	1.423	0.725	0.379	1.492	1.386	0.552	0.346	1.511	1.421	0.513
0.485	1.593	1.474	0.603	0.379	1.484	1.379	0.549	0.346	1.505	1.416	0.510
0.478	1.598	1.501	0.550	0.379	1.484	1.379	0.549	0.345	1.506	1.417	0.509
0.465	1.598	1.492	0.573	0.379	1.484	1.379	0.549	0.345	1.506	1.417	0.509
0.454	1.604	1.499	0.570	0.379	1.484	1.379	0.549	0.345	1.510	1.421	0.511
0.445	1.615	1.487	0.631	0.379	1.484	1.379	0.549	0.345	1.519	1.429	0.514
0.439	1.617	1.465	0.684	0.379	1.484	1.379	0.549	0.345	1.521	1.431	0.515
0.429	1.621	1.489	0.642	0.379	1.484	1.379	0.549	0.346	1.523	1.433	0.516
0.421	1.607	1.386	0.814	0.379	1.484	1.379	0.549	0.346	1.514	1.424	0.513
0.421	1.607	1.386	0.814	0.379	1.484	1.379	0.549	0.347	1.517	1.427	0.516
0.428	1.622	1.449	0.727	0.379	1.484	1.379	0.549	0.346	1.524	1.434	0.517
0.436	1.640	1.501	0.661	0.377	1.483	1.379	0.546	0.345	1.536	1.445	0.520
0.446	1.635	1.463	0.730	0.377	1.483	1.379	0.546	0.345	1.533	1.443	0.518
0.460	1.620	1.412	0.794	0.377	1.483	1.379	0.546	0.345	1.525	1.435	0.516
0.471	1.613	1.388	0.822	0.377	1.483	1.379	0.546	0.345	1.521	1.431	0.515
0.479	1.608	1.383	0.821	0.376	1.482	1.379	0.544	0.344	1.518	1.429	0.512
0.486	1.612	1.436	0.732	0.376	1.482	1.379	0.544	0.343	1.518	1.429	0.511
0.486	1.606	1.433	0.724	0.376	1.482	1.379	0.544	0.343	1.513	1.425	0.509
0.480	1.609	1.410	0.775	0.376	1.482	1.379	0.544	0.344	1.517	1.428	0.511
0.476	1.623	1.429	0.770	0.376	1.482	1.379	0.544	0.344	1.526	1.437	0.514
0.480	1.609	1.401	0.791	0.376	1.482	1.379	0.544	0.344	1.517	1.428	0.511
0.487	1.600	1.386	0.799	0.376	1.482	1.379	0.544	0.344	1.512	1.423	0.510
0.500	1.598	1.405	0.762	0.376	1.482	1.379	0.544	0.344	1.498	1.410	0.505
0.498	1.614	1.466	0.674	0.376	1.482	1.379	0.544	0.344	1.509	1.421	0.509
0.492	1.618	1.483	0.646	0.376	1.482	1.379	0.544	0.343	1.520	1.432	0.511
0.491	1.611	1.431	0.739	0.376	1.482	1.379	0.544	0.343	1.518	1.429	0.511
0.490	1.616	1.456	0.701	0.376	1.482	1.379	0.544	0.343	1.520	1.431	0.511
0.489	1.624	1.457	0.717	0.376	1.482	1.379	0.544	0.343	1.526	1.437	0.513
0.484	1.626	1.476	0.681	0.375	1.482	1.379	0.544	0.343	1.526	1.437	0.513
0.479	1.622	1.443	0.739	0.375	1.483	1.379	0.544	0.343	1.524	1.435	0.513
0.475	1.623	1.393	0.833	0.375	1.483	1.379	0.544	0.344	1.527	1.438	0.515
0.479	1.619	1.376	0.852	0.375	1.483	1.379	0.544	0.344	1.526	1.436	0.515
0.504	1.635	1.279	1.018	0.375	1.483	1.379	0.544	0.346	1.541	1.450	0.522
0.542	1.630	1.340	0.928	0.375	1.483	1.379	0.544	0.345	1.534	1.444	0.519
0.542	1.630	1.340	0.928	0.375	1.483	1.379	0.544	0.345	1.534	1.444	0.519
0.548	1.626	1.452	0.733	0.375	1.483	1.379	0.544	0.343	1.528	1.439	0.514
0.547	1.615	1.414	0.780	0.375	1.483	1.379	0.544	0.343	1.524	1.435	0.513
0.551	1.605	1.408	0.770	0.375	1.483	1.379	0.544	0.343	1.514	1.426	0.510
0.555	1.605	1.399	0.787	0.375	1.483	1.379	0.544	0.344	1.515	1.426	0.511
0.546	1.614	1.428	0.751	0.375	1.483	1.379	0.544	0.344	1.520	1.431	0.512
0.534	1.623	1.435	0.757	0.375	1.483	1.379	0.544	0.344	1.526	1.437	0.514
0.518	1.622	1.455	0.717	0.375	1.483	1.379	0.544	0.343	1.525	1.436	0.513
0.482	1.623	1.447	0.735	0.375	1.483	1.379	0.544	0.343	1.525	1.436	0.513
0.477	1.634	1.477	0.699	0.375	1.483	1.379	0.544	0.343	1.532	1.443	0.515
0.475	1.637	1.457	0.748	0.375	1.483	1.379	0.544	0.343	1.536	1.446	0.517
0.471	1.654	1.518	0.658	0.375	1.483	1.379	0.544	0.343	1.545	1.455	0.519
0.466	1.646	1.480	0.720	0.375	1.483	1.379	0.544	0.343	1.541	1.451	0.518
0.458	1.648	1.487	0.710	0.375	1.483	1.379	0.544	0.343	1.542	1.452	0.518
0.455	1.647	1.486	0.710	0.375	1.483	1.379	0.544	0.343	1.541	1.451	0.518
0.455	1.640	1.453	0.760	0.375	1.483	1.379	0.544	0.344	1.538	1.448	0.518
0.451	1.632	1.474	0.700	0.375	1.483	1.379	0.544	0.343	1.530	1.441	0.515
0.452	1.623	1.452	0.723	0.375	1.483	1.379	0.544	0.343	1.525	1.436	0.513
0.451	1.616	1.465	0.682	0.375	1.483	1.379	0.544	0.343	1.520	1.431	0.511
0.449	1.619	1.464	0.691	0.375	1.483	1.379	0.544	0.343	1.522	1.433	0.512
0.463	1.615	1.420	0.768	0.375	1.483	1.379	0.544	0.343	1.521	1.432	0.512
0.467	1.611	1.436	0.730	0.375	1.483	1.379	0.544	0.343	1.518	1.429	0.511
0.466	1.610	1.468	0.659	0.375	1.483	1.379	0.544	0.343	1.515	1.427	0.509
0.460	1.616	1.485	0.637	0.375	1.483	1.379	0.544	0.343	1.518	1.430	0.510
0.455	1.622	1.479	0.666	0.375	1.482	1.379	0.544	0.343	1.524	1.435	0.512
0.461	1.620	1.398	0.817	0.375	1.482	1.379	0.544	0.344	1.525	1.436	0.514
0.462	1.630	1.460	0.725	0.375	1.482	1.379	0.544	0.343	1.530	1.441	0.515
0.469	1.630	1.429	0.784	0.375	1.483	1.379	0.544	0.344	1.532	1.442	0.516
0.474	1.630	1.431	0.779	0.375	1.483	1.379	0.544	0.344	1.531	1.441	0.516
0.472	1.631	1.461	0.724	0.375	1.483	1.379	0.544	0.343	1.530	1.441	0.515
0.467	1.622	1.456	0.714	0.375	1.483	1.379	0.544	0.343	1.524	1.435	0.513
0.461	1.632	1.526	0.580	0.375	1.483	1.379	0.544	0.342	1.529	1.440	0.513
0.461	1.636	1.517	0.611	0.375	1.483	1.379	0.544	0.342	1.532	1.443	0.514
0.460	1.616	1.486	0.633	0.375	1.483	1.379	0.544	0.343	1.518	1.430	0.510
0.449	1.621	1.492	0.634	0.375	1.483	1.379	0.544	0.342	1.522	1.434	0.511
0.442	1.623	1.478	0.671	0.375	1.483	1.379	0.544	0.342	1.525	1.436	0.512
0.437	1.632	1.419	0.806	0.375	1.483	1.379	0.544	0.344	1.533	1.443	0.517
0.442	1.622	1.356	0.890	0.375	1.483	1.379	0.544	0.344	1.529	1.439	0.516
0.451	1.617	1.358	0.878	0.375	1.483	1.379	0.544	0.344	1.526	1.436	0.515
0.458	1.618	1.397	0.817	0.375	1.483	1.379	0.544	0.344	1.524	1.435	0.514
0.460	1.617	1.452	0.712	0.375	1.483	1.379	0.544	0.343	1.520	1.432	0.511
0.462	1.623	1.491	0.641	0.375	1.483	1.379	0.544	0.343	1.521	1.432	0.512
0.463	1.628	1.478	0.683	0.375	1.483	1.379	0.544	0.343	1.524	1.435	0.512
0.466	1.624	1.489	0.648	0.375	1.482	1.379	0.543	0.342	1.525	1.436	0.512
0.464	1.619	1.467	0.685	0.375	1.482	1.379	0.543	0.343	1.521	1.433	0.511
0.466	1.620	1.416	0.786	0.375	1.482	1.379	0.543	0.343	1.524	1.435	0.513
0.462	1.627	1.417	0.798	0.375	1.482	1.379	0.543	0.343	1.529	1.440	0.515
0.456	1.618	1.429	0.759	0.375	1.482	1.379	0.543	0.344	1.523	1.434	0.513
0.450	1.623	1.463	0.701	0.377	1.468	1.365	0.540	0.344	1.520	1.431	0.512
0.447	1.623	1.487	0.651	0.377	1.468	1.365	0.540	0.344	1.520	1.431	0.512
0.442	1.621	1.523	0.557	0.377	1.468	1.365	0.540	0.343	1.516	1.428	0.510
0.441	1.614	1.475	0.654	0.378	1.455	1.352	0.537	0.344	1.508	1.420	0.509
0.443	1.611	1.479	0.640	0.378	1.455	1.352	0.537	0.345	1.507	1.418	0.509
0.444	1.606	1.484	0.615	0.378	1.455	1.352	0.537	0.344	1.503	1.415	0.507
0.433	1.594	1.496	0.550	0.378	1.455	1.352	0.537	0.344	1.493	1.406	0.503
0.415	1.615	1.462	0.686	0.378	1.455	1.352	0.537	0.344	1.493	1.405	0.504
0.415	1.615	1.462	0.686	0.378	1.455	1.352	0.537	0.345	1.510	1.421	0.510
0.412	1.638	1.484	0.693	0.378	1.455	1.352	0.537	0.345	1.526	1.436	0.516
0.444	1.609	1.395	0.802	0.378	1.455	1.352	0.537	0.345	1.528	1.438	0.517
0.451	1.611	1.422	0.756	0.378	1.455	1.352	0.537	0.345	1.509	1.420	0.511
0.461	1.620	1.493	0.627	0.378	1.455	1.352	0.537	0.344	1.512	1.423	0.510
0.459	1.615	1.487	0.628	0.378	1.455	1.352	0.537	0.344	1.508	1.420	0.509
0.461	1.621	1.441	0.743	0.378	1.455	1.352	0.537	0.345	1.515	1.426	0.513
0.464	1.625	1.448	0.738	0.377	1.453	1.351	0.535	0.343	1.518	1.429	0.511
0.464	1.632	1.488	0.669	0.377	1.453	1.351	0.535	0.343	1.521	1.432	0.512
0.461	1.621	1.472	0.677	0.375	1.452	1.351	0.532	0.342	1.513	1.425	0.507
0.454	1.610	1.463	0.673	0.375	1.452	1.351	0.532	0.342	1.506	1.419	0.505
0.446	1.600	1.447	0.685	0.375	1.452	1.351	0.532	0.342	1.500	1.413	0.503
0.444	1.601	1.439	0.702	0.375	1.452	1.351	0.532	0.342	1.500	1.413	0.503
0.439	1.613	1.477	0.649	0.375	1.452	1.351	0.532	0.342	1.507	1.420	0.505
0.437	1.621	1.502	0.609	0.375	1.452	1.351	0.532	0.341	1.511	1.424	0.506
0.435	1.623	1.504	0.609	0.375	1.452	1.351	0.532	0.341	1.513	1.426	0.506
0.436	1.612	1.404	0.793	0.375	1.452	1.351	0.532	0.342	1.510	1.422	0.507
0.441	1.618	1.376	0.850	0.375	1.452	1.351	0.532	0.343	1.514	1.426	0.509
0.447	1.619	1.430	0.758	0.375	1.452	1.351	0.532	0.342	1.513	1.425	0.508
0.449	1.614	1.443	0.722	0.375	1.452	1.351	0.532	0.342	1.509	1.422	0.506
0.452	1.596	1.425	0.720	0.376	1.447	1.346	0.532	0.343	1.496	1.409	0.503
0.451	1.603	1.433	0.717	0.376	1.447	1.346	0.532	0.343	1.501	1.413	0.505
0.454	1.604	1.437	0.712	0.376	1.441	1.340	0.529	0.343	1.499	1.412	0.504
0.458	1.616	1.477	0.656	0.376	1.441	1.340	0.529	0.342	1.506	1.419	0.505
0.465	1.617	1.450	0.715	0.376	1.441	1.340	0.529	0.343	1.508	1.420	0.507
0.466	1.610	1.451	0.696	0.373	1.438	1.339	0.524	0.340	1.501	1.415	0.500
0.458	1.620	1.487	0.642	0.371	1.436	1.338	0.521	0.338	1.506	1.421	0.499
0.443	1.623	1.463	0.704	0.371	1.436	1.338	0.521	0.338	1.511	1.425	0.501
0.447	1.625	1.446	0.741	0.371	1.436	1.338	0.521	0.338	1.512	1.426	0.502
0.451	1.631	1.426	0.791	0.371	1.436	1.338	0.521	0.339	1.517	1.431	0.504
0.453	1.627	1.433	0.769	0.371	1.436	1.338	0.521	0.339	1.514	1.428	0.503
0.456	1.624	1.459	0.713	0.371	1.436	1.338	0.521	0.338	1.511	1.425	0.501
0.460	1.628	1.442	0.756	0.371	1.436	1.338	0.521	0.338	1.515	1.429	0.503
0.461	1.618	1.468	0.682	0.371	1.436	1.338	0.521	0.338	1.506	1.421	0.500
0.461	1.612	1.447	0.709	0.371	1.436	1.338	0.521	0.338	1.502	1.417	0.498
0.464	1.602	1.445	0.693	0.371	1.436	1.338	0.521	0.338	1.496	1.411	0.496
0.466	1.603	1.438	0.709	0.371	1.436	1.338	0.521	0.338	1.497	1.412	0.497
0.469	1.605	1.433	0.722	0.371	1.436	1.338	0.521	0.338	1.494	1.409	0.496
0.463	1.617	1.447	0.722	0.371	1.436	1.338	0.521	0.338	1.506	1.421	0.500
0.461	1.622	1.419	0.785	0.371	1.436	1.338	0.521	0.339	1.511	1.425	0.502
0.464	1.610	1.420	0.759	0.371	1.436	1.338	0.521	0.339	1.502	1.417	0.499
0.469	1.597	1.338	0.871	0.371	1.436	1.338	0.521	0.339	1.496	1.411	0.498
0.475	1.601	1.400	0.775	0.371	1.436	1.338	0.521	0.339	1.496	1.411	0.497
0.476	1.607	1.463	0.664	0.371	1.436	1.338	0.521	0.338	1.498	1.413	0.497
0.472	1.607	1.478	0.629	0.371	1.436	1.338	0.521	0.338	1.498	1.413	0.496
0.467	1.614	1.498	0.599	0.371	1.436	1.338	0.521	0.337	1.502	1.417	0.497
0.458	1.619	1.488	0.638	0.371	1.436	1.338	0.521	0.338	1.506	1.421	0.499
0.449	1.602	1.427	0.727	0.371	1.436	1.338	0.521	0.337	1.502	1.417	0.497
0.448	1.607	1.418	0.755	0.371	1.436	1.338	0.521	0.339	1.496	1.411	0.497
0.448	1.601	1.405	0.768	0.371	1.436	1.338	0.521	0.338	1.497	1.412	0.497
0.442	1.605	1.433	0.723	0.371	1.436	1.338	0.521	0.338	1.498	1.413	0.497
0.438	1.607	1.427	0.739	0.371	1.436	1.338	0.521	0.338	1.500	1.415	0.498
0.441	1.607	1.436	0.721	0.371	1.436	1.338	0.521	0.339	1.499	1.414	0.498
0.445	1.608	1.463	0.667	0.371	1.436	1.338	0.521	0.338	1.499	1.414	0.497
0.445	1.615	1.500	0.598	0.371	1.436	1.338	0.521	0.337	1.503	1.418	0.497
0.450	1.614	1.429	0.750	0.371	1.436	1.338	0.521	0.338	1.500	1.415	0.497
0.450	1.614	1.429	0.750	0.371	1.436	1.338	0.521	0.339	1.505	1.419	0.500
0.453	1.612	1.418	0.766	0.371	1.436	1.338	0.521	0.339	1.504	1.418	0.500
0.455	1.601	1.410	0.757	0.371	1.436	1.338	0.521	0.339	1.496	1.411	0.497
0.451	1.602	1.421	0.740	0.371	1.436	1.338	0.521	0.339	1.496	1.411	0.497
0.455	1.606	1.380	0.823	0.371	1.436	1.338	0.521	0.338	1.497	1.412	0.497
0.459	1.620	1.397	0.821	0.371	1.436	1.338	0.521	0.339	1.511	1.425	0.503
0.475	1.614	1.424	0.759	0.371	1.436	1.338	0.521	0.338	1.512	1.426	0.502
0.485	1.605	1.429	0.731	0.371	1.436	1.338	0.521	0.339	1.499	1.414	0.498
0.491	1.610	1.416	0.767	0.371	1.436	1.338	0.521	0.338	1.503	1.418	0.499
0.498	1.623	1.361	0.883	0.371	1.436	1.338	0.521	0.339	1.514	1.428	0.504
0.508	1.640	1.415	0.829	0.371	1.436	1.338	0.521	0.339	1.524	1.437	0.507
0.508	1.643	1.489	0.694	0.371	1.436	1.338	0.521	0.338	1.523	1.437	0.505
0.507	1.632	1.492	0.661	0.371	1.436	1.338	0.521	0.338	1.515	1.429	0.502
0.492	1.628	1.470	0.700	0.371	1.436	1.338	0.521	0.338	1.514	1.428	0.502
0.490	1.627	1.436	0.764	0.371	1.436	1.338	0.521	0.339	1.514	1.428	0.503
0.493	1.645	1.446	0.783	0.371	1.436	1.338	0.521	0.339	1.526	1.439	0.507
0.489	1.638	1.484	0.695	0.371	1.436	1.338	0.521	0.338	1.520	1.434	0.504
0.481	1.638	1.482	0.696	0.371	1.436	1.338	0.521	0.338	1.519	1.433	0.504
0.468	1.637	1.482	0.695	0.371	1.436	1.338	0.521	0.338	1.519	1.433	0.504
0.456	1.634	1.453	0.748	0.370	1.441	1.344	0.521	0.337	1.521	1.435	0.503
0.460	1.633	1.391	0.855	0.370	1.441	1.344	0.521	0.338	1.522	1.436	0.505
0.469	1.623	1.382	0.852	0.370	1.448	1.350	0.524	0.338	1.518	1.432	0.504
0.478	1.633	1.457	0.737	0.370	1.448	1.350	0.524	0.338	1.521	1.435	0.504
0.476	1.631	1.462	0.722	0.371	1.450	1.351	0.526	0.339	1.520	1.434	0.505
0.474	1.634	1.461	0.731	0.371	1.450	1.351	0.526	0.339	1.523	1.436	0.506
0.475	1.621	1.454	0.715	0.371	1.450	1.351	0.526	0.339	1.513	1.427	0.503
0.477	1.619	1.457	0.706	0.371	1.450	1.351	0.526	0.338	1.512	1.426	0.502
0.480	1.623	1.455	0.719	0.371	1.450	1.351	0.526	0.338	1.515	1.429	0.503
0.480	1.632	1.455	0.737	0.371	1.450	1.351	0.526	0.339	1.520	1.434	0.505
0.475	1.628	1.444	0.752	0.371	1.450	1.351	0.526	0.339	1.518	1.432	0.505
0.467	1.621	1.428	0.767	0.371	1.450	1.351	0.526	0.339	1.514	1.428	0.504
0.467	1.617	1.418	0.776	0.371	1.450	1.351	0.526	0.339	1.512	1.426	0.503
0.472	1.627	1.382	0.859	0.371	1.450	1.351	0.526	0.340	1.521	1.434	0.507
0.483	1.641	1.387	0.876	0.371	1.450	1.351	0.526	0.340	1.530	1.443	0.510
0.498	1.639	1.378	0.887	0.371	1.450	1.351	0.526	0.340	1.530	1.442	0.510
0.506	1.631	1.425	0.794	0.371	1.450	1.351	0.526	0.340	1.522	1.435	0.507
0.514	1.624	1.411	0.804	0.371	1.450	1.351	0.526	0.339	1.517	1.431	0.505
0.519	1.625	1.413	0.802	0.371	1.450	1.351	0.526	0.339	1.517	1.431	0.505
0.522	1.631	1.427	0.788	0.371	1.450	1.351	0.526	0.339	1.521	1.434	0.506
0.528	1.633	1.383	0.869	0.371	1.450	1.351	0.526	0.340	1.525	1.438	0.509
0.532	1.642	1.406	0.847	0.371	1.450	1.351	0.526	0.340	1.530	1.443	0.510
0.536	1.625	1.386	0.848	0.371	1.450	1.351	0.526	0.340	1.519	1.432	0.506
0.537	1.619	1.328	0.926	0.371	1.450	1.351	0.526	0.341	1.517	1.430	0.507
0.535	1.628	1.422	0.792	0.371	1.450	1.351	0.526	0.339	1.520	1.433	0.506
0.526	1.625	1.472	0.687	0.371	1.450	1.351	0.526	0.338	1.515	1.429	0.503
0.513	1.631	1.489	0.666	0.371	1.450	1.351	0.526	0.338	1.519	1.433	0.504
0.501	1.609	1.381	0.826	0.371	1.450	1.351	0.526	0.339	1.508	1.422	0.502
0.507	1.615	1.343	0.896	0.371	1.450	1.351	0.526	0.340	1.514	1.427	0.505
0.512	1.605	1.333	0.892	0.371	1.450	1.351	0.526	0.340	1.506	1.420	0.503
0.512	1.617	1.385	0.835	0.371	1.450	1.351	0.526	0.340	1.513	1.427	0.504
0.511	1.636	1.398	0.850	0.371	1.450	1.351	0.526	0.340	1.526	1.439	0.509
0.504	1.632	1.420	0.804	0.371	1.450	1.351	0.526	0.339	1.523	1.436	0.507
0.505	1.625	1.380	0.858	0.370	1.448	1.350	0.523	0.338	1.519	1.433	0.504
0.514	1.634	1.383	0.869	0.370	1.448	1.350	0.523	0.338	1.524	1.438	0.506
0.528	1.630	1.377	0.871	0.368	1.446	1.349	0.520	0.337	1.522	1.436	0.503
0.546	1.630	1.369	0.884	0.368	1.446	1.349	0.520	0.337	1.522	1.437	0.503
0.556	1.628	1.368	0.883	0.370	1.447	1.349	0.523	0.338	1.521	1.435	0.505
0.520	1.628	1.519	0.585	0.370	1.447	1.349	0.523	0.338	1.509	1.424	0.500
0.502	1.640	1.523	0.609	0.370	1.447	1.349	0.523	0.336	1.523	1.438	0.503
0.498	1.644	1.433	0.807	0.370	1.447	1.349	0.523	0.338	1.530	1.444	0.507
0.500	1.644	1.362	0.919	0.370	1.447	1.349	0.523	0.339	1.532	1.445	0.509
0.502	1.641	1.410	0.839	0.370	1.447	1.349	0.523	0.338	1.529	1.442	0.507
0.499	1.637	1.432	0.794	0.370	1.447	1.349	0.523	0.338	1.525	1.439	0.505
0.485	1.638	1.466	0.731	0.370	1.447	1.349	0.523	0.337	1.524	1.438	0.504
0.472	1.632	1.458	0.733	0.368	1.445	1.349	0.520	0.336	1.520	1.435	0.501
0.469	1.635	1.401	0.842	0.368	1.445	1.349	0.520	0.336	1.524	1.439	0.503
0.479	1.631	1.375	0.877	0.369	1.440	1.343	0.520	0.338	1.521	1.435	0.504
0.507	1.630	1.478	0.687	0.369	1.440	1.343	0.520	0.336	1.516	1.431	0.500
0.500	1.634	1.516	0.608	0.369	1.440	1.343	0.520	0.336	1.517	1.432	0.500
0.481	1.634	1.518	0.604	0.369	1.440	1.343	0.520	0.336	1.517	1.432	0.500
0.465	1.637	1.481	0.697	0.369	1.440	1.343	0.520	0.337	1.520	1.435	0.502
0.459	1.642	1.470	0.732	0.369	1.440	1.343	0.520	0.337	1.525	1.439	0.504
0.459	1.642	1.477	0.717	0.371	1.435	1.337	0.520	0.338	1.522	1.436	0.505
0.460	1.652	1.492	0.710	0.371	1.435	1.337	0.520	0.338	1.529	1.443	0.507
0.457	1.644	1.473	0.730	0.371	1.435	1.337	0.520	0.338	1.524	1.438	0.505
0.448	1.636	1.478	0.702	0.371	1.435	1.337	0.520	0.338	1.519	1.433	0.503
0.438	1.639	1.485	0.692	0.371	1.434	1.337	0.520	0.338	1.520	1.434	0.504
0.432	1.644	1.532	0.597	0.369	1.433	1.337	0.517	0.336	1.521	1.436	0.501
0.430	1.636	1.523	0.596	0.369	1.433	1.337	0.517	0.336	1.516	1.431	0.499
0.434	1.652	1.500	0.691	0.369	1.433	1.337	0.517	0.336	1.528	1.442	0.504
0.439	1.649	1.409	0.856	0.368	1.432	1.336	0.515	0.336	1.529	1.444	0.504
0.443	1.638	1.439	0.782	0.368	1.432	1.336	0.515	0.336	1.521	1.436	0.501
0.447	1.644	1.475	0.725	0.368	1.432	1.336	0.515	0.335	1.523	1.438	0.501
0.444	1.625	1.487	0.654	0.368	1.432	1.336	0.515	0.334	1.509	1.425	0.495
0.438	1.627	1.502	0.624	0.368	1.432	1.336	0.515	0.334	1.509	1.426	0.495
0.434	1.635	1.501	0.647	0.368	1.432	1.336	0.515	0.335	1.515	1.431	0.498
0.433	1.633	1.483	0.683	0.368	1.432	1.336	0.515	0.335	1.515	1.431	0.498
0.440	1.640	1.455	0.756	0.368	1.432	1.336	0.515	0.336	1.521	1.436	0.501
0.450	1.643	1.441	0.789	0.368	1.432	1.336	0.515	0.336	1.524	1.439	0.502
0.455	1.647	1.446	0.788	0.368	1.432	1.336	0.515	0.336	1.526	1.441	0.503
0.451	1.630	1.437	0.768	0.368	1.432	1.336	0.515	0.336	1.515	1.430	0.499
0.449	1.635	1.427	0.798	0.368	1.432	1.336	0.515	0.335	1.519	1.434	0.500
0.462	1.637	1.379	0.882	0.368	1.432	1.336	0.515	0.336	1.522	1.437	0.502
0.482	1.640	1.339	0.946	0.368	1.432	1.336	0.515	0.337	1.526	1.440	0.504
0.498	1.643	1.402	0.857	0.368	1.432	1.336	0.515	0.336	1.526	1.441	0.503
0.512	1.639	1.435	0.791	0.368	1.432	1.336	0.515	0.336	1.521	1.436	0.501
0.514	1.645	1.478	0.720	0.368	1.432	1.336	0.515	0.335	1.524	1.439	0.501
0.511	1.652	1.498	0.697	0.368	1.432	1.336	0.515	0.335	1.528	1.443	0.502
0.506	1.674	1.510	0.722	0.368	1.432	1.336	0.515	0.335	1.543	1.457	0.507
0.505	1.679	1.458	0.832	0.368	1.432	1.336	0.515	0.336	1.548	1.462	0.510
0.509	1.674	1.465	0.811	0.368	1.432	1.336	0.515	0.336	1.545	1.459	0.509
0.503	1.655	1.489	0.723	0.368	1.432	1.336	0.515	0.335	1.531	1.446	0.503
0.487	1.643	1.494	0.685	0.368	1.432	1.336	0.515	0.335	1.522	1.438	0.500
0.474	1.637	1.494	0.668	0.368	1.432	1.336	0.515	0.334	1.517	1.433	0.498
0.463	1.628	1.484	0.669	0.368	1.432	1.336	0.515	0.335	1.511	1.427	0.496
0.458	1.630	1.475	0.692	0.368	1.432	1.336	0.515	0.335	1.513	1.429	0.497
0.455	1.632	1.484	0.678	0.368	1.432	1.336	0.515	0.334	1.514	1.430	0.497
0.458	1.627	1.428	0.778	0.368	1.432	1.336	0.515	0.336	1.512	1.428	0.498
0.460	1.637	1.392	0.860	0.368	1.432	1.336	0.515	0.336	1.521	1.436	0.502
0.466	1.635	1.354	0.917	0.368	1.432	1.336	0.515	0.337	1.522	1.437	0.503
0.472	1.640	1.379	0.887	0.368	1.432	1.336	0.515	0.336	1.524	1.439	0.503
0.478	1.651	1.434	0.818	0.368	1.432	1.336	0.515	0.336	1.530	1.445	0.504
0.484	1.645	1.439	0.797	0.368	1.432	1.336	0.515	0.335	1.525	1.440	0.502
0.497	1.635	1.416	0.816	0.368	1.432	1.336	0.515	0.336	1.519	1.434	0.501
0.505	1.646	1.431	0.812	0.368	1.432	1.336	0.515	0.336	1.526	1.441	0.503
0.512	1.667	1.447	0.828	0.368	1.432	1.336	0.515	0.336	1.541	1.455	0.508
0.513	1.681	1.469	0.818	0.368	1.432	1.336	0.515	0.336	1.551	1.464	0.511
0.516	1.670	1.429	0.864	0.368	1.432	1.336	0.515	0.336	1.544	1.458	0.509
0.478	1.630	1.495	0.648	0.368	1.432	1.336	0.515	0.336	1.531	1.445	0.505
0.467	1.630	1.516	0.596	0.368	1.432	1.336	0.515	0.334	1.512	1.428	0.496
0.458	1.637	1.495	0.666	0.368	1.432	1.336	0.515	0.334	1.517	1.433	0.498
0.457	1.649	1.464	0.757	0.368	1.432	1.336	0.515	0.336	1.527	1.442	0.503
0.453	1.649	1.471	0.746	0.368	1.432	1.336	0.515	0.336	1.527	1.442	0.503
0.448	1.655	1.426	0.840	0.368	1.432	1.336	0.515	0.336	1.534	1.448	0.506
0.446	1.640	1.464	0.739	0.368	1.432	1.336	0.515	0.335	1.521	1.436	0.500
0.450	1.641	1.434	0.797	0.368	1.432	1.336	0.515	0.336	1.523	1.438	0.502
0.459	1.640	1.435	0.793	0.368	1.432	1.336	0.515	0.335	1.522	1.437	0.501
0.467	1.634	1.438	0.776	0.368	1.432	1.336	0.515	0.336	1.518	1.433	0.500
0.473	1.643	1.457	0.759	0.368	1.432	1.336	0.515	0.335	1.523	1.438	0.501
0.488	1.630	1.441	0.762	0.368	1.432	1.336	0.515	0.335	1.520	1.435	0.500
0.493	1.631	1.446	0.754	0.368	1.432	1.336	0.515	0.336	1.524	1.439	0.503
0.493	1.625	1.441	0.751	0.368	1.432	1.336	0.515	0.335	1.511	1.427	0.497
0.491	1.638	1.401	0.848	0.368	1.432	1.336	0.515	0.336	1.522	1.437	0.502
0.494	1.647	1.424	0.827	0.368	1.432	1.336	0.515	0.336	1.527	1.442	0.503
0.498	1.643	1.421	0.825	0.368	1.432	1.336	0.515	0.336	1.525	1.440	0.503
0.507	1.648	1.394	0.878	0.368	1.431	1.335	0.515	0.337	1.529	1.443	0.505
0.513	1.642	1.415	0.833	0.368	1.431	1.335	0.515	0.336	1.524	1.439	0.503
0.528	1.627	1.391	0.844	0.369	1.420	1.324	0.512	0.337	1.520	1.434	0.503
0.531	1.618	1.409	0.795	0.369	1.420	1.324	0.512	0.337	1.511	1.426	0.500
0.539	1.609	1.363	0.855	0.369	1.420	1.324	0.512	0.337	1.499	1.415	0.496
0.544	1.609	1.388	0.812	0.369	1.420	1.324	0.512	0.337	1.497	1.413	0.495
0.545	1.623	1.427	0.771	0.369	1.420	1.324	0.512	0.336	1.505	1.421	0.497
0.539	1.643	1.476	0.722	0.369	1.420	1.324	0.512	0.336	1.519	1.434	0.501
0.531	1.659	1.484	0.741	0.369	1.420	1.324	0.512	0.336	1.530	1.444	0.505
0.527	1.643	1.419	0.829	0.369	1.420	1.324	0.512	0.337	1.522	1.436	0.503
0.523	1.630	1.432	0.779	0.369	1.420	1.324	0.512	0.337	1.511	1.426	0.499
0.510	1.627	1.462	0.714	0.369	1.420	1.324	0.512	0.336	1.507	1.423	0.497
0.488	1.635	1.473	0.709	0.369	1.420	1.324	0.512	0.336	1.513	1.428	0.499
0.477	1.629	1.459	0.723	0.371	1.408	1.313	0.510	0.337	1.505	1.420	0.498
0.468	1.634	1.460	0.732	0.371	1.408	1.313	0.510	0.337	1.509	1.424	0.499
0.461	1.641	1.456	0.755	0.371	1.408	1.313	0.510	0.337	1.513	1.428	0.501
0.466	1.648	1.398	0.872	0.371	1.408	1.312	0.510	0.338	1.521	1.435	0.505
0.481	1.643	1.355	0.930	0.371	1.408	1.312	0.510	0.339	1.520	1.434	0.505
0.488	1.654	1.365	0.933	0.371	1.408	1.312	0.510	0.339	1.527	1.440	0.507
0.493	1.656	1.404	0.879	0.371	1.408	1.312	0.510	0.338	1.528	1.441	0.507
0.547	1.646	1.313	0.992	0.371	1.408	1.312	0.510	0.338	1.519	1.433	0.504
0.562	1.652	1.410	0.861	0.371	1.408	1.312	0.510	0.338	1.524	1.438	0.506
0.565	1.654	1.463	0.770	0.371	1.408	1.312	0.510	0.337	1.523	1.437	0.504
0.534	1.635	1.431	0.790	0.371	1.408	1.312	0.510	0.337	1.513	1.428	0.500
0.525	1.631	1.464	0.719	0.371	1.408	1.312	0.510	0.337	1.507	1.422	0.498
0.518	1.638	1.472	0.719	0.371	1.408	1.312	0.510	0.337	1.511	1.426	0.500
0.511	1.627	1.407	0.817	0.371	1.408	1.312	0.510	0.338	1.506	1.421	0.499
0.502	1.636	1.419	0.814	0.371	1.408	1.312	0.510	0.338	1.512	1.427	0.501
0.492	1.643	1.382	0.887	0.369	1.407	1.312	0.507	0.337	1.518	1.433	0.502
0.485	1.647	1.425	0.825	0.369	1.407	1.312	0.507	0.336	1.519	1.434	0.501
0.486	1.648	1.489	0.706	0.369	1.407	1.312	0.507	0.336	1.518	1.433	0.500
0.481	1.644	1.516	0.637	0.367	1.406	1.312	0.505	0.334	1.517	1.433	0.497
0.475	1.652	1.515	0.658	0.367	1.406	1.312	0.505	0.333	1.519	1.435	0.497
0.474	1.655	1.499	0.701	0.367	1.406	1.312	0.505	0.334	1.522	1.438	0.499
0.476	1.643	1.461	0.751	0.367	1.406	1.312	0.505	0.334	1.515	1.431	0.497
0.477	1.646	1.433	0.809	0.367	1.405	1.312	0.505	0.335	1.518	1.434	0.499
0.476	1.644	1.435	0.802	0.367	1.405	1.311	0.505	0.335	1.516	1.432	0.498
0.479	1.646	1.373	0.909	0.367	1.405	1.311	0.505	0.336	1.521	1.436	0.501
0.482	1.667	1.416	0.879	0.369	1.400	1.306	0.505	0.337	1.532	1.446	0.506
0.488	1.669	1.441	0.843	0.369	1.400	1.306	0.505	0.336	1.533	1.447	0.506
0.499	1.654	1.436	0.821	0.369	1.400	1.306	0.505	0.336	1.522	1.437	0.502
0.510	1.655	1.425	0.842	0.369	1.400	1.306	0.505	0.336	1.523	1.438	0.503
0.512	1.653	1.506	0.682	0.369	1.400	1.306	0.505	0.336	1.524	1.439	0.503
0.512	1.653	1.506	0.682	0.369	1.400	1.306	0.505	0.336	1.523	1.438	0.502
0.504	1.649	1.470	0.748	0.369	1.400	1.306	0.505	0.336	1.517	1.432	0.500
0.499	1.649	1.396	0.877	0.369	1.400	1.306	0.505	0.337	1.519	1.434	0.502
0.504	1.643	1.297	1.008	0.369	1.400	1.306	0.505	0.338	1.520	1.434	0.504
0.515	1.647	1.305	1.004	0.369	1.400	1.306	0.505	0.338	1.522	1.436	0.504
0.526	1.646	1.321	0.982	0.369	1.400	1.306	0.505	0.338	1.521	1.435	0.504
0.536	1.644	1.370	0.909	0.369	1.400	1.306	0.505	0.337	1.517	1.432	0.502
0.538	1.648	1.413	0.847	0.369	1.400	1.306	0.505	0.336	1.518	1.433	0.501
0.540	1.655	1.449	0.799	0.370	1.395	1.300	0.505	0.337	1.521	1.435	0.503
0.545	1.648	1.485	0.715	0.370	1.395	1.300	0.505	0.337	1.514	1.429	0.500
0.547	1.656	1.486	0.730	0.370	1.395	1.300	0.505	0.337	1.519	1.434	0.502
0.539	1.661	1.507	0.698	0.370	1.395	1.300	0.505	0.336	1.522	1.437	0.502
0.520	1.673	1.545	0.641	0.370	1.395	1.300	0.505	0.336	1.529	1.444	0.504
0.463	1.660	1.551	0.591	0.370	1.395	1.300	0.505	0.335	1.520	1.435	0.500
0.439	1.663	1.565	0.562	0.370	1.395	1.300	0.505	0.335	1.521	1.436	0.500
0.425	1.659	1.524	0.654	0.370	1.395	1.300	0.505	0.336	1.520	1.435	0.501
0.417	1.661	1.490	0.735	0.370	1.395	1.300	0.505	0.336	1.523	1.438	0.503
0.417	1.659	1.485	0.738	0.370	1.395	1.300	0.505	0.336	1.521	1.436	0.502
0.425	1.662	1.420	0.864	0.370	1.395	1.300	0.505	0.338	1.527	1.441	0.506
0.449	1.668	1.407	0.896	0.370	1.395	1.300	0.505	0.338	1.532	1.445	0.508
0.461	1.653	1.367	0.928	0.370	1.395	1.300	0.505	0.338	1.522	1.436	0.505
0.481	1.641	1.375	0.895	0.370	1.395	1.300	0.505	0.338	1.514	1.428	0.502
0.505	1.637	1.343	0.935	0.370	1.395	1.300	0.505	0.338	1.512	1.426	0.502
0.529	1.634	1.334	0.943	0.370	1.395	1.300	0.505	0.338	1.510	1.424	0.501
0.544	1.641	1.411	0.838	0.370	1.395	1.300	0.505	0.338	1.512	1.427	0.501
0.552	1.650	1.431	0.821	0.369	1.400	1.306	0.505	0.336	1.519	1.434	0.501
0.555	1.663	1.486	0.746	0.369	1.400	1.306	0.505	0.335	1.526	1.441	0.502
0.548	1.667	1.494	0.739	0.369	1.400	1.306	0.505	0.335	1.528	1.443	0.503
0.541	1.682	1.461	0.834	0.369	1.400	1.306	0.505	0.336	1.541	1.455	0.508
0.535	1.671	1.462	0.808	0.369	1.400	1.306	0.505	0.336	1.533	1.447	0.505
0.531	1.661	1.436	0.836	0.369	1.400	1.306	0.505	0.336	1.528	1.442	0.504
0.511	1.647	1.490	0.700	0.369	1.400	1.306	0.505	0.335	1.514	1.430	0.498
0.497	1.651	1.462	0.766	0.369	1.400	1.306	0.505	0.336	1.518	1.433	0.500
0.492	1.648	1.457	0.770	0.369	1.400	1.306	0.505	0.336	1.517	1.432	0.500
0.491	1.660	1.452	0.804	0.369	1.400	1.306	0.505	0.336	1.525	1.440	0.503
0.493	1.658	1.460	0.787	0.369	1.400	1.306	0.505	0.336	1.524	1.439	0.502
0.500	1.641	1.428	0.808	0.369	1.400	1.306	0.505	0.336	1.513	1.428	0.499
0.509	1.643	1.361	0.920	0.369	1.400	1.306	0.505	0.337	1.517	1.432	0.502
0.522	1.656	1.335	0.979	0.369	1.400	1.306	0.505	0.338	1.527	1.441	0.506
0.535	1.661	1.302	1.031	0.367	1.405	1.311	0.505	0.337	1.534	1.448	0.507
0.551	1.663	1.352	0.968	0.367	1.405	1.311	0.505	0.336	1.534	1.448	0.506
0.563	1.661	1.418	0.864	0.367	1.405	1.312	0.505	0.335	1.529	1.444	0.503
0.560	1.664	1.527	0.661	0.367	1.405	1.312	0.505	0.334	1.527	1.443	0.500
0.552	1.667	1.520	0.685	0.367	1.405	1.312	0.505	0.334	1.529	1.445	0.501
0.548	1.668	1.472	0.784	0.367	1.405	1.312	0.505	0.335	1.532	1.447	0.503
0.549	1.664	1.413	0.879	0.367	1.405	1.312	0.505	0.335	1.532	1.447	0.504
0.544	1.653	1.435	0.821	0.367	1.405	1.312	0.505	0.335	1.524	1.439	0.501
0.533	1.652	1.429	0.828	0.367	1.405	1.312	0.505	0.335	1.522	1.438	0.500
0.520	1.651	1.398	0.878	0.367	1.405	1.312	0.505	0.335	1.523	1.438	0.501
0.505	1.653	1.453	0.788	0.367	1.405	1.312	0.505	0.335	1.522	1.438	0.500
0.499	1.638	1.404	0.844	0.367	1.405	1.312	0.505	0.335	1.513	1.429	0.498
0.504	1.646	1.391	0.878	0.367	1.405	1.312	0.505	0.335	1.520	1.435	0.500
0.515	1.655	1.396	0.887	0.367	1.405	1.312	0.505	0.335	1.525	1.440	0.502
0.527	1.650	1.481	0.728	0.367	1.405	1.312	0.505	0.334	1.519	1.435	0.498
0.523	1.643	1.444	0.783	0.367	1.405	1.312	0.505	0.334	1.515	1.431	0.497
0.522	1.642	1.386	0.881	0.367	1.405	1.312	0.505	0.335	1.517	1.433	0.499
0.527	1.649	1.423	0.833	0.367	1.405	1.312	0.505	0.335	1.521	1.436	0.500
0.526	1.645	1.404	0.856	0.367	1.405	1.312	0.505	0.335	1.518	1.434	0.499
0.525	1.650	1.419	0.842	0.367	1.405	1.312	0.505	0.335	1.522	1.437	0.500
0.523	1.645	1.448	0.779	0.367	1.405	1.312	0.505	0.335	1.516	1.432	0.498
0.522	1.649	1.393	0.881	0.367	1.405	1.312	0.505	0.335	1.522	1.437	0.501
0.519	1.640	1.421	0.818	0.367	1.405	1.312	0.505	0.334	1.514	1.430	0.497
0.514	1.646	1.459	0.763	0.367	1.405	1.312	0.505	0.334	1.517	1.433	0.498
0.515	1.654	1.436	0.820	0.367	1.405	1.312	0.505	0.334	1.523	1.439	0.500
0.517	1.657	1.422	0.851	0.367	1.405	1.312	0.505	0.335	1.527	1.442	0.502
0.491	1.650	1.527	0.625	0.367	1.405	1.312	0.505	0.334	1.518	1.434	0.498
0.484	1.642	1.465	0.740	0.367	1.405	1.312	0.505	0.334	1.514	1.430	0.496
0.480	1.645	1.413	0.841	0.367	1.405	1.312	0.505	0.335	1.517	1.433	0.499
0.479	1.654	1.426	0.837	0.367	1.405	1.312	0.505	0.335	1.524	1.439	0.501
