phi_u	d_u	x_u	y_u	phi_v	d_v	x_v	y_v	phi_f	d_f	x_f	y_f
0.573	2.043	1.734	1.080	0.280	1.890	1.816	0.523	0.264	1.946	1.879	0.507
0.573	2.043	1.734	1.080	0.280	1.890	1.816	0.523	0.264	1.945	1.878	0.507
0.566	2.048	1.735	1.087	0.280	1.890	1.816	0.523	0.263	1.949	1.882	0.507
0.562	2.043	1.690	1.147	0.280	1.890	1.816	0.523	0.264	1.946	1.879	0.508
0.559	2.035	1.686	1.139	0.280	1.890	1.816	0.523	0.264	1.941	1.874	0.506
0.562	2.032	1.682	1.140	0.280	1.890	1.816	0.523	0.264	1.940	1.873	0.506
0.563	2.038	1.724	1.087	0.280	1.890	1.816	0.523	0.264	1.942	1.875	0.506
0.564	2.050	1.774	1.027	0.280	1.890	1.816	0.523	0.263	1.949	1.882	0.507
0.559	2.050	1.827	0.928	0.280	1.890	1.816	0.523	0.262	1.947	1.880	0.505
0.553	2.031	1.802	0.937	0.280	1.889	1.816	0.523	0.263	1.934	1.868	0.502
0.545	2.005	1.785	0.913	0.280	1.889	1.816	0.523	0.262	1.917	1.851	0.497
0.543	2.020	1.752	1.005	0.280	1.889	1.816	0.523	0.263	1.928	1.862	0.501
0.545	2.027	1.653	1.174	0.280	1.889	1.816	0.523	0.264	1.937	1.870	0.506
0.546	2.043	1.721	1.100	0.280	1.889	1.816	0.523	0.264	1.946	1.879	0.507
0.543	2.041	1.738	1.070	0.278	1.888	1.815	0.519	0.262	1.943	1.877	0.503
0.537	2.046	1.799	0.974	0.278	1.888	1.815	0.519	0.261	1.945	1.879	0.502
0.527	2.045	1.809	0.954	0.278	1.888	1.815	0.519	0.261	1.944	1.878	0.501
0.519	2.042	1.801	0.963	0.278	1.888	1.815	0.519	0.261	1.942	1.876	0.501
0.519	2.036	1.759	1.025	0.278	1.888	1.815	0.519	0.261	1.939	1.873	0.501
0.524	2.037	1.761	1.024	0.278	1.888	1.815	0.519	0.261	1.940	1.874	0.501
0.522	2.043	1.811	0.945	0.278	1.888	1.815	0.519	0.261	1.943	1.877	0.501
0.510	2.054	1.830	0.932	0.278	1.888	1.815	0.519	0.261	1.949	1.883	0.502
0.500	2.059	1.818	0.966	0.278	1.888	1.815	0.519	0.261	1.953	1.887	0.504
0.493	2.051	1.779	1.020	0.278	1.888	1.815	0.519	0.261	1.949	1.883	0.503
0.499	2.052	1.711	1.132	0.278	1.888	1.815	0.519	0.262	1.951	1.885	0.505
0.512	2.058	1.696	1.164	0.278	1.888	1.815	0.519	0.262	1.956	1.889	0.507
0.524	2.058	1.709	1.146	0.278	1.888	1.815	0.519	0.262	1.957	1.890	0.507
0.534	2.059	1.686	1.181	0.278	1.888	1.815	0.519	0.262	1.958	1.891	0.507
0.539	2.046	1.793	0.985	0.278	1.888	1.815	0.519	0.262	1.947	1.881	0.504
0.538	2.040	1.802	0.956	0.278	1.888	1.815	0.519	0.261	1.941	1.875	0.500
0.535	2.051	1.874	0.833	0.278	1.887	1.815	0.519	0.260	1.945	1.880	0.500
0.534	2.060	1.812	0.979	0.278	1.887	1.815	0.519	0.261	1.954	1.888	0.504
0.538	2.059	1.709	1.147	0.278	1.887	1.815	0.519	0.262	1.957	1.890	0.507
0.541	2.059	1.679	1.190	0.278	1.887	1.815	0.519	0.262	1.958	1.891	0.507
0.544	2.039	1.643	1.208	0.278	1.887	1.815	0.519	0.263	1.946	1.879	0.505
0.546	2.038	1.667	1.172	0.278	1.887	1.815	0.519	0.262	1.943	1.877	0.504
0.543	2.036	1.734	1.068	0.278	1.887	1.814	0.519	0.262	1.940	1.874	0.502
0.541	2.038	1.720	1.093	0.278	1.887	1.814	0.519	0.261	1.942	1.876	0.502
0.545	2.050	1.725	1.108	0.278	1.887	1.814	0.519	0.262	1.951	1.884	0.505
0.564	2.042	1.771	1.016	0.278	1.887	1.814	0.519	0.261	1.943	1.877	0.502
0.572	2.038	1.788	0.978	0.278	1.887	1.814	0.519	0.261	1.940	1.874	0.500
0.568	2.032	1.772	0.994	0.278	1.887	1.814	0.519	0.261	1.936	1.870	0.500
0.559	2.022	1.780	0.959	0.278	1.887	1.814	0.519	0.261	1.928	1.863	0.497
0.549	2.020	1.762	0.988	0.278	1.887	1.814	0.519	0.261	1.927	1.862	0.498
0.540	2.016	1.723	1.046	0.278	1.887	1.814	0.519	0.262	1.926	1.860	0.498
0.541	2.021	1.694	1.102	0.278	1.887	1.814	0.519	0.262	1.931	1.865	0.500
0.548	2.025	1.604	1.236	0.278	1.887	1.814	0.519	0.263	1.936	1.870	0.503
0.557	2.021	1.568	1.275	0.278	1.887	1.814	0.519	0.263	1.935	1.868	0.503
0.567	2.027	1.600	1.244	0.278	1.887	1.814	0.519	0.263	1.937	1.871	0.503
0.576	2.020	1.664	1.146	0.278	1.887	1.814	0.519	0.262	1.931	1.865	0.500
0.581	2.032	1.710	1.098	0.278	1.887	1.814	0.519	0.261	1.938	1.872	0.501
0.594	2.045	1.714	1.114	0.278	1.887	1.814	0.519	0.262	1.946	1.880	0.504
0.598	2.042	1.722	1.097	0.278	1.887	1.815	0.519	0.262	1.944	1.878	0.503
0.605	2.035	1.708	1.105	0.278	1.887	1.815	0.519	0.262	1.940	1.874	0.502
0.605	2.029	1.727	1.066	0.278	1.887	1.815	0.519	0.261	1.936	1.870	0.500
0.598	2.037	1.700	1.123	0.278	1.887	1.815	0.519	0.262	1.942	1.876	0.503
0.591	2.038	1.700	1.125	0.278	1.887	1.815	0.519	0.262	1.943	1.877	0.503
0.584	2.041	1.687	1.148	0.278	1.887	1.814	0.519	0.262	1.944	1.878	0.504
0.577	2.045	1.696	1.141	0.277	1.886	1.814	0.515	0.260	1.947	1.881	0.501
0.575	2.039	1.728	1.082	0.277	1.886	1.814	0.515	0.260	1.941	1.876	0.499
0.574	2.027	1.725	1.065	0.277	1.886	1.814	0.515	0.260	1.934	1.869	0.497
0.569	2.033	1.749	1.037	0.277	1.886	1.814	0.515	0.260	1.937	1.872	0.497
0.565	2.032	1.703	1.109	0.277	1.886	1.814	0.515	0.260	1.938	1.873	0.498
0.571	2.029	1.610	1.234	0.277	1.886	1.814	0.515	0.261	1.939	1.873	0.500
0.583	2.025	1.592	1.252	0.277	1.886	1.814	0.515	0.261	1.937	1.871	0.500
0.591	2.030	1.575	1.281	0.277	1.886	1.814	0.515	0.261	1.941	1.875	0.501
0.595	2.028	1.624	1.214	0.277	1.886	1.814	0.515	0.261	1.938	1.872	0.500
0.600	2.022	1.646	1.174	0.277	1.886	1.814	0.515	0.261	1.932	1.867	0.498
0.605	2.026	1.630	1.203	0.277	1.886	1.814	0.515	0.261	1.935	1.870	0.499
0.610	2.028	1.682	1.134	0.277	1.886	1.814	0.515	0.260	1.936	1.871	0.498
0.610	2.030	1.739	1.047	0.277	1.886	1.814	0.515	0.260	1.935	1.870	0.497
0.604	2.025	1.721	1.067	0.277	1.886	1.814	0.515	0.260	1.932	1.867	0.496
0.594	2.026	1.712	1.083	0.277	1.886	1.814	0.515	0.260	1.933	1.868	0.497
0.585	2.020	1.650	1.165	0.277	1.886	1.814	0.515	0.260	1.931	1.866	0.497
0.577	2.023	1.706	1.087	0.276	1.874	1.803	0.511	0.260	1.928	1.863	0.495
0.568	2.023	1.695	1.103	0.276	1.874	1.803	0.511	0.260	1.928	1.863	0.495
0.563	2.036	1.719	1.091	0.276	1.874	1.803	0.511	0.260	1.936	1.871	0.497
0.557	2.041	1.729	1.084	0.276	1.874	1.803	0.511	0.260	1.939	1.874	0.498
0.555	2.033	1.705	1.107	0.278	1.875	1.803	0.515	0.261	1.935	1.869	0.500
0.555	2.031	1.727	1.069	0.278	1.875	1.803	0.515	0.261	1.933	1.867	0.499
0.558	2.039	1.733	1.074	0.280	1.876	1.803	0.519	0.263	1.939	1.872	0.504
0.560	2.036	1.746	1.046	0.280	1.876	1.803	0.519	0.263	1.936	1.869	0.503
0.563	2.035	1.703	1.113	0.280	1.876	1.803	0.519	0.263	1.937	1.870	0.504
0.561	2.029	1.696	1.113	0.280	1.876	1.803	0.519	0.263	1.933	1.866	0.503
0.569	2.040	1.663	1.182	0.280	1.876	1.803	0.519	0.264	1.942	1.875	0.506
0.574	2.048	1.701	1.141	0.280	1.876	1.803	0.519	0.264	1.946	1.879	0.507
0.559	2.034	1.827	0.893	0.280	1.876	1.803	0.519	0.262	1.940	1.874	0.503
0.552	2.017	1.773	0.961	0.280	1.876	1.803	0.519	0.262	1.922	1.856	0.498
0.546	2.006	1.765	0.952	0.280	1.876	1.803	0.519	0.262	1.913	1.848	0.496
0.547	2.010	1.696	1.077	0.280	1.876	1.803	0.519	0.263	1.919	1.853	0.499
0.548	2.014	1.667	1.130	0.280	1.876	1.803	0.519	0.264	1.923	1.857	0.501
0.547	2.025	1.730	1.053	0.280	1.876	1.803	0.519	0.263	1.929	1.863	0.501
0.542	2.039	1.741	1.062	0.280	1.876	1.803	0.519	0.263	1.939	1.872	0.504
0.532	2.041	1.805	0.952	0.280	1.876	1.803	0.519	0.262	1.937	1.871	0.502
0.514	2.035	1.816	0.919	0.280	1.876	1.803	0.519	0.262	1.933	1.867	0.501
0.519	2.033	1.731	1.066	0.280	1.876	1.803	0.519	0.263	1.935	1.868	0.503
0.527	2.042	1.710	1.117	0.278	1.887	1.815	0.519	0.262	1.945	1.879	0.504
0.530	2.038	1.773	1.005	0.278	1.887	1.815	0.519	0.261	1.940	1.874	0.501
0.527	2.026	1.774	0.978	0.278	1.887	1.815	0.519	0.261	1.931	1.866	0.498
0.521	2.030	1.756	1.019	0.278	1.888	1.815	0.519	0.261	1.936	1.870	0.500
0.517	2.028	1.765	0.999	0.278	1.888	1.815	0.519	0.261	1.934	1.868	0.499
0.514	2.035	1.779	0.987	0.278	1.888	1.815	0.519	0.261	1.938	1.872	0.500
0.512	2.033	1.815	0.914	0.278	1.888	1.815	0.519	0.260	1.934	1.869	0.498
0.510	2.032	1.832	0.879	0.278	1.888	1.815	0.519	0.261	1.943	1.877	0.501
0.509	2.023	1.767	0.983	0.278	1.888	1.815	0.519	0.261	1.929	1.864	0.498
0.508	2.020	1.728	1.045	0.278	1.888	1.815	0.519	0.261	1.928	1.863	0.498
0.514	2.015	1.666	1.133	0.278	1.888	1.815	0.519	0.262	1.928	1.862	0.499
0.524	2.029	1.696	1.114	0.278	1.888	1.815	0.519	0.262	1.936	1.870	0.501
0.529	2.044	1.808	0.952	0.278	1.888	1.815	0.519	0.262	1.933	1.867	0.500
0.529	2.044	1.808	0.952	0.278	1.888	1.815	0.519	0.261	1.943	1.877	0.501
0.529	2.031	1.787	0.965	0.278	1.888	1.815	0.519	0.261	1.934	1.869	0.499
0.528	2.029	1.794	0.947	0.278	1.888	1.815	0.519	0.261	1.932	1.867	0.498
0.534	2.013	1.717	1.051	0.278	1.888	1.815	0.519	0.262	1.925	1.859	0.498
0.542	2.022	1.632	1.192	0.278	1.888	1.815	0.519	0.262	1.933	1.867	0.501
0.547	2.020	1.600	1.232	0.278	1.888	1.815	0.519	0.263	1.933	1.867	0.502
0.547	2.026	1.636	1.194	0.278	1.888	1.815	0.519	0.262	1.936	1.870	0.502
0.552	2.034	1.670	1.161	0.278	1.888	1.815	0.519	0.262	1.940	1.874	0.503
0.557	2.031	1.653	1.178	0.278	1.888	1.815	0.519	0.262	1.938	1.872	0.503
0.567	2.027	1.673	1.145	0.278	1.888	1.815	0.519	0.262	1.936	1.870	0.502
0.575	2.034	1.748	1.040	0.278	1.888	1.815	0.519	0.261	1.938	1.872	0.501
0.584	2.031	1.740	1.047	0.278	1.888	1.815	0.519	0.261	1.935	1.869	0.500
0.584	2.031	1.740	1.047	0.278	1.888	1.815	0.519	0.261	1.936	1.870	0.500
0.583	2.035	1.734	1.065	0.278	1.888	1.815	0.519	0.261	1.939	1.873	0.501
0.577	2.040	1.749	1.050	0.278	1.888	1.815	0.519	0.261	1.942	1.876	0.502
0.570	2.032	1.703	1.108	0.278	1.888	1.815	0.519	0.262	1.938	1.872	0.502
0.565	2.030	1.667	1.157	0.278	1.888	1.815	0.519	0.262	1.937	1.871	0.502
0.563	2.027	1.718	1.076	0.278	1.888	1.815	0.519	0.262	1.934	1.868	0.500
0.562	2.032	1.734	1.059	0.278	1.888	1.815	0.519	0.262	1.937	1.871	0.501
0.557	2.038	1.739	1.062	0.278	1.888	1.815	0.519	0.262	1.941	1.875	0.502
0.555	2.037	1.774	1.000	0.278	1.888	1.815	0.519	0.261	1.939	1.873	0.501
0.553	2.039	1.761	1.027	0.278	1.888	1.815	0.519	0.261	1.941	1.875	0.501
0.549	2.042	1.781	0.998	0.278	1.888	1.815	0.519	0.261	1.943	1.877	0.501
0.549	2.044	1.732	1.084	0.278	1.888	1.815	0.519	0.262	1.945	1.879	0.503
0.553	2.042	1.635	1.223	0.278	1.888	1.815	0.519	0.262	1.948	1.881	0.505
0.557	2.044	1.625	1.239	0.278	1.888	1.815	0.519	0.263	1.949	1.882	0.506
0.566	2.034	1.575	1.286	0.278	1.888	1.815	0.519	0.263	1.944	1.877	0.505
0.569	2.027	1.757	1.011	0.278	1.888	1.815	0.519	0.261	1.933	1.867	0.499
0.568	2.027	1.759	1.007	0.278	1.888	1.815	0.519	0.261	1.933	1.867	0.499
0.562	2.026	1.774	0.979	0.278	1.888	1.815	0.519	0.261	1.931	1.866	0.498
0.561	2.034	1.742	1.051	0.278	1.888	1.815	0.519	0.261	1.939	1.873	0.501
0.566	2.036	1.727	1.078	0.278	1.888	1.815	0.519	0.262	1.940	1.874	0.502
0.568	2.035	1.711	1.100	0.278	1.888	1.815	0.519	0.262	1.939	1.873	0.502
0.559	2.029	1.761	1.007	0.278	1.888	1.815	0.519	0.261	1.934	1.868	0.499
0.543	2.016	1.785	0.937	0.278	1.888	1.815	0.519	0.261	1.924	1.859	0.496
0.522	2.008	1.783	0.922	0.278	1.888	1.815	0.519	0.261	1.918	1.853	0.494
0.509	2.008	1.734	1.012	0.278	1.888	1.815	0.519	0.261	1.920	1.855	0.496
0.506	2.017	1.775	0.957	0.278	1.888	1.815	0.519	0.261	1.925	1.860	0.497
0.508	2.025	1.731	1.050	0.278	1.888	1.815	0.519	0.261	1.932	1.866	0.499
0.522	2.030	1.697	1.115	0.278	1.888	1.815	0.519	0.262	1.937	1.871	0.502
0.529	2.034	1.677	1.152	0.278	1.888	1.815	0.519	0.262	1.941	1.875	0.503
0.530	2.041	1.730	1.083	0.278	1.888	1.815	0.519	0.262	1.944	1.878	0.503
0.533	2.044	1.772	1.017	0.278	1.888	1.815	0.519	0.261	1.944	1.878	0.502
0.535	2.056	1.808	0.979	0.278	1.888	1.816	0.519	0.261	1.952	1.886	0.503
0.533	2.064	1.847	0.921	0.278	1.888	1.816	0.519	0.261	1.956	1.890	0.504
0.533	2.053	1.783	1.017	0.278	1.888	1.816	0.519	0.261	1.950	1.884	0.504
0.534	2.050	1.765	1.043	0.278	1.888	1.816	0.519	0.262	1.949	1.883	0.504
0.537	2.040	1.734	1.074	0.278	1.888	1.816	0.519	0.261	1.943	1.877	0.502
0.540	2.034	1.704	1.110	0.278	1.888	1.816	0.519	0.262	1.940	1.874	0.502
0.537	2.024	1.741	1.031	0.278	1.888	1.816	0.519	0.261	1.932	1.866	0.499
0.528	2.035	1.745	1.046	0.278	1.888	1.816	0.519	0.261	1.939	1.873	0.501
0.534	2.034	1.653	1.185	0.278	1.888	1.816	0.519	0.263	1.942	1.875	0.504
0.549	2.030	1.615	1.230	0.278	1.888	1.816	0.519	0.263	1.941	1.874	0.504
0.562	2.025	1.719	1.070	0.278	1.888	1.816	0.519	0.262	1.933	1.867	0.500
0.567	2.029	1.743	1.038	0.278	1.888	1.816	0.519	0.261	1.935	1.869	0.500
0.570	2.025	1.727	1.058	0.278	1.888	1.816	0.519	0.262	1.933	1.867	0.500
0.569	2.030	1.700	1.108	0.278	1.888	1.816	0.519	0.262	1.937	1.871	0.501
0.568	2.032	1.693	1.123	0.278	1.888	1.816	0.519	0.262	1.938	1.872	0.502
0.570	2.029	1.765	1.001	0.278	1.888	1.816	0.519	0.261	1.934	1.869	0.499
0.566	2.030	1.757	1.017	0.278	1.888	1.816	0.519	0.261	1.936	1.870	0.500
0.564	2.031	1.735	1.056	0.278	1.888	1.816	0.519	0.262	1.937	1.871	0.501
0.545	2.032	1.757	1.021	0.278	1.888	1.816	0.519	0.261	1.934	1.869	0.499
0.540	2.038	1.719	1.093	0.278	1.888	1.816	0.519	0.262	1.941	1.875	0.502
0.541	2.034	1.720	1.085	0.278	1.888	1.816	0.519	0.262	1.939	1.873	0.502
0.546	2.044	1.714	1.113	0.278	1.889	1.816	0.519	0.262	1.946	1.880	0.504
0.544	2.051	1.752	1.066	0.278	1.889	1.816	0.519	0.261	1.950	1.884	0.504
0.541	2.053	1.720	1.121	0.278	1.889	1.816	0.519	0.262	1.952	1.886	0.505
0.544	2.040	1.672	1.168	0.278	1.889	1.816	0.519	0.262	1.945	1.879	0.504
0.556	2.033	1.607	1.244	0.278	1.889	1.816	0.519	0.263	1.942	1.875	0.504
0.572	2.033	1.605	1.246	0.278	1.889	1.816	0.519	0.263	1.942	1.875	0.504
0.593	2.039	1.720	1.095	0.278	1.889	1.816	0.519	0.262	1.943	1.877	0.503
0.596	2.039	1.733	1.074	0.278	1.889	1.816	0.519	0.261	1.942	1.876	0.502
0.596	2.029	1.707	1.097	0.278	1.889	1.816	0.519	0.262	1.937	1.871	0.501
0.598	2.026	1.674	1.142	0.278	1.889	1.816	0.519	0.262	1.936	1.870	0.501
0.609	2.023	1.605	1.231	0.278	1.889	1.816	0.519	0.262	1.935	1.869	0.502
0.621	2.031	1.606	1.243	0.278	1.889	1.816	0.519	0.263	1.942	1.875	0.504
0.626	2.046	1.672	1.179	0.278	1.889	1.816	0.519	0.262	1.950	1.883	0.505
0.622	2.041	1.696	1.134	0.278	1.889	1.816	0.519	0.262	1.944	1.878	0.503
0.613	2.035	1.694	1.127	0.278	1.889	1.816	0.519	0.262	1.941	1.875	0.502
0.603	2.024	1.711	1.082	0.278	1.889	1.816	0.519	0.262	1.933	1.867	0.500
0.599	2.018	1.749	1.006	0.278	1.889	1.816	0.519	0.261	1.927	1.862	0.497
0.595	2.023	1.739	1.033	0.278	1.889	1.816	0.519	0.261	1.931	1.865	0.499
0.591	2.028	1.719	1.076	0.278	1.889	1.816	0.519	0.261	1.935	1.869	0.500
0.581	2.028	1.760	1.007	0.278	1.889	1.816	0.519	0.261	1.934	1.868	0.499
0.565	2.024	1.800	0.925	0.278	1.889	1.816	0.519	0.261	1.929	1.864	0.497
0.550	2.023	1.780	0.962	0.278	1.889	1.816	0.519	0.261	1.930	1.865	0.498
0.539	2.017	1.773	0.961	0.278	1.889	1.816	0.519	0.261	1.925	1.860	0.497
0.531	2.020	1.767	0.977	0.278	1.889	1.816	0.519	0.261	1.927	1.862	0.497
0.526	2.019	1.737	1.028	0.278	1.889	1.816	0.519	0.261	1.927	1.862	0.498
0.525	2.023	1.722	1.062	0.278	1.889	1.816	0.519	0.261	1.932	1.866	0.499
0.525	2.017	1.700	1.085	0.275	1.913	1.841	0.519	0.259	1.935	1.871	0.495
0.525	2.017	1.707	1.076	0.275	1.913	1.841	0.519	0.259	1.936	1.872	0.495
0.523	2.010	1.719	1.041	0.273	1.938	1.866	0.523	0.257	1.938	1.874	0.493
0.527	2.017	1.716	1.061	0.273	1.938	1.866	0.523	0.257	1.944	1.880	0.494
0.538	2.023	1.653	1.166	0.275	1.939	1.866	0.526	0.259	1.950	1.885	0.500
0.553	2.030	1.566	1.291	0.275	1.939	1.866	0.526	0.260	1.958	1.892	0.504
0.572	2.030	1.563	1.295	0.275	1.939	1.866	0.526	0.260	1.958	1.892	0.504
0.590	2.027	1.579	1.270	0.275	1.939	1.866	0.526	0.260	1.955	1.889	0.503
0.600	2.034	1.617	1.233	0.275	1.939	1.866	0.526	0.260	1.959	1.893	0.503
0.605	2.032	1.667	1.163	0.275	1.939	1.866	0.526	0.259	1.956	1.891	0.502
0.607	2.024	1.708	1.085	0.275	1.939	1.866	0.526	0.259	1.949	1.884	0.499
0.609	2.017	1.670	1.131	0.275	1.939	1.866	0.526	0.259	1.945	1.880	0.499
0.617	2.016	1.622	1.197	0.275	1.939	1.866	0.526	0.260	1.946	1.881	0.500
0.626	2.023	1.608	1.228	0.275	1.939	1.866	0.526	0.260	1.952	1.886	0.502
0.626	2.036	1.724	1.083	0.275	1.939	1.866	0.526	0.259	1.957	1.892	0.501
0.610	2.023	1.723	1.059	0.275	1.939	1.866	0.526	0.259	1.948	1.883	0.498
0.594	2.023	1.738	1.035	0.275	1.939	1.866	0.526	0.259	1.947	1.882	0.498
0.583	2.029	1.696	1.114	0.275	1.939	1.866	0.526	0.259	1.948	1.883	0.498
0.582	2.041	1.729	1.084	0.275	1.939	1.866	0.526	0.259	1.960	1.895	0.502
0.582	2.041	1.737	1.073	0.275	1.939	1.866	0.526	0.259	1.960	1.895	0.502
0.577	2.034	1.744	1.045	0.275	1.939	1.866	0.526	0.259	1.954	1.889	0.500
0.567	2.041	1.766	1.024	0.275	1.939	1.866	0.526	0.259	1.959	1.894	0.501
0.555	2.037	1.769	1.011	0.275	1.939	1.866	0.526	0.258	1.956	1.891	0.500
0.552	2.020	1.717	1.064	0.275	1.939	1.866	0.526	0.259	1.946	1.881	0.498
0.554	2.026	1.716	1.077	0.275	1.939	1.866	0.526	0.259	1.950	1.885	0.499
0.551	2.029	1.791	0.954	0.275	1.939	1.866	0.526	0.258	1.950	1.885	0.498
0.541	2.024	1.812	0.903	0.275	1.939	1.866	0.526	0.258	1.945	1.881	0.496
0.538	2.011	1.700	1.074	0.275	1.939	1.866	0.526	0.259	1.940	1.875	0.497
0.538	2.002	1.700	1.058	0.275	1.939	1.866	0.526	0.259	1.940	1.875	0.497
0.538	2.002	1.700	1.058	0.275	1.939	1.866	0.526	0.259	1.933	1.869	0.495
0.548	2.017	1.642	1.171	0.275	1.939	1.866	0.526	0.259	1.945	1.880	0.498
0.548	2.017	1.642	1.171	0.275	1.939	1.866	0.526	0.260	1.946	1.881	0.500
0.556	2.014	1.646	1.160	0.275	1.939	1.866	0.526	0.260	1.944	1.879	0.499
0.563	2.018	1.645	1.168	0.275	1.939	1.866	0.526	0.260	1.946	1.881	0.500
0.580	2.028	1.702	1.102	0.275	1.939	1.866	0.526	0.259	1.952	1.887	0.500
0.584	2.027	1.786	0.958	0.275	1.939	1.866	0.526	0.258	1.948	1.884	0.497
0.582	2.029	1.757	1.016	0.275	1.939	1.866	0.526	0.259	1.951	1.886	0.499
0.580	2.039	1.724	1.088	0.275	1.939	1.866	0.526	0.259	1.958	1.893	0.502
0.581	2.039	1.685	1.148	0.275	1.939	1.866	0.526	0.259	1.961	1.895	0.503
0.588	2.038	1.601	1.261	0.275	1.939	1.866	0.526	0.260	1.963	1.897	0.505
0.594	2.034	1.619	1.231	0.275	1.939	1.866	0.526	0.260	1.959	1.893	0.503
0.595	2.034	1.632	1.214	0.275	1.939	1.866	0.526	0.260	1.959	1.893	0.503
0.593	2.029	1.689	1.125	0.275	1.939	1.866	0.526	0.259	1.953	1.888	0.501
0.583	2.019	1.733	1.034	0.275	1.939	1.866	0.526	0.259	1.944	1.879	0.497
0.580	2.015	1.701	1.078	0.275	1.939	1.866	0.526	0.259	1.942	1.877	0.497
0.582	2.018	1.737	1.028	0.275	1.939	1.866	0.526	0.259	1.944	1.879	0.497
0.575	2.011	1.802	0.892	0.275	1.939	1.866	0.526	0.258	1.940	1.876	0.496
0.564	2.028	1.781	0.970	0.275	1.939	1.866	0.526	0.258	1.936	1.872	0.494
0.551	2.040	1.740	1.065	0.275	1.939	1.866	0.526	0.259	1.959	1.894	0.501
0.545	2.029	1.678	1.139	0.275	1.939	1.866	0.526	0.260	1.952	1.887	0.501
0.543	2.030	1.680	1.140	0.275	1.939	1.866	0.526	0.259	1.954	1.889	0.501
0.540	2.027	1.707	1.093	0.275	1.939	1.866	0.526	0.259	1.951	1.886	0.500
0.540	2.028	1.760	1.006	0.275	1.939	1.866	0.526	0.258	1.950	1.885	0.498
0.542	2.037	1.729	1.076	0.275	1.939	1.866	0.526	0.259	1.957	1.892	0.501
0.540	2.029	1.733	1.055	0.275	1.939	1.866	0.526	0.259	1.951	1.886	0.499
0.544	2.026	1.710	1.087	0.275	1.939	1.866	0.526	0.259	1.950	1.885	0.500
0.557	2.015	1.648	1.159	0.275	1.939	1.866	0.526	0.260	1.944	1.879	0.499
0.580	2.024	1.620	1.213	0.275	1.939	1.866	0.526	0.260	1.952	1.886	0.502
0.581	2.026	1.663	1.157	0.275	1.939	1.866	0.526	0.260	1.951	1.886	0.501
0.578	2.031	1.718	1.083	0.275	1.939	1.866	0.526	0.259	1.953	1.888	0.500
0.575	2.018	1.738	1.024	0.275	1.939	1.866	0.526	0.259	1.943	1.878	0.497
0.573	2.020	1.739	1.027	0.275	1.939	1.866	0.526	0.258	1.945	1.880	0.497
0.567	2.019	1.773	0.966	0.275	1.939	1.866	0.526	0.258	1.943	1.879	0.496
0.565	2.025	1.768	0.988	0.275	1.938	1.865	0.526	0.259	1.948	1.883	0.498
0.564	2.044	1.768	1.025	0.275	1.938	1.865	0.526	0.258	1.960	1.895	0.501
0.556	2.030	1.749	1.030	0.275	1.938	1.865	0.526	0.259	1.951	1.886	0.499
0.547	2.021	1.772	0.973	0.275	1.912	1.840	0.519	0.258	1.936	1.872	0.494
0.535	2.024	1.773	0.976	0.275	1.912	1.840	0.519	0.258	1.938	1.874	0.494
0.516	2.020	1.798	0.921	0.275	1.912	1.840	0.519	0.258	1.935	1.871	0.493
0.514	2.024	1.707	1.087	0.275	1.886	1.815	0.511	0.258	1.932	1.868	0.493
0.515	2.023	1.753	1.009	0.275	1.886	1.815	0.511	0.258	1.930	1.866	0.492
0.518	2.019	1.726	1.047	0.275	1.886	1.815	0.511	0.258	1.928	1.864	0.492
0.520	2.022	1.744	1.023	0.275	1.886	1.815	0.511	0.258	1.929	1.865	0.492
0.520	2.024	1.779	0.967	0.275	1.886	1.815	0.511	0.257	1.930	1.866	0.491
0.524	2.033	1.684	1.139	0.275	1.886	1.815	0.511	0.259	1.939	1.875	0.496
0.529	2.032	1.727	1.070	0.275	1.886	1.815	0.511	0.258	1.937	1.873	0.494
0.534	2.015	1.727	1.036	0.275	1.886	1.815	0.511	0.258	1.925	1.861	0.491
0.539	2.017	1.704	1.080	0.275	1.886	1.815	0.511	0.258	1.928	1.864	0.492
0.545	2.018	1.746	1.011	0.275	1.886	1.815	0.511	0.258	1.926	1.862	0.491
0.543	2.033	1.798	0.947	0.275	1.886	1.815	0.511	0.257	1.935	1.871	0.492
0.538	2.025	1.798	0.930	0.275	1.886	1.815	0.511	0.257	1.930	1.866	0.491
0.534	2.026	1.759	1.004	0.275	1.886	1.815	0.511	0.258	1.931	1.867	0.492
0.534	2.017	1.728	1.040	0.275	1.886	1.815	0.511	0.258	1.926	1.862	0.491
0.536	2.017	1.678	1.119	0.275	1.886	1.815	0.511	0.259	1.928	1.864	0.493
0.539	2.017	1.681	1.114	0.275	1.886	1.815	0.511	0.259	1.928	1.864	0.493
0.544	2.022	1.669	1.142	0.275	1.886	1.815	0.511	0.259	1.932	1.868	0.494
0.548	2.016	1.693	1.094	0.275	1.886	1.815	0.511	0.258	1.927	1.863	0.492
0.549	2.011	1.764	0.966	0.275	1.886	1.815	0.511	0.257	1.921	1.858	0.489
0.544	2.008	1.778	0.933	0.275	1.886	1.815	0.511	0.257	1.918	1.855	0.488
0.542	2.014	1.766	0.968	0.275	1.886	1.815	0.511	0.257	1.922	1.859	0.489
0.543	2.041	1.750	1.049	0.275	1.885	1.815	0.511	0.258	1.942	1.878	0.495
0.542	2.044	1.766	1.030	0.275	1.885	1.815	0.511	0.258	1.944	1.880	0.496
0.538	2.048	1.762	1.042	0.275	1.885	1.815	0.511	0.258	1.946	1.882	0.496
0.535	2.042	1.740	1.068	0.275	1.885	1.815	0.511	0.258	1.943	1.879	0.496
0.527	2.032	1.725	1.074	0.275	1.885	1.815	0.511	0.258	1.939	1.875	0.495
0.526	2.031	1.748	1.034	0.275	1.885	1.815	0.511	0.258	1.935	1.871	0.493
0.533	2.026	1.716	1.077	0.275	1.885	1.815	0.511	0.258	1.933	1.869	0.493
0.539	2.035	1.696	1.125	0.275	1.885	1.815	0.511	0.258	1.940	1.876	0.496
0.549	2.031	1.683	1.136	0.275	1.885	1.815	0.511	0.258	1.937	1.873	0.495
0.560	2.034	1.653	1.185	0.275	1.885	1.815	0.511	0.259	1.941	1.876	0.497
0.571	2.029	1.645	1.187	0.275	1.885	1.815	0.511	0.259	1.938	1.873	0.496
