phi_u	d_u	x_u	y_u	phi_v	d_v	x_v	y_v	phi_f	d_f	x_f	y_f
0.672	1.878	1.562	1.043	0.610	2.031	1.664	1.164	0.571	1.874	1.577	1.013
0.658	1.884	1.561	1.054	0.610	2.031	1.664	1.164	0.571	1.878	1.580	1.015
0.647	1.877	1.537	1.076	0.610	2.031	1.664	1.164	0.571	1.873	1.576	1.013
0.646	1.875	1.430	1.213	0.610	2.031	1.664	1.164	0.572	1.877	1.578	1.016
0.651	1.882	1.443	1.207	0.610	2.031	1.664	1.164	0.572	1.880	1.581	1.018
0.654	1.884	1.413	1.245	0.610	2.031	1.664	1.164	0.572	1.883	1.583	1.020
0.657	1.881	1.399	1.257	0.610	2.031	1.664	1.164	0.573	1.882	1.582	1.020
0.655	1.876	1.501	1.126	0.610	2.031	1.664	1.164	0.571	1.875	1.577	1.014
0.654	1.869	1.517	1.092	0.610	2.031	1.664	1.164	0.572	1.869	1.572	1.011
0.655	1.885	1.505	1.134	0.610	2.031	1.664	1.164	0.572	1.880	1.581	1.017
0.679	1.886	1.397	1.266	0.610	2.031	1.664	1.164	0.572	1.886	1.586	1.021
0.679	1.886	1.397	1.266	0.610	2.031	1.664	1.164	0.573	1.885	1.584	1.021
0.679	1.884	1.524	1.107	0.610	2.031	1.664	1.164	0.571	1.879	1.581	1.016
0.656	1.882	1.559	1.053	0.610	2.031	1.664	1.164	0.571	1.877	1.579	1.014
0.649	1.876	1.472	1.163	0.611	2.021	1.655	1.160	0.573	1.873	1.574	1.015
0.656	1.873	1.346	1.302	0.611	2.021	1.655	1.160	0.574	1.875	1.575	1.018
0.671	1.872	1.356	1.291	0.611	2.021	1.655	1.160	0.574	1.874	1.574	1.017
0.687	1.881	1.414	1.241	0.610	2.018	1.654	1.156	0.572	1.878	1.579	1.016
0.696	1.881	1.421	1.233	0.610	2.018	1.654	1.156	0.572	1.877	1.578	1.016
0.692	1.880	1.502	1.129	0.611	1.997	1.636	1.146	0.572	1.866	1.569	1.010
0.684	1.879	1.529	1.092	0.611	1.997	1.636	1.146	0.571	1.865	1.569	1.008
0.681	1.881	1.469	1.174	0.611	1.997	1.636	1.146	0.572	1.868	1.571	1.011
0.691	1.871	1.428	1.208	0.611	1.997	1.636	1.146	0.572	1.863	1.566	1.009
0.714	1.875	1.354	1.296	0.613	1.978	1.618	1.138	0.574	1.861	1.563	1.011
0.711	1.884	1.423	1.235	0.613	1.978	1.618	1.138	0.574	1.866	1.567	1.014
0.702	1.886	1.446	1.211	0.613	1.978	1.618	1.138	0.574	1.867	1.568	1.014
0.666	1.889	1.585	1.028	0.613	1.978	1.618	1.138	0.573	1.866	1.568	1.012
0.666	1.889	1.585	1.028	0.613	1.978	1.618	1.138	0.573	1.863	1.566	1.010
0.658	1.893	1.595	1.019	0.613	1.978	1.618	1.138	0.573	1.866	1.568	1.011
0.655	1.884	1.510	1.127	0.613	1.978	1.618	1.138	0.574	1.863	1.565	1.011
0.651	1.872	1.445	1.189	0.613	1.978	1.618	1.138	0.574	1.856	1.559	1.008
0.647	1.860	1.426	1.194	0.613	1.978	1.618	1.138	0.574	1.849	1.553	1.004
0.642	1.859	1.476	1.130	0.613	1.978	1.618	1.138	0.574	1.847	1.551	1.002
0.636	1.873	1.510	1.108	0.613	1.978	1.618	1.138	0.573	1.855	1.559	1.006
0.633	1.867	1.447	1.179	0.613	1.978	1.618	1.138	0.574	1.853	1.556	1.006
0.645	1.864	1.471	1.144	0.613	1.978	1.618	1.138	0.574	1.850	1.554	1.004
0.655	1.870	1.478	1.145	0.613	1.978	1.618	1.138	0.574	1.854	1.557	1.006
0.665	1.888	1.474	1.180	0.613	1.978	1.618	1.138	0.574	1.867	1.568	1.013
0.670	1.897	1.521	1.133	0.612	1.975	1.616	1.135	0.572	1.870	1.572	1.013
0.670	1.881	1.487	1.152	0.612	1.975	1.616	1.135	0.572	1.861	1.564	1.008
0.670	1.876	1.484	1.147	0.613	1.967	1.609	1.131	0.573	1.854	1.558	1.005
0.672	1.868	1.407	1.229	0.613	1.967	1.609	1.131	0.573	1.852	1.556	1.005
0.692	1.858	1.350	1.275	0.615	1.960	1.601	1.131	0.576	1.850	1.552	1.007
0.692	1.858	1.350	1.275	0.615	1.960	1.601	1.131	0.576	1.844	1.547	1.004
0.699	1.864	1.388	1.245	0.614	1.957	1.600	1.128	0.574	1.848	1.551	1.004
0.702	1.876	1.519	1.101	0.614	1.957	1.600	1.128	0.574	1.850	1.554	1.004
0.696	1.882	1.541	1.080	0.614	1.957	1.600	1.128	0.573	1.853	1.557	1.005
0.690	1.881	1.540	1.079	0.614	1.957	1.600	1.128	0.573	1.853	1.557	1.005
0.688	1.877	1.492	1.138	0.614	1.957	1.600	1.128	0.574	1.851	1.555	1.005
0.688	1.868	1.429	1.203	0.614	1.957	1.600	1.128	0.574	1.848	1.552	1.004
0.686	1.866	1.476	1.141	0.614	1.957	1.600	1.128	0.574	1.844	1.549	1.001
0.677	1.865	1.450	1.173	0.614	1.957	1.600	1.128	0.574	1.846	1.550	1.002
0.669	1.859	1.449	1.165	0.614	1.957	1.600	1.128	0.574	1.841	1.546	0.999
0.664	1.847	1.450	1.145	0.614	1.957	1.600	1.128	0.574	1.833	1.539	0.995
0.655	1.857	1.506	1.086	0.614	1.957	1.600	1.128	0.573	1.837	1.543	0.996
0.651	1.867	1.511	1.096	0.614	1.957	1.600	1.128	0.573	1.844	1.549	1.000
0.652	1.866	1.517	1.086	0.614	1.957	1.600	1.128	0.574	1.843	1.548	1.000
0.656	1.867	1.477	1.142	0.614	1.957	1.600	1.128	0.573	1.845	1.550	1.001
0.650	1.871	1.527	1.080	0.614	1.957	1.600	1.128	0.573	1.846	1.551	1.001
0.644	1.871	1.565	1.025	0.614	1.957	1.600	1.128	0.573	1.845	1.550	1.000
0.638	1.872	1.504	1.115	0.614	1.957	1.600	1.128	0.573	1.849	1.553	1.003
0.633	1.870	1.479	1.144	0.614	1.957	1.600	1.128	0.574	1.848	1.552	1.003
0.632	1.869	1.475	1.147	0.614	1.957	1.600	1.128	0.574	1.847	1.551	1.002
0.635	1.858	1.415	1.204	0.613	1.955	1.599	1.125	0.573	1.841	1.547	0.998
0.638	1.858	1.481	1.121	0.614	1.935	1.582	1.114	0.573	1.832	1.539	0.993
0.638	1.867	1.537	1.060	0.614	1.935	1.582	1.114	0.572	1.835	1.543	0.994
0.629	1.867	1.605	0.954	0.614	1.915	1.565	1.104	0.572	1.827	1.536	0.989
0.616	1.883	1.553	1.064	0.614	1.915	1.565	1.104	0.572	1.840	1.547	0.997
0.617	1.884	1.503	1.137	0.614	1.915	1.565	1.104	0.573	1.844	1.549	1.000
0.624	1.886	1.465	1.187	0.614	1.915	1.565	1.104	0.574	1.846	1.550	1.002
0.629	1.879	1.466	1.176	0.614	1.915	1.565	1.104	0.573	1.842	1.547	0.999
0.633	1.865	1.439	1.186	0.614	1.915	1.565	1.104	0.573	1.832	1.539	0.994
0.637	1.863	1.342	1.292	0.614	1.915	1.565	1.104	0.575	1.835	1.540	0.997
0.645	1.869	1.421	1.214	0.614	1.915	1.565	1.104	0.574	1.835	1.541	0.997
0.656	1.879	1.452	1.191	0.614	1.915	1.565	1.104	0.574	1.841	1.546	0.999
0.667	1.885	1.472	1.178	0.614	1.915	1.565	1.104	0.573	1.845	1.550	1.001
0.674	1.880	1.585	1.010	0.614	1.915	1.565	1.104	0.572	1.837	1.544	0.995
0.676	1.883	1.516	1.117	0.614	1.915	1.565	1.104	0.573	1.842	1.548	0.999
0.678	1.871	1.461	1.168	0.614	1.915	1.565	1.104	0.574	1.835	1.541	0.996
0.680	1.847	1.337	1.275	0.615	1.907	1.557	1.101	0.575	1.821	1.528	0.991
0.682	1.847	1.376	1.232	0.615	1.896	1.548	1.094	0.575	1.816	1.524	0.987
0.683	1.847	1.356	1.254	0.615	1.896	1.548	1.094	0.575	1.816	1.524	0.987
0.683	1.858	1.357	1.269	0.615	1.896	1.548	1.094	0.575	1.824	1.531	0.992
0.685	1.852	1.374	1.241	0.615	1.896	1.548	1.094	0.574	1.819	1.527	0.988
0.689	1.859	1.420	1.199	0.615	1.896	1.548	1.094	0.574	1.822	1.530	0.989
0.694	1.868	1.493	1.123	0.615	1.896	1.548	1.094	0.574	1.826	1.534	0.991
0.698	1.875	1.475	1.156	0.615	1.896	1.548	1.094	0.574	1.831	1.538	0.994
0.698	1.869	1.486	1.133	0.615	1.896	1.548	1.094	0.574	1.826	1.534	0.991
0.696	1.871	1.464	1.164	0.615	1.896	1.548	1.094	0.574	1.829	1.536	0.993
0.696	1.855	1.381	1.238	0.615	1.896	1.548	1.094	0.574	1.820	1.528	0.989
0.694	1.860	1.389	1.236	0.615	1.896	1.548	1.094	0.574	1.824	1.531	0.991
0.689	1.865	1.456	1.166	0.615	1.896	1.548	1.094	0.574	1.825	1.533	0.991
0.683	1.854	1.425	1.185	0.615	1.896	1.548	1.094	0.574	1.818	1.527	0.987
0.683	1.845	1.358	1.249	0.615	1.896	1.548	1.094	0.575	1.814	1.523	0.986
0.692	1.842	1.263	1.340	0.615	1.896	1.548	1.094	0.575	1.815	1.523	0.988
0.707	1.841	1.292	1.312	0.615	1.896	1.548	1.094	0.575	1.815	1.523	0.987
0.717	1.842	1.371	1.230	0.615	1.896	1.548	1.094	0.575	1.812	1.521	0.985
0.719	1.843	1.502	1.068	0.615	1.896	1.548	1.094	0.573	1.808	1.519	0.980
0.704	1.836	1.551	0.982	0.615	1.896	1.548	1.094	0.573	1.800	1.513	0.976
0.689	1.841	1.537	1.013	0.614	1.894	1.548	1.091	0.572	1.804	1.517	0.976
0.671	1.847	1.452	1.141	0.614	1.894	1.548	1.091	0.573	1.812	1.523	0.982
0.670	1.856	1.463	1.141	0.614	1.893	1.547	1.091	0.573	1.817	1.527	0.985
0.665	1.851	1.463	1.133	0.615	1.874	1.531	1.081	0.573	1.814	1.525	0.983
0.655	1.856	1.476	1.126	0.615	1.874	1.531	1.081	0.573	1.811	1.522	0.982
0.642	1.864	1.457	1.163	0.616	1.856	1.515	1.072	0.573	1.812	1.522	0.983
0.633	1.867	1.476	1.143	0.616	1.856	1.515	1.072	0.573	1.813	1.523	0.983
0.635	1.862	1.441	1.178	0.616	1.856	1.515	1.072	0.574	1.810	1.520	0.982
0.645	1.856	1.461	1.145	0.616	1.856	1.515	1.072	0.573	1.805	1.517	0.979
0.656	1.858	1.450	1.162	0.616	1.856	1.515	1.072	0.574	1.807	1.518	0.981
0.667	1.852	1.355	1.263	0.616	1.856	1.515	1.072	0.574	1.807	1.517	0.982
0.677	1.853	1.352	1.268	0.616	1.856	1.515	1.072	0.574	1.808	1.518	0.982
0.694	1.849	1.435	1.166	0.616	1.856	1.515	1.072	0.573	1.801	1.513	0.977
0.689	1.851	1.549	1.013	0.616	1.856	1.515	1.072	0.572	1.799	1.512	0.974
0.679	1.847	1.604	0.916	0.616	1.856	1.515	1.072	0.571	1.794	1.509	0.970
0.661	1.850	1.638	0.859	0.616	1.856	1.515	1.072	0.571	1.794	1.509	0.970
0.640	1.848	1.643	0.846	0.616	1.856	1.515	1.072	0.571	1.792	1.508	0.969
0.622	1.846	1.626	0.874	0.616	1.856	1.515	1.072	0.571	1.792	1.507	0.969
0.608	1.842	1.603	0.906	0.616	1.856	1.515	1.072	0.572	1.789	1.505	0.968
0.591	1.855	1.592	0.951	0.616	1.856	1.515	1.072	0.572	1.799	1.513	0.974
0.579	1.843	1.503	1.067	0.616	1.856	1.515	1.072	0.573	1.795	1.508	0.973
0.571	1.832	1.409	1.170	0.616	1.856	1.515	1.072	0.573	1.790	1.504	0.971
0.567	1.839	1.434	1.151	0.616	1.856	1.515	1.072	0.573	1.794	1.507	0.973
0.580	1.844	1.500	1.072	0.616	1.856	1.515	1.072	0.573	1.795	1.509	0.973
0.592	1.855	1.529	1.050	0.616	1.855	1.515	1.071	0.573	1.795	1.509	0.973
0.605	1.862	1.513	1.085	0.616	1.855	1.515	1.071	0.573	1.808	1.519	0.980
0.619	1.858	1.496	1.101	0.615	1.854	1.514	1.069	0.572	1.805	1.518	0.977
0.628	1.861	1.507	1.093	0.615	1.854	1.514	1.069	0.572	1.807	1.520	0.978
0.636	1.850	1.507	1.074	0.615	1.854	1.514	1.069	0.572	1.799	1.513	0.974
0.636	1.852	1.519	1.059	0.615	1.854	1.514	1.069	0.572	1.800	1.514	0.974
0.628	1.863	1.532	1.059	0.615	1.854	1.514	1.069	0.571	1.807	1.520	0.977
0.619	1.864	1.506	1.097	0.615	1.854	1.514	1.069	0.572	1.809	1.521	0.979
0.609	1.860	1.559	1.015	0.615	1.854	1.514	1.069	0.572	1.810	1.522	0.979
0.609	1.860	1.522	1.068	0.615	1.854	1.514	1.069	0.571	1.805	1.518	0.976
0.610	1.865	1.517	1.085	0.615	1.854	1.514	1.069	0.572	1.805	1.518	0.977
0.611	1.861	1.499	1.104	0.615	1.854	1.514	1.069	0.572	1.807	1.520	0.978
0.613	1.861	1.511	1.087	0.615	1.854	1.514	1.069	0.572	1.807	1.520	0.978
0.612	1.861	1.510	1.088	0.615	1.854	1.514	1.069	0.572	1.807	1.519	0.978
0.611	1.851	1.478	1.113	0.615	1.854	1.514	1.069	0.572	1.801	1.514	0.975
0.618	1.840	1.430	1.158	0.615	1.854	1.514	1.069	0.572	1.795	1.509	0.972
0.626	1.843	1.414	1.182	0.615	1.854	1.514	1.069	0.573	1.798	1.511	0.974
0.637	1.843	1.353	1.252	0.615	1.854	1.514	1.069	0.573	1.800	1.513	0.976
0.649	1.845	1.368	1.238	0.615	1.854	1.514	1.069	0.573	1.800	1.513	0.976
0.667	1.847	1.421	1.178	0.615	1.854	1.514	1.069	0.572	1.800	1.513	0.975
0.666	1.855	1.519	1.063	0.615	1.854	1.514	1.069	0.572	1.802	1.515	0.975
0.663	1.848	1.529	1.038	0.615	1.854	1.514	1.069	0.572	1.797	1.511	0.972
0.660	1.852	1.566	0.988	0.614	1.852	1.514	1.066	0.570	1.797	1.513	0.970
0.657	1.854	1.528	1.049	0.614	1.852	1.514	1.066	0.570	1.800	1.515	0.972
0.650	1.859	1.535	1.048	0.615	1.846	1.508	1.066	0.572	1.802	1.515	0.975
0.647	1.860	1.430	1.190	0.615	1.846	1.508	1.066	0.573	1.807	1.518	0.980
0.647	1.860	1.355	1.274	0.616	1.840	1.501	1.064	0.574	1.807	1.517	0.982
0.646	1.857	1.433	1.180	0.616	1.840	1.501	1.064	0.574	1.802	1.513	0.978
0.644	1.851	1.430	1.175	0.616	1.840	1.501	1.064	0.574	1.798	1.510	0.976
0.644	1.834	1.409	1.173	0.616	1.840	1.501	1.064	0.574	1.786	1.500	0.970
0.650	1.837	1.437	1.144	0.616	1.840	1.501	1.064	0.573	1.788	1.502	0.970
0.659	1.850	1.407	1.201	0.616	1.840	1.501	1.064	0.574	1.799	1.510	0.977
0.671	1.850	1.438	1.165	0.616	1.840	1.501	1.064	0.574	1.798	1.510	0.976
0.689	1.848	1.415	1.188	0.616	1.840	1.501	1.064	0.574	1.796	1.508	0.975
0.694	1.858	1.412	1.207	0.616	1.840	1.501	1.064	0.574	1.803	1.514	0.979
0.691	1.854	1.438	1.170	0.616	1.840	1.501	1.064	0.574	1.800	1.512	0.977
0.686	1.856	1.465	1.138	0.616	1.840	1.501	1.064	0.574	1.800	1.512	0.977
0.682	1.861	1.440	1.178	0.616	1.840	1.501	1.064	0.574	1.804	1.515	0.980
0.679	1.866	1.508	1.099	0.616	1.840	1.501	1.064	0.573	1.805	1.517	0.979
0.671	1.864	1.563	1.015	0.616	1.840	1.501	1.064	0.572	1.802	1.515	0.976
0.659	1.865	1.586	0.981	0.616	1.840	1.501	1.064	0.572	1.802	1.515	0.976
0.644	1.865	1.565	1.013	0.616	1.840	1.501	1.064	0.573	1.803	1.515	0.977
0.637	1.859	1.524	1.064	0.616	1.840	1.501	1.064	0.573	1.800	1.513	0.976
0.631	1.853	1.467	1.131	0.616	1.840	1.501	1.064	0.573	1.797	1.510	0.975
0.625	1.857	1.457	1.152	0.616	1.840	1.501	1.064	0.574	1.802	1.513	0.978
0.628	1.844	1.407	1.191	0.616	1.840	1.501	1.064	0.574	1.794	1.506	0.974
0.633	1.850	1.437	1.165	0.616	1.840	1.501	1.064	0.574	1.797	1.509	0.976
0.640	1.858	1.457	1.153	0.616	1.840	1.501	1.064	0.574	1.802	1.514	0.978
0.643	1.863	1.537	1.052	0.617	1.841	1.501	1.065	0.574	1.802	1.514	0.978
0.646	1.866	1.569	1.011	0.617	1.841	1.501	1.065	0.573	1.805	1.516	0.979
0.646	1.847	1.565	0.979	0.617	1.839	1.500	1.063	0.572	1.789	1.504	0.969
0.642	1.843	1.530	1.027	0.617	1.839	1.500	1.063	0.573	1.788	1.503	0.969
0.639	1.844	1.541	1.013	0.616	1.837	1.500	1.061	0.572	1.789	1.504	0.968
0.635	1.840	1.499	1.067	0.616	1.837	1.500	1.061	0.572	1.787	1.502	0.968
0.636	1.837	1.384	1.208	0.616	1.820	1.485	1.052	0.574	1.784	1.498	0.968
0.640	1.838	1.401	1.189	0.616	1.820	1.485	1.052	0.574	1.784	1.498	0.968
0.644	1.836	1.361	1.232	0.616	1.820	1.485	1.052	0.574	1.784	1.498	0.968
0.648	1.837	1.464	1.110	0.616	1.820	1.485	1.052	0.573	1.781	1.497	0.965
0.653	1.843	1.486	1.090	0.616	1.820	1.485	1.052	0.573	1.784	1.499	0.967
0.660	1.840	1.500	1.066	0.616	1.820	1.485	1.052	0.572	1.782	1.498	0.965
0.667	1.835	1.479	1.087	0.616	1.820	1.485	1.052	0.573	1.779	1.495	0.964
0.674	1.826	1.410	1.160	0.616	1.820	1.485	1.052	0.573	1.775	1.491	0.963
0.679	1.838	1.408	1.181	0.616	1.820	1.485	1.052	0.574	1.784	1.498	0.968
0.681	1.851	1.450	1.150	0.616	1.820	1.485	1.052	0.573	1.791	1.505	0.971
0.659	1.871	1.559	1.034	0.616	1.820	1.485	1.052	0.572	1.799	1.512	0.974
0.642	1.865	1.563	1.017	0.616	1.820	1.485	1.052	0.572	1.801	1.514	0.975
0.632	1.859	1.539	1.042	0.616	1.820	1.485	1.052	0.572	1.793	1.507	0.971
0.631	1.847	1.445	1.151	0.616	1.820	1.485	1.052	0.573	1.789	1.503	0.970
0.634	1.853	1.469	1.129	0.616	1.820	1.485	1.052	0.573	1.792	1.506	0.971
0.636	1.851	1.528	1.045	0.616	1.820	1.485	1.052	0.573	1.787	1.501	0.969
0.636	1.851	1.528	1.045	0.616	1.820	1.485	1.052	0.573	1.788	1.503	0.969
0.628	1.848	1.552	1.003	0.616	1.820	1.485	1.052	0.572	1.785	1.501	0.966
0.618	1.840	1.539	1.007	0.617	1.803	1.471	1.043	0.572	1.773	1.491	0.960
0.617	1.840	1.481	1.091	0.617	1.803	1.471	1.043	0.573	1.777	1.493	0.963
0.627	1.836	1.429	1.152	0.616	1.800	1.469	1.040	0.572	1.775	1.492	0.961
0.637	1.843	1.460	1.125	0.616	1.800	1.469	1.040	0.572	1.779	1.496	0.963
0.646	1.846	1.451	1.141	0.616	1.799	1.468	1.039	0.572	1.781	1.497	0.964
0.641	1.828	1.503	1.040	0.614	1.796	1.468	1.036	0.570	1.765	1.486	0.953
0.635	1.817	1.462	1.079	0.614	1.796	1.468	1.036	0.571	1.759	1.480	0.950
0.634	1.810	1.448	1.084	0.614	1.796	1.468	1.036	0.570	1.754	1.476	0.947
0.640	1.819	1.433	1.119	0.614	1.796	1.468	1.036	0.571	1.761	1.482	0.952
0.647	1.831	1.428	1.145	0.614	1.796	1.468	1.036	0.571	1.769	1.489	0.956
0.646	1.842	1.534	1.018	0.614	1.796	1.468	1.036	0.570	1.773	1.493	0.957
0.632	1.850	1.538	1.029	0.614	1.796	1.468	1.036	0.570	1.779	1.498	0.960
0.623	1.847	1.540	1.019	0.614	1.796	1.468	1.036	0.570	1.777	1.496	0.959
0.616	1.847	1.502	1.075	0.614	1.796	1.468	1.036	0.570	1.778	1.497	0.960
0.616	1.858	1.460	1.150	0.614	1.796	1.468	1.036	0.570	1.783	1.501	0.963
0.626	1.860	1.376	1.251	0.614	1.796	1.468	1.036	0.572	1.793	1.508	0.970
0.639	1.851	1.478	1.114	0.614	1.796	1.468	1.036	0.571	1.788	1.504	0.967
0.639	1.851	1.478	1.114	0.614	1.796	1.468	1.036	0.571	1.788	1.504	0.967
0.631	1.853	1.582	0.966	0.614	1.796	1.468	1.036	0.570	1.780	1.499	0.960
0.625	1.872	1.584	0.998	0.614	1.796	1.468	1.036	0.570	1.793	1.510	0.967
0.628	1.865	1.544	1.046	0.614	1.796	1.468	1.036	0.570	1.790	1.507	0.966
0.635	1.853	1.479	1.115	0.614	1.796	1.468	1.036	0.570	1.783	1.501	0.963
0.640	1.847	1.424	1.176	0.614	1.796	1.468	1.036	0.571	1.782	1.499	0.963
0.648	1.854	1.424	1.187	0.614	1.796	1.468	1.036	0.571	1.787	1.503	0.966
0.655	1.858	1.389	1.234	0.614	1.796	1.468	1.036	0.572	1.791	1.506	0.969
0.657	1.866	1.401	1.232	0.614	1.796	1.468	1.036	0.571	1.795	1.510	0.971
0.657	1.866	1.401	1.232	0.614	1.796	1.468	1.036	0.571	1.795	1.510	0.971
0.667	1.852	1.472	1.123	0.614	1.796	1.468	1.036	0.571	1.783	1.500	0.963
0.678	1.850	1.467	1.128	0.614	1.796	1.468	1.036	0.571	1.783	1.500	0.963
0.685	1.845	1.472	1.112	0.614	1.796	1.468	1.036	0.571	1.779	1.497	0.961
0.685	1.844	1.484	1.095	0.614	1.796	1.468	1.036	0.571	1.778	1.496	0.960
0.684	1.847	1.534	1.028	0.614	1.796	1.468	1.036	0.570	1.777	1.496	0.959
0.672	1.847	1.567	0.977	0.614	1.796	1.468	1.036	0.570	1.776	1.496	0.958
0.660	1.853	1.519	1.061	0.614	1.796	1.468	1.036	0.570	1.782	1.500	0.962
0.652	1.865	1.453	1.168	0.614	1.796	1.468	1.036	0.571	1.792	1.508	0.969
0.648	1.863	1.426	1.198	0.614	1.796	1.468	1.036	0.571	1.792	1.508	0.969
0.645	1.853	1.519	1.060	0.614	1.796	1.468	1.036	0.570	1.782	1.500	0.962
0.637	1.838	1.560	0.971	0.614	1.796	1.468	1.036	0.570	1.770	1.490	0.955
0.628	1.826	1.535	0.989	0.614	1.796	1.468	1.036	0.570	1.763	1.484	0.951
0.622	1.832	1.496	1.056	0.614	1.796	1.468	1.036	0.570	1.768	1.488	0.954
0.623	1.843	1.492	1.082	0.614	1.796	1.468	1.036	0.570	1.776	1.495	0.959
0.629	1.859	1.478	1.128	0.614	1.796	1.468	1.036	0.571	1.788	1.505	0.966
0.636	1.865	1.445	1.179	0.614	1.796	1.468	1.036	0.571	1.794	1.509	0.970
0.638	1.868	1.491	1.124	0.614	1.796	1.468	1.036	0.571	1.793	1.509	0.969
0.633	1.869	1.496	1.121	0.615	1.797	1.468	1.036	0.571	1.795	1.510	0.970
0.625	1.872	1.527	1.082	0.615	1.797	1.468	1.036	0.570	1.795	1.511	0.969
0.625	1.862	1.507	1.093	0.615	1.797	1.468	1.036	0.570	1.789	1.506	0.966
0.630	1.848	1.513	1.061	0.616	1.799	1.468	1.039	0.571	1.785	1.502	0.965
0.626	1.841	1.563	0.973	0.616	1.799	1.468	1.039	0.571	1.773	1.492	0.958
0.616	1.831	1.560	0.957	0.615	1.797	1.468	1.036	0.571	1.765	1.485	0.954
0.609	1.834	1.526	1.017	0.615	1.797	1.468	1.036	0.570	1.768	1.489	0.954
0.603	1.846	1.507	1.066	0.615	1.797	1.468	1.036	0.571	1.778	1.496	0.960
0.602	1.847	1.424	1.176	0.615	1.797	1.468	1.036	0.571	1.782	1.499	0.963
0.607	1.849	1.429	1.174	0.615	1.797	1.468	1.036	0.571	1.783	1.500	0.964
0.609	1.856	1.503	1.089	0.615	1.797	1.468	1.036	0.571	1.785	1.502	0.964
0.607	1.864	1.551	1.035	0.615	1.797	1.468	1.036	0.570	1.789	1.506	0.966
0.605	1.862	1.583	0.982	0.615	1.797	1.468	1.036	0.570	1.787	1.505	0.964
0.600	1.858	1.579	0.978	0.615	1.797	1.468	1.036	0.570	1.784	1.502	0.962
0.601	1.856	1.579	0.976	0.615	1.797	1.468	1.036	0.569	1.782	1.501	0.961
0.601	1.853	1.526	1.051	0.615	1.797	1.468	1.036	0.570	1.782	1.500	0.962
0.605	1.848	1.461	1.131	0.615	1.797	1.468	1.036	0.571	1.780	1.498	0.962
0.606	1.841	1.429	1.161	0.615	1.797	1.468	1.036	0.571	1.777	1.495	0.961
0.601	1.842	1.464	1.118	0.615	1.797	1.468	1.036	0.571	1.777	1.495	0.960
0.596	1.857	1.578	0.980	0.615	1.797	1.468	1.036	0.570	1.784	1.502	0.962
0.594	1.867	1.554	1.035	0.615	1.797	1.468	1.036	0.570	1.791	1.508	0.967
0.597	1.865	1.527	1.070	0.615	1.797	1.468	1.036	0.570	1.791	1.507	0.967
0.606	1.862	1.517	1.080	0.613	1.812	1.483	1.042	0.569	1.794	1.511	0.967
0.616	1.865	1.505	1.101	0.613	1.812	1.483	1.042	0.569	1.796	1.513	0.968
0.624	1.858	1.514	1.077	0.613	1.812	1.483	1.042	0.569	1.791	1.509	0.965
0.626	1.857	1.572	0.988	0.612	1.830	1.498	1.051	0.568	1.794	1.512	0.965
0.612	1.861	1.537	1.049	0.612	1.830	1.498	1.051	0.569	1.798	1.515	0.968
0.610	1.861	1.475	1.135	0.612	1.830	1.498	1.051	0.569	1.798	1.515	0.968
0.621	1.863	1.366	1.266	0.613	1.832	1.498	1.054	0.571	1.807	1.520	0.977
0.634	1.866	1.432	1.196	0.613	1.832	1.498	1.054	0.571	1.806	1.520	0.976
0.641	1.879	1.492	1.141	0.613	1.832	1.498	1.054	0.570	1.813	1.526	0.978
0.636	1.878	1.548	1.063	0.613	1.832	1.498	1.054	0.569	1.811	1.525	0.976
0.628	1.880	1.584	1.012	0.613	1.832	1.498	1.054	0.569	1.811	1.525	0.976
0.622	1.878	1.579	1.017	0.613	1.832	1.498	1.054	0.569	1.809	1.524	0.975
0.621	1.858	1.532	1.051	0.613	1.832	1.498	1.054	0.570	1.797	1.513	0.969
0.623	1.848	1.543	1.016	0.613	1.832	1.498	1.054	0.569	1.789	1.507	0.964
0.620	1.849	1.526	1.045	0.613	1.832	1.498	1.054	0.570	1.789	1.507	0.965
0.609	1.852	1.485	1.106	0.613	1.832	1.498	1.054	0.570	1.794	1.510	0.968
0.598	1.848	1.506	1.071	0.613	1.832	1.498	1.054	0.570	1.791	1.508	0.966
0.589	1.852	1.606	0.922	0.613	1.832	1.498	1.054	0.569	1.790	1.508	0.964
0.584	1.852	1.539	1.029	0.613	1.832	1.498	1.054	0.569	1.792	1.509	0.966
0.588	1.848	1.480	1.105	0.613	1.832	1.498	1.054	0.570	1.791	1.508	0.966
0.600	1.853	1.391	1.224	0.613	1.832	1.498	1.054	0.571	1.798	1.513	0.972
0.616	1.846	1.360	1.248	0.613	1.832	1.498	1.054	0.571	1.795	1.510	0.970
0.625	1.834	1.458	1.112	0.613	1.832	1.498	1.054	0.570	1.782	1.500	0.962
0.631	1.844	1.477	1.104	0.613	1.832	1.498	1.054	0.570	1.789	1.506	0.965
0.640	1.844	1.356	1.249	0.612	1.830	1.498	1.051	0.570	1.792	1.509	0.967
0.654	1.856	1.274	1.349	0.613	1.813	1.483	1.043	0.572	1.799	1.513	0.973
0.684	1.844	1.459	1.128	0.615	1.799	1.470	1.038	0.572	1.790	1.505	0.969
0.690	1.838	1.531	1.017	0.615	1.799	1.470	1.038	0.570	1.773	1.492	0.957
0.689	1.834	1.505	1.048	0.615	1.799	1.470	1.038	0.570	1.770	1.490	0.956
0.682	1.836	1.455	1.119	0.615	1.799	1.470	1.038	0.571	1.773	1.492	0.958
0.676	1.839	1.397	1.195	0.615	1.799	1.470	1.038	0.572	1.778	1.495	0.962
0.684	1.854	1.430	1.180	0.615	1.799	1.470	1.038	0.571	1.777	1.495	0.961
0.684	1.854	1.430	1.180	0.615	1.799	1.470	1.038	0.572	1.787	1.503	0.967
0.664	1.855	1.447	1.160	0.615	1.799	1.470	1.038	0.571	1.789	1.505	0.967
0.664	1.855	1.447	1.160	0.615	1.799	1.470	1.038	0.571	1.789	1.505	0.967
0.676	1.844	1.392	1.210	0.615	1.799	1.470	1.038	0.572	1.784	1.500	0.965
0.683	1.851	1.474	1.119	0.615	1.799	1.470	1.038	0.571	1.783	1.500	0.964
0.682	1.843	1.520	1.043	0.615	1.799	1.470	1.038	0.570	1.776	1.495	0.959
0.672	1.847	1.539	1.021	0.615	1.799	1.470	1.038	0.570	1.778	1.497	0.960
