phi_u	d_u	x_u	y_u	phi_v	d_v	x_v	y_v	phi_f	d_f	x_f	y_f
-0.397	1.594	1.447	-0.668	-0.774	1.412	1.009	-0.987	-0.709	1.469	1.115	-0.956
-0.405	1.592	1.402	-0.755	-0.777	1.424	1.015	-0.999	-0.713	1.474	1.115	-0.964
-0.412	1.594	1.399	-0.765	-0.777	1.424	1.016	-0.999	-0.713	1.475	1.116	-0.965
-0.425	1.602	1.396	-0.786	-0.777	1.424	1.016	-0.999	-0.713	1.481	1.120	-0.969
-0.440	1.609	1.431	-0.735	-0.771	1.416	1.016	-0.987	-0.707	1.482	1.127	-0.962
-0.455	1.608	1.464	-0.664	-0.771	1.416	1.016	-0.987	-0.706	1.479	1.125	-0.960
-0.457	1.594	1.483	-0.584	-0.771	1.416	1.016	-0.987	-0.706	1.469	1.118	-0.953
-0.455	1.593	1.473	-0.605	-0.771	1.417	1.016	-0.987	-0.706	1.468	1.117	-0.952
-0.439	1.596	1.495	-0.557	-0.777	1.424	1.016	-0.998	-0.706	1.463	1.114	-0.949
-0.439	1.596	1.495	-0.557	-0.777	1.424	1.016	-0.998	-0.711	1.471	1.115	-0.960
-0.430	1.602	1.492	-0.583	-0.778	1.427	1.016	-1.002	-0.713	1.477	1.117	-0.966
-0.418	1.602	1.503	-0.555	-0.778	1.427	1.016	-1.002	-0.713	1.477	1.117	-0.966
-0.404	1.597	1.484	-0.589	-0.778	1.427	1.016	-1.002	-0.713	1.474	1.115	-0.964
-0.389	1.582	1.479	-0.561	-0.778	1.427	1.016	-1.002	-0.713	1.463	1.107	-0.957
-0.377	1.594	1.489	-0.569	-0.778	1.427	1.016	-1.002	-0.712	1.465	1.109	-0.958
-0.377	1.594	1.489	-0.569	-0.778	1.427	1.017	-1.002	-0.712	1.472	1.114	-0.962
-0.376	1.598	1.492	-0.572	-0.778	1.427	1.017	-1.002	-0.712	1.475	1.116	-0.964
-0.377	1.597	1.483	-0.590	-0.777	1.428	1.018	-1.002	-0.712	1.474	1.116	-0.963
-0.378	1.597	1.482	-0.594	-0.781	1.434	1.018	-1.009	-0.715	1.476	1.114	-0.968
-0.378	1.600	1.468	-0.634	-0.781	1.434	1.018	-1.009	-0.716	1.479	1.116	-0.970
-0.385	1.605	1.439	-0.709	-0.781	1.435	1.018	-1.010	-0.717	1.483	1.118	-0.975
-0.392	1.595	1.429	-0.710	-0.781	1.435	1.018	-1.010	-0.717	1.478	1.114	-0.971
-0.403	1.593	1.478	-0.593	-0.782	1.436	1.019	-1.012	-0.717	1.473	1.110	-0.968
-0.403	1.593	1.478	-0.593	-0.783	1.440	1.021	-1.015	-0.718	1.475	1.111	-0.970
-0.404	1.594	1.467	-0.622	-0.783	1.440	1.021	-1.015	-0.718	1.476	1.112	-0.971
-0.406	1.605	1.475	-0.633	-0.783	1.439	1.021	-1.015	-0.718	1.484	1.118	-0.976
-0.410	1.600	1.480	-0.607	-0.783	1.439	1.021	-1.015	-0.717	1.480	1.115	-0.973
-0.414	1.587	1.469	-0.601	-0.779	1.450	1.032	-1.019	-0.714	1.475	1.114	-0.966
-0.415	1.585	1.471	-0.589	-0.784	1.443	1.022	-1.019	-0.719	1.471	1.107	-0.968
-0.409	1.596	1.477	-0.604	-0.784	1.443	1.022	-1.019	-0.718	1.478	1.113	-0.973
-0.404	1.602	1.459	-0.661	-0.784	1.443	1.022	-1.019	-0.719	1.483	1.116	-0.977
-0.400	1.601	1.472	-0.629	-0.779	1.454	1.035	-1.021	-0.715	1.486	1.122	-0.974
-0.400	1.597	1.455	-0.658	-0.779	1.454	1.035	-1.021	-0.715	1.484	1.120	-0.973
-0.405	1.588	1.424	-0.704	-0.776	1.466	1.047	-1.027	-0.713	1.483	1.122	-0.970
-0.406	1.585	1.459	-0.619	-0.776	1.466	1.047	-1.027	-0.713	1.479	1.119	-0.967
-0.402	1.578	1.461	-0.596	-0.775	1.466	1.047	-1.026	-0.711	1.473	1.116	-0.961
-0.402	1.578	1.461	-0.596	-0.777	1.471	1.049	-1.031	-0.714	1.475	1.115	-0.966
-0.406	1.603	1.469	-0.640	-0.778	1.473	1.049	-1.034	-0.713	1.475	1.115	-0.965
-0.404	1.603	1.489	-0.593	-0.778	1.473	1.049	-1.034	-0.714	1.484	1.121	-0.972
-0.407	1.595	1.468	-0.625	-0.779	1.476	1.050	-1.037	-0.715	1.500	1.133	-0.983
-0.404	1.597	1.454	-0.660	-0.779	1.476	1.050	-1.037	-0.716	1.491	1.125	-0.978
-0.407	1.598	1.451	-0.670	-0.779	1.476	1.050	-1.038	-0.717	1.492	1.125	-0.980
-0.406	1.595	1.471	-0.617	-0.779	1.476	1.050	-1.038	-0.716	1.489	1.123	-0.977
-0.406	1.609	1.480	-0.631	-0.781	1.478	1.050	-1.040	-0.717	1.494	1.126	-0.982
-0.406	1.609	1.480	-0.631	-0.785	1.484	1.050	-1.048	-0.721	1.501	1.127	-0.991
-0.408	1.608	1.455	-0.683	-0.785	1.484	1.050	-1.048	-0.721	1.501	1.127	-0.991
-0.411	1.599	1.423	-0.730	-0.785	1.484	1.050	-1.048	-0.722	1.496	1.123	-0.989
-0.420	1.591	1.462	-0.627	-0.785	1.484	1.050	-1.048	-0.721	1.489	1.118	-0.983
-0.422	1.588	1.436	-0.678	-0.781	1.478	1.050	-1.040	-0.717	1.486	1.120	-0.977
-0.440	1.600	1.414	-0.748	-0.789	1.490	1.050	-1.058	-0.722	1.490	1.118	-0.985
-0.449	1.602	1.424	-0.734	-0.789	1.490	1.049	-1.058	-0.727	1.500	1.121	-0.997
-0.453	1.603	1.471	-0.638	-0.789	1.490	1.049	-1.058	-0.726	1.499	1.121	-0.995
-0.453	1.602	1.466	-0.645	-0.790	1.490	1.049	-1.058	-0.726	1.498	1.120	-0.995
-0.452	1.602	1.441	-0.701	-0.792	1.476	1.037	-1.050	-0.728	1.495	1.116	-0.995
-0.454	1.610	1.436	-0.727	-0.792	1.476	1.037	-1.050	-0.728	1.500	1.120	-0.998
-0.459	1.612	1.460	-0.683	-0.793	1.462	1.025	-1.042	-0.729	1.496	1.116	-0.997
-0.450	1.599	1.486	-0.589	-0.793	1.462	1.025	-1.042	-0.728	1.486	1.109	-0.989
-0.441	1.594	1.474	-0.606	-0.792	1.460	1.025	-1.039	-0.727	1.483	1.108	-0.985
-0.434	1.595	1.439	-0.690	-0.792	1.460	1.025	-1.039	-0.728	1.485	1.109	-0.988
-0.436	1.594	1.421	-0.722	-0.792	1.460	1.025	-1.039	-0.728	1.485	1.109	-0.988
-0.439	1.601	1.439	-0.702	-0.787	1.468	1.037	-1.039	-0.723	1.492	1.119	-0.987
-0.441	1.603	1.448	-0.689	-0.780	1.475	1.049	-1.037	-0.716	1.496	1.128	-0.982
-0.441	1.615	1.460	-0.690	-0.780	1.475	1.049	-1.037	-0.716	1.503	1.134	-0.987
-0.441	1.621	1.390	-0.833	-0.777	1.473	1.050	-1.033	-0.715	1.510	1.140	-0.990
-0.446	1.619	1.367	-0.868	-0.775	1.471	1.051	-1.029	-0.713	1.510	1.142	-0.988
-0.460	1.626	1.402	-0.824	-0.767	1.479	1.065	-1.026	-0.711	1.515	1.148	-0.988
-0.472	1.614	1.418	-0.770	-0.767	1.479	1.065	-1.026	-0.706	1.506	1.146	-0.977
-0.478	1.590	1.479	-0.583	-0.767	1.479	1.065	-1.026	-0.705	1.500	1.142	-0.972
-0.466	1.585	1.487	-0.550	-0.767	1.479	1.065	-1.026	-0.704	1.483	1.130	-0.960
-0.453	1.577	1.508	-0.462	-0.768	1.480	1.065	-1.028	-0.704	1.476	1.125	-0.956
-0.424	1.587	1.450	-0.646	-0.793	1.472	1.032	-1.049	-0.707	1.484	1.128	-0.964
-0.424	1.587	1.450	-0.646	-0.793	1.472	1.032	-1.049	-0.729	1.482	1.106	-0.987
-0.410	1.583	1.455	-0.622	-0.793	1.472	1.032	-1.049	-0.729	1.479	1.103	-0.985
-0.398	1.589	1.459	-0.627	-0.805	1.462	1.013	-1.054	-0.739	1.479	1.093	-0.996
-0.407	1.611	1.472	-0.652	-0.807	1.464	1.013	-1.057	-0.739	1.482	1.095	-0.998
-0.411	1.600	1.481	-0.606	-0.807	1.464	1.013	-1.057	-0.741	1.488	1.098	-1.004
-0.411	1.591	1.477	-0.590	-0.807	1.464	1.013	-1.057	-0.740	1.481	1.093	-0.999
-0.426	1.598	1.466	-0.636	-0.809	1.468	1.013	-1.062	-0.742	1.484	1.094	-1.003
-0.426	1.598	1.466	-0.636	-0.809	1.468	1.013	-1.063	-0.745	1.490	1.096	-1.010
-0.428	1.587	1.449	-0.646	-0.809	1.468	1.013	-1.063	-0.743	1.481	1.090	-1.002
-0.425	1.586	1.439	-0.666	-0.810	1.470	1.013	-1.065	-0.743	1.469	1.082	-0.994
-0.422	1.579	1.489	-0.526	-0.810	1.470	1.013	-1.065	-0.744	1.474	1.085	-0.998
-0.417	1.581	1.489	-0.530	-0.808	1.474	1.019	-1.065	-0.741	1.476	1.089	-0.997
-0.410	1.574	1.471	-0.558	-0.805	1.478	1.025	-1.065	-0.742	1.471	1.085	-0.994
-0.388	1.575	1.443	-0.631	0.000	0.000	0.000	0.000	-0.409	1.428	1.310	-0.568
-0.386	1.575	1.452	-0.610	0.000	0.000	0.000	0.000	-0.424	1.428	1.302	-0.587
-0.389	1.576	1.439	-0.642	-0.794	1.493	1.047	-1.065	-0.440	1.431	1.295	-0.610
-0.389	1.576	1.439	-0.642	-0.794	1.493	1.047	-1.065	-0.734	1.485	1.102	-0.995
-0.409	1.588	1.407	-0.735	-0.792	1.490	1.047	-1.060	-0.729	1.491	1.112	-0.993
-0.428	1.591	1.414	-0.729	-0.788	1.485	1.047	-1.053	-0.725	1.490	1.115	-0.988
-0.430	1.582	1.435	-0.666	-0.783	1.477	1.047	-1.043	-0.720	1.482	1.114	-0.977
-0.434	1.584	1.418	-0.704	-0.783	1.477	1.047	-1.043	-0.720	1.482	1.114	-0.978
-0.441	1.591	1.417	-0.724	-0.778	1.468	1.046	-1.030	-0.715	1.486	1.122	-0.974
-0.452	1.595	1.383	-0.794	-0.778	1.468	1.046	-1.030	-0.715	1.490	1.125	-0.977
-0.477	1.599	1.442	-0.690	-0.777	1.466	1.045	-1.028	-0.715	1.492	1.127	-0.978
-0.474	1.595	1.404	-0.756	-0.773	1.459	1.045	-1.019	-0.710	1.487	1.128	-0.969
-0.481	1.593	1.382	-0.792	-0.773	1.459	1.045	-1.019	-0.710	1.488	1.128	-0.970
-0.489	1.587	1.371	-0.800	-0.767	1.451	1.044	-1.007	-0.705	1.480	1.127	-0.959
-0.493	1.579	1.383	-0.761	-0.765	1.447	1.044	-1.001	-0.702	1.472	1.124	-0.951
-0.489	1.577	1.421	-0.684	-0.762	1.444	1.044	-0.997	-0.699	1.468	1.124	-0.945
-0.478	1.583	1.435	-0.667	-0.762	1.444	1.044	-0.997	-0.699	1.471	1.126	-0.947
-0.473	1.590	1.386	-0.779	-0.761	1.441	1.044	-0.994	-0.698	1.479	1.133	-0.950
-0.476	1.578	1.419	-0.689	-0.760	1.442	1.044	-0.994	-0.698	1.468	1.125	-0.943
-0.484	1.589	1.398	-0.755	-0.760	1.442	1.044	-0.994	-0.698	1.475	1.130	-0.948
-0.484	1.589	1.398	-0.755	-0.760	1.442	1.044	-0.994	-0.698	1.478	1.132	-0.950
-0.474	1.603	1.403	-0.775	-0.760	1.441	1.044	-0.993	-0.697	1.479	1.134	-0.950
-0.472	1.606	1.412	-0.766	-0.760	1.441	1.044	-0.993	-0.698	1.489	1.141	-0.957
-0.472	1.602	1.448	-0.685	-0.760	1.441	1.044	-0.993	-0.697	1.484	1.138	-0.953
-0.484	1.517	0.963	-1.172	-0.760	1.441	1.044	-0.993	-0.703	1.445	1.103	-0.934
-0.525	1.490	0.973	-1.128	-0.760	1.441	1.044	-0.993	-0.702	1.425	1.088	-0.921
-0.572	1.486	0.876	-1.200	-0.761	1.441	1.044	-0.993	-0.703	1.428	1.089	-0.923
-0.605	1.518	1.170	-0.966	-0.761	1.441	1.044	-0.993	-0.701	1.436	1.098	-0.926
-0.614	1.575	1.448	-0.618	-0.758	1.445	1.049	-0.993	-0.695	1.466	1.126	-0.938
-0.607	1.573	1.446	-0.620	-0.758	1.445	1.049	-0.993	-0.695	1.465	1.125	-0.938
-0.604	1.578	1.420	-0.688	-0.757	1.452	1.055	-0.998	-0.695	1.472	1.130	-0.943
-0.595	1.576	1.453	-0.611	-0.760	1.456	1.055	-1.003	-0.697	1.470	1.127	-0.944
-0.577	1.601	1.442	-0.694	-0.760	1.456	1.055	-1.003	-0.698	1.488	1.140	-0.956
-0.564	1.594	1.465	-0.629	-0.760	1.456	1.055	-1.003	-0.698	1.482	1.136	-0.952
-0.523	1.609	1.419	-0.759	-0.763	1.452	1.049	-1.003	-0.701	1.494	1.142	-0.963
-0.437	1.586	1.453	-0.636	-0.773	1.457	1.043	-1.017	-0.704	1.485	1.132	-0.961
-0.437	1.586	1.453	-0.636	-0.773	1.457	1.043	-1.017	-0.709	1.477	1.121	-0.962
-0.422	1.583	1.445	-0.647	-0.773	1.457	1.043	-1.017	-0.709	1.476	1.120	-0.961
-0.429	1.593	1.436	-0.690	-0.788	1.478	1.042	-1.048	-0.717	1.481	1.116	-0.973
-0.429	1.593	1.436	-0.690	-0.788	1.478	1.042	-1.048	-0.725	1.490	1.115	-0.988
-0.434	1.593	1.449	-0.660	-0.788	1.478	1.042	-1.048	-0.725	1.488	1.114	-0.986
-0.439	1.582	1.443	-0.649	-0.799	1.477	1.030	-1.058	-0.734	1.480	1.099	-0.992
-0.451	1.598	1.393	-0.782	-0.799	1.477	1.030	-1.058	-0.735	1.484	1.101	-0.995
-0.458	1.609	1.385	-0.818	-0.806	1.470	1.018	-1.061	-0.742	1.500	1.106	-1.013
-0.463	1.593	1.400	-0.760	-0.806	1.471	1.018	-1.062	-0.742	1.488	1.097	-1.005
-0.464	1.583	1.443	-0.650	-0.808	1.472	1.018	-1.064	-0.742	1.479	1.090	-1.000
-0.462	1.587	1.452	-0.640	-0.808	1.473	1.018	-1.064	-0.742	1.482	1.092	-1.002
-0.463	1.592	1.430	-0.700	-0.808	1.473	1.018	-1.064	-0.743	1.487	1.095	-1.006
-0.463	1.595	1.437	-0.692	-0.808	1.473	1.018	-1.064	-0.743	1.488	1.096	-1.007
-0.460	1.594	1.464	-0.631	-0.810	1.476	1.018	-1.069	-0.745	1.488	1.094	-1.008
-0.454	1.594	1.481	-0.588	-0.810	1.476	1.018	-1.069	-0.744	1.486	1.093	-1.007
-0.447	1.598	1.487	-0.584	-0.810	1.476	1.017	-1.069	-0.745	1.489	1.095	-1.009
-0.438	1.601	1.429	-0.722	-0.811	1.476	1.017	-1.069	-0.746	1.495	1.098	-1.014
-0.429	1.594	1.468	-0.622	-0.811	1.476	1.017	-1.069	-0.745	1.488	1.094	-1.008
-0.400	1.575	1.507	-0.457	-0.811	1.476	1.017	-1.069	-0.744	1.471	1.083	-0.996
-0.390	1.570	1.489	-0.496	-0.811	1.476	1.017	-1.069	-0.744	1.469	1.081	-0.995
-0.380	1.571	1.457	-0.587	-0.809	1.474	1.017	-1.067	-0.744	1.470	1.082	-0.995
-0.370	1.561	1.482	-0.491	-0.809	1.474	1.017	-1.067	-0.743	1.462	1.077	-0.989
-0.360	1.558	1.500	-0.421	-0.808	1.471	1.017	-1.063	-0.741	1.458	1.076	-0.984
-0.339	1.563	1.498	-0.447	-0.801	1.461	1.017	-1.050	-0.734	1.456	1.081	-0.976
-0.339	1.563	1.498	-0.447	-0.801	1.461	1.017	-1.050	-0.734	1.459	1.083	-0.978
-0.332	1.577	1.484	-0.533	-0.800	1.460	1.017	-1.047	-0.734	1.469	1.091	-0.984
-0.329	1.595	1.443	-0.679	-0.800	1.460	1.017	-1.047	-0.735	1.484	1.101	-0.995
-0.336	1.594	1.449	-0.664	-0.796	1.454	1.017	-1.039	-0.731	1.481	1.103	-0.989
-0.416	1.582	1.493	-0.524	-0.792	1.448	1.017	-1.031	-0.727	1.483	1.108	-0.986
-0.416	1.582	1.493	-0.524	-0.792	1.448	1.017	-1.031	-0.727	1.483	1.108	-0.986
-0.423	1.582	1.481	-0.557	-0.792	1.448	1.018	-1.031	-0.726	1.470	1.099	-0.976
-0.428	1.583	1.450	-0.634	-0.791	1.465	1.030	-1.042	-0.726	1.477	1.104	-0.981
-0.431	1.587	1.475	-0.586	-0.792	1.483	1.042	-1.056	-0.728	1.485	1.109	-0.988
-0.431	1.598	1.438	-0.697	-0.794	1.487	1.042	-1.061	-0.731	1.496	1.114	-0.998
-0.432	1.603	1.434	-0.717	-0.794	1.487	1.042	-1.061	-0.731	1.500	1.117	-1.001
-0.432	1.613	1.418	-0.768	-0.794	1.487	1.042	-1.061	-0.731	1.508	1.122	-1.007
-0.431	1.605	1.411	-0.764	-0.796	1.489	1.042	-1.064	-0.733	1.503	1.117	-1.005
-0.424	1.593	1.482	-0.584	-0.796	1.489	1.042	-1.064	-0.731	1.491	1.110	-0.995
-0.425	1.585	1.489	-0.544	-0.798	1.493	1.042	-1.069	-0.734	1.486	1.104	-0.995
-0.426	1.590	1.468	-0.610	-0.799	1.495	1.042	-1.072	-0.734	1.488	1.105	-0.996
-0.426	1.587	1.445	-0.655	-0.806	1.486	1.029	-1.072	-0.735	1.491	1.106	-1.000
-0.426	1.587	1.445	-0.655	-0.806	1.486	1.029	-1.072	-0.741	1.486	1.097	-1.003
-0.429	1.599	1.415	-0.744	-0.806	1.486	1.029	-1.072	-0.741	1.497	1.104	-1.011
-0.434	1.604	1.399	-0.784	-0.812	1.477	1.017	-1.072	-0.747	1.498	1.099	-1.018
-0.428	1.607	1.475	-0.638	-0.812	1.478	1.017	-1.072	-0.746	1.492	1.096	-1.013
-0.428	1.607	1.475	-0.638	-0.812	1.478	1.017	-1.072	-0.746	1.497	1.099	-1.016
-0.421	1.596	1.476	-0.608	-0.812	1.477	1.017	-1.072	-0.746	1.490	1.094	-1.011
-0.422	1.597	1.467	-0.629	-0.812	1.477	1.017	-1.072	-0.746	1.490	1.094	-1.011
-0.447	1.618	1.368	-0.863	-0.812	1.477	1.017	-1.072	-0.748	1.509	1.106	-1.026
-0.463	1.614	1.413	-0.778	-0.812	1.477	1.017	-1.072	-0.747	1.504	1.103	-1.022
-0.471	1.607	1.404	-0.781	-0.812	1.477	1.017	-1.072	-0.747	1.499	1.100	-1.019
-0.463	1.593	1.458	-0.641	-0.812	1.477	1.017	-1.072	-0.746	1.489	1.093	-1.011
-0.463	1.593	1.458	-0.641	-0.812	1.477	1.016	-1.071	-0.746	1.487	1.092	-1.009
-0.462	1.600	1.426	-0.724	-0.812	1.477	1.016	-1.071	-0.747	1.493	1.096	-1.014
-0.467	1.598	1.425	-0.722	-0.811	1.477	1.017	-1.071	-0.747	1.492	1.095	-1.013
-0.465	1.589	1.492	-0.547	-0.811	1.477	1.017	-1.071	-0.746	1.485	1.091	-1.008
-0.465	1.589	1.492	-0.547	-0.811	1.477	1.017	-1.071	-0.745	1.483	1.090	-1.006
-0.434	1.602	1.481	-0.610	-0.811	1.477	1.017	-1.071	-0.746	1.493	1.097	-1.013
-0.421	1.606	1.485	-0.610	-0.811	1.477	1.017	-1.071	-0.745	1.495	1.099	-1.014
-0.414	1.609	1.462	-0.672	-0.812	1.477	1.017	-1.071	-0.746	1.499	1.101	-1.017
-0.414	1.609	1.462	-0.672	-0.812	1.477	1.017	-1.071	-0.746	1.499	1.101	-1.017
-0.410	1.599	1.474	-0.619	-0.812	1.477	1.016	-1.071	-0.746	1.491	1.095	-1.012
-0.403	1.602	1.467	-0.643	-0.813	1.479	1.016	-1.074	-0.747	1.493	1.096	-1.014
-0.402	1.597	1.453	-0.663	-0.813	1.479	1.016	-1.074	-0.748	1.491	1.093	-1.014
-0.407	1.585	1.443	-0.657	-0.813	1.479	1.016	-1.074	-0.748	1.484	1.088	-1.009
-0.407	1.585	1.443	-0.657	-0.813	1.479	1.016	-1.074	-0.748	1.483	1.087	-1.009
-0.414	1.586	1.429	-0.687	-0.813	1.479	1.016	-1.074	-0.748	1.484	1.088	-1.009
-0.420	1.592	1.419	-0.721	-0.813	1.479	1.016	-1.074	-0.748	1.489	1.091	-1.013
-0.438	1.598	1.398	-0.773	-0.813	1.479	1.016	-1.074	-0.748	1.487	1.090	-1.012
-0.443	1.585	1.415	-0.714	-0.813	1.479	1.016	-1.074	-0.748	1.485	1.088	-1.010
-0.444	1.591	1.448	-0.659	-0.812	1.477	1.016	-1.072	-0.748	1.487	1.090	-1.011
-0.444	1.594	1.428	-0.706	-0.813	1.479	1.017	-1.074	-0.748	1.490	1.092	-1.013
-0.446	1.591	1.424	-0.708	-0.813	1.479	1.017	-1.074	-0.748	1.488	1.091	-1.012
-0.452	1.597	1.407	-0.755	-0.813	1.479	1.017	-1.074	-0.748	1.493	1.094	-1.016
-0.456	1.588	1.415	-0.721	-0.813	1.480	1.017	-1.075	-0.748	1.487	1.090	-1.011
-0.454	1.576	1.457	-0.600	-0.807	1.488	1.029	-1.075	-0.742	1.479	1.090	-1.000
-0.449	1.577	1.458	-0.599	-0.801	1.497	1.041	-1.075	-0.737	1.482	1.097	-0.996
-0.442	1.580	1.427	-0.677	-0.806	1.487	1.030	-1.072	-0.741	1.483	1.094	-1.001
-0.437	1.592	1.405	-0.749	-0.807	1.489	1.030	-1.075	-0.743	1.493	1.100	-1.010
-0.437	1.590	1.468	-0.610	-0.807	1.489	1.030	-1.075	-0.743	1.496	1.102	-1.012
-0.432	1.587	1.485	-0.561	-0.807	1.489	1.030	-1.075	-0.742	1.486	1.096	-1.004
-0.419	1.580	1.502	-0.490	-0.807	1.489	1.030	-1.075	-0.741	1.480	1.092	-0.999
-0.403	1.570	1.488	-0.501	0.000	0.000	0.000	0.000	-0.346	1.420	1.336	-0.482
-0.392	1.579	1.459	-0.603	0.000	0.000	0.000	0.000	-0.418	1.432	1.309	-0.581
-0.395	1.599	1.428	-0.719	-0.811	1.477	1.018	-1.070	-0.459	1.448	1.298	-0.641
-0.395	1.599	1.428	-0.719	-0.811	1.477	1.018	-1.070	-0.746	1.493	1.097	-1.013
-0.401	1.600	1.444	-0.689	-0.811	1.477	1.018	-1.070	-0.746	1.493	1.097	-1.013
-0.397	1.585	1.432	-0.679	-0.811	1.477	1.017	-1.070	-0.745	1.481	1.089	-1.004
-0.397	1.585	1.432	-0.679	-0.812	1.470	1.011	-1.067	-0.747	1.480	1.086	-1.006
-0.397	1.588	1.442	-0.664	-0.812	1.470	1.011	-1.067	-0.747	1.482	1.088	-1.007
-0.418	1.588	1.444	-0.661	-0.817	1.467	1.004	-1.069	-0.751	1.484	1.085	-1.013
-0.434	1.590	1.418	-0.720	0.000	0.000	0.000	0.000	-0.750	1.474	1.078	-1.005
-0.434	1.590	1.418	-0.720	0.000	0.000	0.000	0.000	-0.750	1.474	1.078	-1.005
-0.441	1.606	1.356	-0.861	0.000	0.000	0.000	0.000	-0.388	1.428	1.322	-0.541
-0.453	1.618	1.340	-0.906	0.000	0.000	0.000	0.000	-0.631	1.481	1.196	-0.874
-0.467	1.603	1.353	-0.860	0.000	0.000	0.000	0.000	-0.601	1.465	1.208	-0.829
-0.480	1.598	1.375	-0.813	-0.817	1.467	1.004	-1.069	-0.752	1.491	1.089	-1.018
-0.490	1.602	1.424	-0.735	-0.817	1.467	1.004	-1.069	-0.751	1.493	1.091	-1.019
-0.482	1.589	1.458	-0.631	-0.817	1.467	1.004	-1.069	-0.751	1.484	1.085	-1.012
-0.482	1.589	1.458	-0.631	-0.823	1.459	0.993	-1.069	-0.756	1.479	1.076	-1.014
-0.482	1.599	1.444	-0.687	-0.817	1.467	1.004	-1.069	-0.750	1.475	1.079	-1.006
-0.443	1.605	1.469	-0.645	-0.818	1.469	1.005	-1.072	-0.751	1.482	1.084	-1.011
-0.419	1.590	1.442	-0.669	-0.818	1.477	1.010	-1.078	-0.752	1.485	1.085	-1.014
-0.415	1.580	1.443	-0.644	-0.820	1.489	1.016	-1.089	-0.754	1.482	1.080	-1.015
-0.417	1.587	1.448	-0.651	-0.820	1.489	1.016	-1.089	-0.754	1.488	1.084	-1.019
-0.421	1.607	1.463	-0.665	-0.824	1.496	1.016	-1.097	-0.758	1.502	1.091	-1.033
-0.427	1.615	1.439	-0.733	-0.826	1.499	1.016	-1.102	-0.761	1.511	1.094	-1.042
-0.434	1.586	1.443	-0.658	-0.824	1.496	1.016	-1.097	-0.760	1.495	1.084	-1.030
-0.430	1.588	1.469	-0.602	-0.823	1.495	1.016	-1.097	-0.758	1.488	1.081	-1.023
-0.427	1.594	1.493	-0.558	-0.826	1.499	1.017	-1.102	-0.759	1.493	1.083	-1.028
-0.421	1.599	1.514	-0.515	-0.821	1.510	1.029	-1.105	-0.755	1.500	1.092	-1.028
-0.412	1.593	1.511	-0.505	-0.821	1.510	1.029	-1.105	-0.755	1.496	1.089	-1.025
-0.406	1.595	1.483	-0.587	-0.821	1.510	1.029	-1.105	-0.756	1.498	1.090	-1.027
-0.402	1.592	1.447	-0.664	-0.821	1.510	1.029	-1.105	-0.756	1.497	1.089	-1.027
-0.401	1.597	1.419	-0.732	-0.826	1.499	1.016	-1.102	-0.761	1.498	1.085	-1.033
-0.402	1.602	1.462	-0.654	-0.826	1.499	1.016	-1.102	-0.760	1.500	1.087	-1.033
-0.402	1.596	1.448	-0.670	-0.826	1.499	1.016	-1.102	-0.760	1.496	1.084	-1.031
-0.408	1.594	1.437	-0.690	-0.826	1.499	1.016	-1.102	-0.760	1.500	1.087	-1.034
-0.408	1.594	1.437	-0.690	-0.826	1.499	1.016	-1.102	-0.760	1.496	1.084	-1.031
-0.419	1.599	1.427	-0.722	-0.823	1.495	1.016	-1.096	-0.759	1.499	1.088	-1.031
-0.431	1.581	1.442	-0.650	-0.823	1.495	1.016	-1.096	-0.758	1.485	1.079	-1.021
-0.436	1.581	1.439	-0.654	-0.823	1.495	1.016	-1.096	-0.758	1.484	1.078	-1.020
-0.436	1.589	1.446	-0.659	-0.817	1.503	1.028	-1.096	-0.753	1.493	1.090	-1.021
-0.431	1.582	1.456	-0.618	-0.817	1.503	1.028	-1.096	-0.752	1.487	1.086	-1.016
-0.428	1.587	1.458	-0.626	-0.814	1.516	1.041	-1.102	-0.750	1.495	1.094	-1.019
-0.427	1.591	1.462	-0.627	-0.814	1.516	1.041	-1.102	-0.750	1.498	1.096	-1.021
-0.429	1.585	1.428	-0.689	-0.815	1.527	1.047	-1.111	-0.751	1.499	1.096	-1.023
-0.436	1.592	1.403	-0.752	-0.817	1.521	1.041	-1.109	-0.753	1.503	1.096	-1.028
-0.442	1.590	1.382	-0.785	-0.817	1.521	1.041	-1.109	-0.754	1.502	1.095	-1.028
-0.447	1.602	1.414	-0.754	-0.815	1.527	1.048	-1.112	-0.753	1.510	1.102	-1.033
-0.449	1.600	1.459	-0.657	-0.815	1.527	1.048	-1.112	-0.752	1.513	1.105	-1.033
-0.449	1.600	1.459	-0.657	-0.812	1.532	1.054	-1.112	-0.749	1.510	1.106	-1.028
-0.446	1.599	1.476	-0.613	-0.812	1.532	1.054	-1.112	-0.748	1.508	1.105	-1.026
-0.441	1.589	1.481	-0.575	-0.812	1.532	1.054	-1.112	-0.748	1.501	1.100	-1.021
-0.439	1.596	1.425	-0.718	-0.812	1.532	1.054	-1.112	-0.749	1.509	1.105	-1.027
-0.440	1.588	1.400	-0.750	-0.812	1.532	1.054	-1.112	-0.750	1.504	1.101	-1.025
-0.442	1.588	1.403	-0.743	-0.812	1.532	1.054	-1.112	-0.749	1.504	1.101	-1.024
-0.437	1.581	1.424	-0.685	-0.812	1.532	1.054	-1.112	-0.749	1.497	1.097	-1.019
-0.424	1.595	1.457	-0.650	-0.814	1.525	1.048	-1.109	-0.748	1.494	1.095	-1.017
-0.429	1.602	1.403	-0.774	-0.814	1.525	1.048	-1.109	-0.751	1.512	1.105	-1.032
-0.436	1.577	1.467	-0.580	-0.815	1.519	1.041	-1.106	-0.751	1.501	1.098	-1.024
-0.436	1.577	1.467	-0.580	-0.815	1.519	1.041	-1.106	-0.751	1.489	1.089	-1.016
-0.427	1.573	1.450	-0.610	-0.815	1.518	1.041	-1.105	-0.751	1.487	1.087	-1.014
-0.420	1.577	1.405	-0.715	-0.814	1.516	1.041	-1.102	-0.750	1.490	1.090	-1.016
-0.422	1.601	1.394	-0.787	-0.814	1.516	1.041	-1.102	-0.751	1.508	1.103	-1.029
-0.426	1.596	1.458	-0.648	-0.814	1.516	1.041	-1.102	-0.750	1.501	1.099	-1.023
-0.427	1.602	1.477	-0.620	-0.814	1.516	1.041	-1.102	-0.750	1.506	1.102	-1.026
-0.417	1.603	1.463	-0.654	-0.814	1.516	1.041	-1.102	-0.750	1.511	1.106	-1.030
-0.418	1.605	1.437	-0.714	-0.814	1.516	1.041	-1.102	-0.750	1.509	1.104	-1.029
-0.425	1.595	1.450	-0.665	-0.814	1.516	1.041	-1.102	-0.750	1.502	1.099	-1.024
-0.431	1.589	1.472	-0.597	-0.814	1.516	1.041	-1.102	-0.749	1.496	1.095	-1.019
-0.433	1.600	1.480	-0.607	-0.813	1.514	1.041	-1.100	-0.748	1.504	1.102	-1.023
-0.431	1.591	1.473	-0.603	-0.813	1.514	1.041	-1.100	-0.748	1.498	1.098	-1.019
-0.417	1.589	1.488	-0.559	-0.813	1.514	1.041	-1.100	-0.748	1.495	1.096	-1.017
-0.410	1.577	1.478	-0.550	-0.813	1.514	1.041	-1.100	-0.748	1.487	1.090	-1.011
-0.406	1.575	1.468	-0.569	-0.813	1.514	1.041	-1.100	-0.748	1.485	1.089	-1.010
-0.402	1.580	1.459	-0.608	-0.813	1.514	1.041	-1.099	-0.748	1.490	1.092	-1.014
-0.402	1.580	1.459	-0.608	-0.813	1.514	1.041	-1.099	-0.748	1.490	1.092	-1.014
-0.393	1.593	1.455	-0.647	-0.813	1.514	1.041	-1.100	-0.749	1.499	1.098	-1.020
-0.400	1.609	1.403	-0.787	-0.813	1.514	1.040	-1.099	-0.750	1.513	1.107	-1.031
-0.412	1.598	1.393	-0.782	-0.813	1.514	1.040	-1.099	-0.750	1.506	1.102	-1.026
-0.421	1.598	1.413	-0.747	-0.813	1.514	1.040	-1.099	-0.749	1.505	1.102	-1.025
-0.435	1.592	1.478	-0.589	-0.813	1.514	1.040	-1.099	-0.749	1.501	1.099	-1.022
-0.435	1.592	1.478	-0.589	-0.813	1.514	1.040	-1.099	-0.748	1.497	1.097	-1.018
-0.435	1.586	1.464	-0.609	-0.813	1.514	1.040	-1.099	-0.748	1.493	1.094	-1.016
-0.434	1.583	1.456	-0.622	-0.815	1.499	1.028	-1.091	-0.750	1.488	1.089	-1.014
-0.434	1.585	1.454	-0.629	-0.815	1.499	1.028	-1.091	-0.750	1.488	1.089	-1.014
-0.427	1.596	1.452	-0.662	-0.816	1.483	1.016	-1.080	-0.750	1.490	1.090	-1.016
-0.418	1.607	1.433	-0.726	-0.816	1.483	1.016	-1.080	-0.751	1.501	1.098	-1.024
-0.419	1.615	1.463	-0.683	-0.812	1.476	1.016	-1.071	-0.746	1.502	1.103	-1.020
-0.422	1.622	1.480	-0.665	-0.813	1.479	1.016	-1.074	-0.748	1.509	1.106	-1.026
-0.422	1.604	1.482	-0.613	-0.813	1.479	1.016	-1.074	-0.748	1.494	1.096	-1.016
-0.419	1.606	1.497	-0.582	-0.809	1.473	1.016	-1.066	-0.743	1.494	1.100	-1.011
-0.420	1.598	1.468	-0.629	-0.809	1.473	1.016	-1.066	-0.744	1.489	1.096	-1.008
-0.416	1.589	1.468	-0.607	-0.807	1.469	1.016	-1.060	-0.741	1.481	1.093	-1.000
-0.416	1.582	1.442	-0.652	-0.808	1.463	1.011	-1.058	-0.742	1.476	1.088	-0.998
-0.414	1.572	1.455	-0.597	-0.808	1.463	1.011	-1.058	-0.742	1.468	1.082	-0.992
-0.412	1.573	1.433	-0.648	-0.805	1.457	1.011	-1.050	-0.739	1.468	1.085	-0.989
-0.398	1.598	1.471	-0.625	-0.802	1.453	1.011	-1.045	-0.736	1.482	1.098	-0.995
-0.405	1.591	1.438	-0.680	-0.802	1.454	1.011	-1.045	-0.736	1.480	1.097	-0.994
-0.405	1.591	1.438	-0.680	-0.802	1.454	1.011	-1.045	-0.736	1.480	1.097	-0.994
-0.411	1.591	1.396	-0.763	-0.802	1.454	1.011	-1.045	-0.737	1.482	1.097	-0.996
-0.421	1.589	1.409	-0.735	-0.801	1.452	1.011	-1.042	-0.735	1.479	1.097	-0.992
-0.429	1.594	1.429	-0.704	-0.801	1.452	1.011	-1.042	-0.735	1.480	1.098	-0.993
-0.435	1.597	1.438	-0.695	-0.799	1.449	1.011	-1.038	-0.733	1.483	1.102	-0.993
-0.438	1.597	1.432	-0.707	-0.799	1.449	1.011	-1.038	-0.733	1.483	1.102	-0.993
-0.441	1.591	1.414	-0.728	-0.796	1.453	1.017	-1.038	-0.731	1.480	1.102	-0.988
-0.450	1.589	1.384	-0.780	-0.793	1.450	1.017	-1.033	-0.728	1.480	1.104	-0.985
-0.482	1.590	1.316	-0.893	-0.793	1.450	1.017	-1.033	-0.730	1.484	1.106	-0.989
-0.505	1.577	1.363	-0.791	-0.791	1.447	1.018	-1.028	-0.727	1.476	1.103	-0.981
-0.504	1.574	1.408	-0.703	-0.791	1.447	1.018	-1.028	-0.726	1.467	1.097	-0.974
-0.500	1.573	1.436	-0.641	-0.791	1.447	1.018	-1.028	-0.726	1.465	1.096	-0.972
-0.497	1.582	1.424	-0.688	-0.791	1.447	1.018	-1.028	-0.726	1.472	1.101	-0.977
-0.453	1.592	1.454	-0.648	-0.796	1.446	1.011	-1.034	-0.726	1.480	1.107	-0.983
-0.428	1.573	1.414	-0.689	-0.799	1.442	1.005	-1.034	-0.734	1.476	1.096	-0.988
-0.426	1.562	1.382	-0.728	-0.797	1.438	1.005	-1.029	-0.732	1.457	1.083	-0.974
-0.435	1.574	1.366	-0.783	-0.797	1.438	1.005	-1.029	-0.732	1.466	1.090	-0.980
-0.453	1.600	1.415	-0.746	-0.801	1.427	0.993	-1.025	-0.735	1.468	1.089	-0.985
-0.453	1.600	1.415	-0.746	-0.801	1.427	0.993	-1.025	-0.735	1.478	1.097	-0.991
-0.455	1.598	1.455	-0.661	-0.806	1.418	0.982	-1.024	-0.739	1.473	1.089	-0.992
-0.460	1.587	1.446	-0.653	-0.803	1.413	0.982	-1.016	-0.735	1.463	1.085	-0.981
-0.466	1.587	1.412	-0.723	-0.801	1.411	0.981	-1.014	-0.735	1.463	1.086	-0.981
-0.476	1.594	1.355	-0.838	-0.801	1.411	0.981	-1.013	-0.735	1.471	1.091	-0.987
-0.485	1.594	1.397	-0.768	-0.801	1.411	0.981	-1.013	-0.735	1.471	1.091	-0.986
-0.493	1.600	1.383	-0.805	-0.801	1.411	0.981	-1.013	-0.735	1.475	1.094	-0.989
-0.497	1.598	1.405	-0.761	-0.800	1.409	0.981	-1.011	-0.734	1.472	1.093	-0.986
-0.491	1.587	1.417	-0.716	-0.800	1.409	0.981	-1.011	-0.733	1.464	1.088	-0.980
-0.485	1.572	1.440	-0.631	-0.801	1.402	0.976	-1.007	-0.733	1.449	1.077	-0.970
-0.480	1.567	1.444	-0.609	-0.801	1.402	0.976	-1.007	-0.733	1.446	1.075	-0.967
-0.476	1.581	1.441	-0.650	-0.801	1.402	0.976	-1.007	-0.733	1.456	1.082	-0.974
-0.461	1.585	1.470	-0.593	-0.799	1.400	0.976	-1.004	-0.731	1.457	1.085	-0.973
-0.461	1.585	1.470	-0.593	-0.799	1.400	0.976	-1.004	-0.731	1.457	1.085	-0.973
-0.450	1.586	1.452	-0.639	-0.799	1.400	0.976	-1.004	-0.731	1.459	1.086	-0.974
-0.440	1.584	1.462	-0.610	-0.801	1.402	0.976	-1.006	-0.733	1.457	1.083	-0.975
-0.427	1.593	1.460	-0.636	-0.801	1.402	0.976	-1.006	-0.733	1.464	1.088	-0.979
-0.417	1.589	1.474	-0.593	-0.798	1.405	0.981	-1.006	-0.730	1.462	1.089	-0.975
-0.413	1.585	1.418	-0.708	-0.798	1.405	0.981	-1.006	-0.731	1.461	1.088	-0.975
-0.417	1.578	1.416	-0.697	-0.799	1.407	0.981	-1.009	-0.732	1.457	1.083	-0.974
-0.418	1.569	1.466	-0.558	-0.800	1.409	0.981	-1.011	-0.732	1.448	1.077	-0.968
-0.415	1.575	1.465	-0.576	-0.800	1.409	0.981	-1.011	-0.732	1.452	1.080	-0.971
-0.416	1.585	1.437	-0.667	-0.802	1.410	0.981	-1.013	-0.735	1.461	1.084	-0.979
-0.418	1.591	1.439	-0.678	-0.807	1.418	0.981	-1.024	-0.734	1.466	1.088	-0.982
-0.421	1.593	1.440	-0.680	-0.807	1.418	0.981	-1.024	-0.740	1.469	1.085	-0.990
-0.424	1.597	1.457	-0.653	-0.814	1.429	0.981	-1.039	-0.747	1.475	1.082	-1.002
-0.428	1.611	1.457	-0.687	-0.817	1.433	0.981	-1.045	-0.749	1.486	1.088	-1.012
-0.433	1.609	1.442	-0.713	-0.817	1.433	0.981	-1.045	-0.750	1.493	1.092	-1.018
-0.428	1.603	1.499	-0.566	-0.817	1.434	0.981	-1.045	-0.750	1.485	1.087	-1.012
-0.420	1.590	1.501	-0.524	-0.817	1.434	0.981	-1.045	-0.748	1.470	1.077	-1.000
-0.412	1.587	1.455	-0.633	-0.809	1.455	1.005	-1.053	-0.744	1.473	1.084	-0.997
-0.414	1.594	1.424	-0.715	-0.809	1.455	1.005	-1.053	-0.743	1.483	1.092	-1.003
-0.421	1.608	1.363	-0.852	-0.806	1.459	1.011	-1.053	-0.742	1.496	1.103	-1.011
-0.434	1.609	1.381	-0.827	-0.803	1.463	1.016	-1.053	-0.741	1.497	1.104	-1.011
-0.444	1.599	1.403	-0.768	-0.803	1.463	1.016	-1.053	-0.738	1.490	1.102	-1.003
-0.441	1.603	1.462	-0.658	-0.804	1.465	1.017	-1.055	-0.739	1.491	1.102	-1.004
-0.441	1.603	1.462	-0.658	-0.804	1.465	1.017	-1.055	-0.739	1.491	1.102	-1.004
-0.443	1.606	1.460	-0.669	-0.807	1.469	1.017	-1.061	-0.741	1.494	1.102	-1.009
-0.448	1.607	1.483	-0.616	-0.804	1.466	1.017	-1.055	-0.738	1.492	1.104	-1.004
-0.450	1.595	1.502	-0.536	-0.804	1.466	1.017	-1.055	-0.737	1.483	1.098	-0.997
-0.440	1.594	1.480	-0.590	-0.804	1.466	1.017	-1.055	-0.738	1.483	1.097	-0.998
-0.412	1.587	1.495	-0.529	-0.798	1.474	1.029	-1.055	-0.738	1.483	1.097	-0.998
-0.380	1.604	1.519	-0.515	-0.798	1.474	1.029	-1.055	-0.732	1.480	1.101	-0.989
-0.372	1.604	1.491	-0.589	-0.804	1.466	1.017	-1.055	-0.738	1.489	1.102	-1.002
-0.370	1.598	1.477	-0.611	-0.799	1.476	1.030	-1.058	-0.734	1.491	1.107	-0.999
-0.373	1.608	1.480	-0.628	-0.799	1.476	1.030	-1.058	-0.734	1.497	1.111	-1.003
-0.379	1.620	1.443	-0.734	-0.809	1.474	1.018	-1.067	-0.744	1.506	1.108	-1.020
-0.394	1.608	1.482	-0.624	-0.803	1.483	1.030	-1.067	-0.744	1.502	1.105	-1.017
-0.392	1.599	1.472	-0.625	-0.800	1.496	1.042	-1.072	-0.736	1.497	1.110	-1.005
-0.393	1.591	1.483	-0.576	-0.799	1.496	1.043	-1.072	-0.735	1.491	1.106	-1.000
-0.395	1.585	1.468	-0.598	-0.800	1.496	1.042	-1.073	-0.735	1.487	1.103	-0.998
-0.398	1.596	1.477	-0.604	-0.800	1.496	1.042	-1.073	-0.735	1.495	1.109	-1.003
-0.399	1.595	1.496	-0.555	-0.800	1.496	1.042	-1.073	-0.735	1.494	1.108	-1.002
-0.395	1.603	1.493	-0.584	-0.800	1.496	1.042	-1.073	-0.735	1.500	1.112	-1.006
-0.390	1.602	1.471	-0.634	0.000	0.000	0.000	0.000	-0.433	1.455	1.321	-0.611
-0.385	1.593	1.478	-0.594	0.000	0.000	0.000	0.000	-0.407	1.445	1.327	-0.572
-0.382	1.586	1.453	-0.635	0.000	0.000	0.000	0.000	-0.439	1.440	1.303	-0.612
-0.401	1.591	1.400	-0.756	-0.811	1.514	1.043	-1.098	-0.739	1.489	1.100	-1.003
-0.415	1.600	1.401	-0.772	-0.811	1.514	1.043	-1.098	-0.748	1.506	1.104	-1.025
-0.428	1.602	1.397	-0.782	-0.811	1.514	1.043	-1.098	-0.748	1.508	1.105	-1.026
-0.439	1.593	1.438	-0.686	-0.816	1.531	1.049	-1.115	-0.753	1.506	1.099	-1.029
-0.450	1.586	1.424	-0.697	-0.817	1.533	1.049	-1.118	-0.753	1.501	1.095	-1.027
-0.470	1.574	1.446	-0.622	-0.819	1.538	1.050	-1.123	-0.756	1.502	1.093	-1.030
-0.470	1.574	1.446	-0.622	-0.820	1.549	1.056	-1.132	-0.757	1.498	1.089	-1.028
-0.466	1.581	1.480	-0.555	-0.820	1.549	1.056	-1.132	-0.756	1.500	1.091	-1.029
-0.460	1.590	1.465	-0.617	-0.822	1.551	1.056	-1.136	-0.758	1.508	1.095	-1.037
-0.450	1.600	1.452	-0.671	-0.822	1.551	1.056	-1.136	-0.759	1.516	1.100	-1.043
-0.447	1.595	1.411	-0.743	-0.822	1.551	1.056	-1.136	-0.759	1.522	1.104	-1.047
-0.455	1.591	1.409	-0.738	0.000	0.000	0.000	0.000	-0.531	1.455	1.254	-0.737
-0.455	1.574	1.419	-0.680	-0.821	1.552	1.057	-1.136	-0.759	1.499	1.088	-1.031
-0.453	1.589	1.429	-0.694	-0.821	1.552	1.057	-1.136	-0.758	1.510	1.096	-1.038
-0.455	1.587	1.423	-0.702	0.000	0.000	0.000	0.000	-0.488	1.442	1.274	-0.676
-0.464	1.592	1.382	-0.789	0.000	0.000	0.000	0.000	-0.552	1.450	1.235	-0.760
-0.475	1.591	1.396	-0.762	0.000	0.000	0.000	0.000	-0.531	1.449	1.249	-0.734
-0.483	1.592	1.386	-0.782	-0.822	1.552	1.057	-1.136	-0.759	1.513	1.098	-1.041
-0.491	1.598	1.356	-0.846	-0.822	1.552	1.057	-1.136	-0.759	1.519	1.102	-1.046
-0.491	1.599	1.383	-0.802	-0.823	1.544	1.050	-1.132	-0.761	1.516	1.098	-1.045
-0.498	1.603	1.307	-0.927	-0.823	1.544	1.050	-1.132	-0.762	1.521	1.101	-1.050
-0.514	1.582	1.353	-0.820	-0.828	1.525	1.031	-1.123	-0.765	1.501	1.083	-1.039
-0.521	1.584	1.398	-0.745	-0.828	1.525	1.031	-1.123	-0.764	1.499	1.082	-1.037
-0.528	1.601	1.391	-0.792	-0.818	1.525	1.043	-1.113	-0.759	1.502	1.090	-1.034
-0.527	1.599	1.432	-0.710	-0.818	1.525	1.043	-1.113	-0.754	1.508	1.099	-1.032
-0.521	1.581	1.458	-0.612	-0.818	1.525	1.043	-1.113	-0.753	1.494	1.090	-1.022
-0.506	1.579	1.468	-0.583	-0.816	1.523	1.043	-1.110	-0.752	1.492	1.090	-1.019
-0.488	1.581	1.494	-0.516	-0.817	1.523	1.043	-1.110	-0.751	1.491	1.090	-1.018
-0.465	1.577	1.488	-0.521	-0.817	1.523	1.043	-1.110	-0.751	1.489	1.088	-1.016
-0.443	1.585	1.470	-0.591	-0.820	1.511	1.031	-1.104	-0.755	1.491	1.086	-1.022
-0.430	1.580	1.441	-0.648	-0.820	1.511	1.031	-1.104	-0.755	1.490	1.085	-1.021
-0.417	1.576	1.422	-0.679	-0.820	1.511	1.031	-1.104	-0.755	1.486	1.082	-1.019
-0.410	1.567	1.421	-0.659	-0.826	1.502	1.019	-1.104	-0.760	1.478	1.071	-1.018
-0.407	1.578	1.406	-0.717	-0.826	1.502	1.019	-1.104	-0.761	1.487	1.077	-1.025
-0.408	1.580	1.423	-0.686	0.000	0.000	0.000	0.000	-0.479	1.435	1.274	-0.661
-0.413	1.581	1.439	-0.654	0.000	0.000	0.000	0.000	-0.454	1.436	1.290	-0.630
-0.422	1.576	1.421	-0.679	0.000	0.000	0.000	0.000	-0.475	1.430	1.272	-0.654
-0.434	1.575	1.420	-0.682	0.000	0.000	0.000	0.000	-0.426	1.419	1.292	-0.586
-0.431	1.575	1.445	-0.626	0.000	0.000	0.000	0.000	-0.436	1.429	1.295	-0.603
-0.431	1.579	1.427	-0.676	0.000	0.000	0.000	0.000	-0.471	1.434	1.278	-0.651
-0.436	1.582	1.395	-0.745	-0.821	1.513	1.031	-1.107	-0.757	1.493	1.085	-1.026
-0.431	1.591	1.438	-0.679	-0.821	1.513	1.031	-1.107	-0.757	1.498	1.089	-1.028
-0.432	1.587	1.397	-0.754	-0.821	1.513	1.031	-1.107	-0.757	1.498	1.089	-1.028
-0.434	1.571	1.395	-0.721	-0.821	1.513	1.031	-1.107	-0.757	1.485	1.079	-1.020
-0.442	1.570	1.392	-0.725	-0.821	1.513	1.031	-1.107	-0.757	1.485	1.079	-1.020
-0.448	1.565	1.404	-0.691	0.000	0.000	0.000	0.000	-0.487	1.420	1.255	-0.665
-0.451	1.569	1.410	-0.688	0.000	0.000	0.000	0.000	-0.483	1.424	1.261	-0.662
-0.458	1.574	1.399	-0.721	0.000	0.000	0.000	0.000	-0.506	1.431	1.251	-0.694
-0.461	1.589	1.415	-0.722	0.000	0.000	0.000	0.000	-0.502	1.446	1.267	-0.696
-0.458	1.581	1.419	-0.697	0.000	0.000	0.000	0.000	-0.486	1.436	1.270	-0.671
-0.461	1.573	1.436	-0.641	0.000	0.000	0.000	0.000	-0.447	1.426	1.286	-0.617
-0.451	1.563	1.432	-0.625	-0.826	1.502	1.018	-1.104	-0.390	1.417	1.311	-0.539
-0.445	1.557	1.433	-0.607	-0.826	1.502	1.018	-1.104	-0.760	1.474	1.068	-1.016
-0.439	1.573	1.411	-0.695	0.000	0.000	0.000	0.000	-0.487	1.428	1.262	-0.669
-0.437	1.568	1.425	-0.655	0.000	0.000	0.000	0.000	-0.459	1.423	1.276	-0.631
-0.435	1.566	1.425	-0.649	0.000	0.000	0.000	0.000	-0.455	1.421	1.276	-0.625
-0.426	1.570	1.449	-0.604	-0.826	1.502	1.018	-1.104	-0.761	1.491	1.080	-1.028
-0.426	1.570	1.449	-0.604	-0.826	1.502	1.018	-1.104	-0.760	1.479	1.072	-1.019
-0.418	1.577	1.431	-0.662	-0.821	1.513	1.031	-1.107	-0.760	1.483	1.075	-1.022
-0.418	1.577	1.431	-0.662	-0.821	1.513	1.031	-1.107	-0.756	1.488	1.082	-1.021
-0.424	1.582	1.444	-0.644	-0.812	1.526	1.050	-1.108	-0.748	1.495	1.096	-1.017
-0.424	1.581	1.471	-0.578	-0.810	1.533	1.056	-1.110	-0.748	1.494	1.095	-1.016
-0.409	1.575	1.430	-0.659	-0.810	1.533	1.056	-1.110	-0.746	1.497	1.099	-1.016
-0.411	1.575	1.430	-0.658	-0.810	1.533	1.056	-1.110	-0.747	1.492	1.095	-1.014
-0.415	1.571	1.383	-0.744	-0.812	1.526	1.050	-1.108	-0.749	1.490	1.091	-1.015
-0.421	1.570	1.407	-0.695	-0.813	1.528	1.050	-1.110	-0.750	1.489	1.090	-1.015
-0.429	1.569	1.392	-0.722	-0.813	1.528	1.050	-1.110	-0.750	1.489	1.089	-1.015
-0.431	1.560	1.426	-0.632	-0.816	1.524	1.044	-1.110	-0.752	1.482	1.082	-1.013
-0.436	1.559	1.435	-0.608	-0.817	1.526	1.044	-1.113	-0.752	1.480	1.081	-1.011
-0.436	1.559	1.435	-0.608	-0.818	1.527	1.044	-1.114	-0.753	1.479	1.079	-1.012
-0.439	1.564	1.456	-0.573	-0.818	1.527	1.044	-1.114	-0.753	1.483	1.082	-1.014
-0.435	1.563	1.447	-0.589	-0.818	1.527	1.044	-1.114	-0.753	1.481	1.081	-1.013
-0.424	1.582	1.455	-0.621	-0.818	1.527	1.044	-1.114	-0.754	1.495	1.090	-1.023
-0.419	1.580	1.429	-0.673	-0.818	1.527	1.044	-1.114	-0.754	1.495	1.090	-1.023
-0.415	1.590	1.433	-0.690	-0.819	1.529	1.044	-1.117	-0.755	1.503	1.094	-1.030
-0.415	1.594	1.424	-0.715	-0.819	1.529	1.044	-1.117	-0.755	1.505	1.096	-1.032
-0.426	1.585	1.421	-0.703	-0.820	1.531	1.044	-1.120	-0.757	1.497	1.088	-1.028
-0.426	1.585	1.421	-0.703	-0.820	1.531	1.044	-1.120	-0.757	1.500	1.091	-1.030
-0.431	1.574	1.430	-0.656	-0.820	1.531	1.044	-1.120	-0.756	1.491	1.085	-1.023
-0.444	1.513	0.943	-1.182	-0.823	1.535	1.044	-1.125	-0.764	1.472	1.063	-1.018
-0.547	1.488	0.850	-1.221	-0.827	1.542	1.044	-1.134	-0.767	1.456	1.048	-1.011
-0.592	1.528	1.060	-1.100	-0.827	1.542	1.044	-1.134	-0.767	1.456	1.048	-1.011
-0.592	1.528	1.060	-1.100	-0.827	1.542	1.044	-1.134	-0.767	1.479	1.065	-1.026
-0.625	1.593	1.362	-0.827	-0.827	1.542	1.044	-1.134	-0.763	1.507	1.089	-1.042
-0.632	1.596	1.384	-0.793	-0.824	1.537	1.044	-1.128	-0.761	1.511	1.094	-1.042
-0.634	1.592	1.396	-0.764	-0.825	1.539	1.044	-1.131	-0.762	1.508	1.091	-1.041
-0.630	1.593	1.446	-0.667	-0.825	1.539	1.044	-1.131	-0.761	1.507	1.091	-1.040
-0.624	1.594	1.480	-0.592	-0.826	1.542	1.044	-1.134	-0.762	1.508	1.091	-1.041
-0.609	1.583	1.471	-0.585	-0.824	1.546	1.050	-1.134	-0.759	1.502	1.089	-1.034
-0.561	1.587	1.468	-0.603	-0.824	1.546	1.050	-1.134	-0.760	1.505	1.091	-1.036
-0.508	1.567	1.415	-0.675	-0.821	1.550	1.057	-1.134	-0.757	1.495	1.086	-1.027
-0.469	1.574	1.410	-0.700	-0.821	1.550	1.057	-1.134	-0.758	1.499	1.089	-1.030
-0.449	1.581	1.419	-0.698	-0.821	1.550	1.057	-1.134	-0.757	1.504	1.093	-1.033
-0.437	1.569	1.442	-0.616	-0.821	1.550	1.057	-1.134	-0.757	1.493	1.085	-1.026
-0.406	1.573	1.483	-0.523	-0.821	1.550	1.057	-1.134	-0.756	1.493	1.086	-1.024
-0.396	1.573	1.472	-0.556	-0.819	1.547	1.056	-1.131	-0.756	1.495	1.088	-1.025
-0.392	1.575	1.484	-0.526	-0.819	1.547	1.056	-1.131	-0.755	1.496	1.089	-1.025
-0.394	1.574	1.436	-0.644	-0.818	1.545	1.056	-1.128	-0.755	1.496	1.090	-1.025
-0.401	1.583	1.424	-0.693	-0.817	1.543	1.056	-1.125	-0.754	1.503	1.096	-1.029
-0.404	1.583	1.414	-0.712	-0.819	1.547	1.056	-1.131	-0.757	1.505	1.094	-1.033
-0.406	1.589	1.398	-0.755	-0.817	1.543	1.057	-1.125	-0.754	1.508	1.099	-1.032
-0.409	1.581	1.397	-0.742	-0.808	1.548	1.069	-1.119	-0.746	1.504	1.105	-1.021
-0.413	1.583	1.406	-0.728	-0.808	1.548	1.069	-1.119	-0.746	1.506	1.106	-1.022
-0.421	1.574	1.444	-0.624	-0.805	1.543	1.069	-1.113	-0.743	1.495	1.101	-1.011
-0.428	1.565	1.426	-0.644	-0.805	1.543	1.069	-1.113	-0.743	1.490	1.097	-1.008
-0.452	1.578	1.391	-0.746	-0.803	1.539	1.070	-1.107	-0.741	1.500	1.107	-1.012
-0.466	1.579	1.387	-0.756	-0.769	1.507	1.083	-1.048	-0.724	1.493	1.118	-0.989
-0.470	1.576	1.390	-0.743	-0.759	1.493	1.083	-1.027	-0.699	1.485	1.137	-0.955
-0.472	1.574	1.371	-0.772	-0.759	1.493	1.083	-1.027	-0.699	1.484	1.136	-0.955
-0.474	1.581	1.393	-0.748	-0.752	1.483	1.083	-1.013	-0.692	1.486	1.144	-0.948
-0.479	1.576	1.370	-0.780	-0.749	1.479	1.083	-1.007	-0.690	1.482	1.143	-0.943
-0.488	1.574	1.430	-0.656	-0.755	1.469	1.070	-1.007	-0.694	1.477	1.135	-0.945
-0.488	1.574	1.430	-0.656	-0.755	1.469	1.070	-1.007	-0.694	1.473	1.133	-0.942
-0.480	1.556	1.434	-0.604	-0.755	1.469	1.070	-1.007	-0.694	1.468	1.128	-0.939
-0.474	1.561	1.426	-0.633	-0.764	1.464	1.057	-1.013	-0.702	1.462	1.117	-0.944
-0.467	1.572	1.433	-0.645	-0.770	1.472	1.057	-1.024	-0.708	1.472	1.119	-0.957
-0.460	1.563	1.414	-0.666	-0.778	1.484	1.057	-1.042	-0.716	1.471	1.110	-0.965
-0.454	1.582	1.409	-0.719	-0.787	1.496	1.057	-1.059	-0.724	1.488	1.115	-0.986
-0.450	1.593	1.426	-0.710	-0.787	1.496	1.057	-1.059	-0.724	1.495	1.120	-0.991
-0.446	1.598	1.408	-0.755	-0.782	1.507	1.069	-1.063	-0.721	1.503	1.129	-0.992
-0.447	1.605	1.429	-0.730	-0.782	1.507	1.069	-1.063	-0.721	1.508	1.133	-0.995
-0.443	1.598	1.465	-0.638	-0.777	1.516	1.081	-1.063	-0.715	1.504	1.136	-0.986
-0.443	1.596	1.427	-0.714	-0.777	1.516	1.081	-1.063	-0.716	1.504	1.135	-0.987
-0.443	1.586	1.451	-0.638	-0.778	1.518	1.081	-1.066	-0.717	1.496	1.128	-0.983
-0.446	1.581	1.424	-0.685	-0.785	1.511	1.069	-1.068	-0.715	1.486	1.122	-0.975
-0.446	1.584	1.422	-0.699	-0.785	1.511	1.069	-1.068	-0.723	1.491	1.118	-0.987
-0.444	1.589	1.426	-0.700	-0.794	1.507	1.056	-1.074	-0.731	1.496	1.113	-0.999
-0.436	1.583	1.500	-0.507	-0.794	1.507	1.056	-1.074	-0.729	1.489	1.110	-0.992
-0.415	1.566	1.462	-0.560	-0.787	1.514	1.069	-1.072	-0.724	1.487	1.114	-0.985
-0.415	1.566	1.462	-0.560	-0.787	1.514	1.069	-1.072	-0.724	1.480	1.109	-0.980
-0.409	1.576	1.435	-0.651	-0.781	1.523	1.081	-1.072	-0.719	1.492	1.122	-0.983
-0.413	1.589	1.388	-0.772	-0.781	1.523	1.082	-1.072	-0.720	1.503	1.130	-0.991
-0.421	1.595	1.382	-0.795	-0.778	1.519	1.083	-1.066	-0.717	1.506	1.135	-0.990
-0.424	1.593	1.428	-0.707	-0.780	1.524	1.083	-1.072	-0.720	1.505	1.132	-0.992
-0.419	1.589	1.452	-0.646	-0.780	1.524	1.083	-1.072	-0.719	1.500	1.129	-0.988
-0.414	1.595	1.432	-0.702	-0.789	1.536	1.083	-1.090	-0.728	1.509	1.127	-1.004
-0.419	1.577	1.443	-0.635	-0.795	1.546	1.083	-1.104	-0.733	1.499	1.114	-1.003
-0.433	1.572	1.428	-0.656	-0.795	1.546	1.083	-1.104	-0.733	1.495	1.111	-1.000
-0.433	1.572	1.428	-0.656	-0.795	1.546	1.083	-1.104	-0.734	1.496	1.111	-1.002
-0.438	1.566	1.412	-0.678	-0.795	1.546	1.083	-1.104	-0.734	1.493	1.109	-1.000
-0.437	1.576	1.412	-0.699	-0.795	1.546	1.083	-1.104	-0.734	1.500	1.114	-1.004
-0.436	1.598	1.409	-0.753	-0.787	1.534	1.083	-1.087	-0.726	1.506	1.126	-1.000
-0.440	1.595	1.421	-0.723	-0.789	1.536	1.083	-1.090	-0.728	1.509	1.127	-1.004
-0.446	1.584	1.413	-0.714	-0.791	1.521	1.070	-1.081	-0.729	1.497	1.117	-0.997
-0.445	1.566	1.438	-0.620	-0.791	1.521	1.070	-1.081	-0.728	1.483	1.107	-0.987
-0.448	1.583	1.428	-0.683	-0.797	1.512	1.057	-1.081	-0.734	1.493	1.109	-1.000
-0.452	1.593	1.454	-0.651	-0.797	1.512	1.057	-1.081	-0.734	1.499	1.113	-1.004
-0.454	1.589	1.416	-0.721	-0.797	1.512	1.057	-1.081	-0.734	1.498	1.112	-1.004
-0.459	1.596	1.411	-0.746	-0.793	1.505	1.057	-1.072	-0.731	1.501	1.118	-1.002
-0.459	1.589	1.391	-0.768	-0.793	1.505	1.057	-1.072	-0.731	1.497	1.115	-0.999
-0.462	1.597	1.381	-0.803	-0.785	1.493	1.057	-1.055	-0.723	1.500	1.125	-0.992
-0.462	1.586	1.433	-0.679	-0.770	1.491	1.070	-1.038	-0.709	1.495	1.135	-0.973
-0.462	1.586	1.433	-0.679	-0.770	1.491	1.070	-1.038	-0.708	1.489	1.131	-0.969
-0.464	1.573	1.424	-0.670	-0.767	1.487	1.071	-1.032	-0.705	1.480	1.127	-0.959
-0.472	1.578	1.385	-0.756	-0.767	1.487	1.071	-1.032	-0.706	1.485	1.130	-0.963
-0.486	1.578	1.357	-0.806	-0.767	1.487	1.071	-1.032	-0.706	1.486	1.131	-0.964
-0.487	1.571	1.400	-0.711	-0.783	1.493	1.058	-1.053	-0.720	1.480	1.112	-0.976
-0.479	1.558	1.433	-0.613	-0.773	1.479	1.059	-1.033	-0.720	1.470	1.105	-0.969
-0.472	1.560	1.422	-0.642	-0.773	1.479	1.059	-1.033	-0.711	1.467	1.112	-0.957
-0.459	1.581	1.429	-0.676	-0.767	1.488	1.072	-1.033	-0.706	1.478	1.125	-0.959
-0.459	1.581	1.429	-0.676	-0.767	1.488	1.072	-1.033	-0.706	1.485	1.130	-0.963
-0.463	1.592	1.398	-0.763	-0.761	1.497	1.084	-1.033	-0.701	1.497	1.144	-0.966
-0.465	1.579	1.431	-0.667	-0.767	1.488	1.072	-1.033	-0.706	1.492	1.136	-0.968
-0.465	1.579	1.431	-0.667	-0.767	1.488	1.072	-1.033	-0.706	1.483	1.129	-0.962
-0.460	1.604	1.416	-0.752	-0.770	1.493	1.072	-1.040	-0.709	1.497	1.136	-0.975
-0.466	1.605	1.413	-0.760	-0.770	1.493	1.072	-1.040	-0.709	1.503	1.141	-0.979
-0.474	1.600	1.428	-0.722	-0.771	1.495	1.072	-1.042	-0.710	1.501	1.138	-0.978
-0.476	1.587	1.454	-0.637	-0.777	1.486	1.059	-1.042	-0.714	1.487	1.124	-0.974
-0.472	1.569	1.475	-0.537	-0.777	1.486	1.059	-1.042	-0.714	1.474	1.114	-0.965
-0.466	1.565	1.442	-0.608	-0.777	1.486	1.060	-1.042	-0.714	1.472	1.112	-0.964
-0.462	1.581	1.422	-0.691	-0.777	1.486	1.060	-1.042	-0.715	1.484	1.121	-0.973
-0.456	1.585	1.459	-0.619	-0.772	1.479	1.060	-1.031	-0.709	1.483	1.126	-0.965
-0.454	1.594	1.429	-0.705	-0.772	1.479	1.060	-1.031	-0.709	1.491	1.131	-0.971
-0.451	1.582	1.397	-0.742	-0.772	1.479	1.060	-1.031	-0.710	1.483	1.125	-0.967
-0.450	1.573	1.386	-0.743	-0.759	1.462	1.060	-1.006	-0.698	1.472	1.128	-0.946
-0.438	1.578	1.429	-0.670	-0.758	1.460	1.060	-1.004	-0.696	1.478	1.134	-0.948
-0.437	1.569	1.437	-0.630	-0.758	1.460	1.060	-1.004	-0.696	1.474	1.131	-0.945
-0.441	1.568	1.423	-0.658	-0.757	1.459	1.061	-1.002	-0.695	1.467	1.127	-0.939
-0.444	1.575	1.408	-0.705	-0.757	1.459	1.060	-1.002	-0.694	1.466	1.127	-0.938
-0.450	1.582	1.406	-0.726	-0.758	1.460	1.060	-1.004	-0.694	1.466	1.127	-0.938
-0.448	1.594	1.436	-0.690	-0.759	1.462	1.061	-1.006	-0.697	1.485	1.139	-0.953
-0.445	1.584	1.432	-0.677	-0.759	1.462	1.061	-1.006	-0.697	1.479	1.134	-0.949
-0.444	1.581	1.448	-0.636	-0.762	1.467	1.061	-1.013	-0.700	1.479	1.131	-0.953
-0.444	1.581	1.448	-0.636	-0.762	1.467	1.061	-1.013	-0.700	1.478	1.130	-0.952
-0.444	1.583	1.423	-0.692	-0.770	1.478	1.061	-1.029	-0.708	1.482	1.126	-0.963
-0.448	1.587	1.401	-0.745	-0.781	1.494	1.061	-1.052	-0.719	1.492	1.123	-0.983
-0.449	1.598	1.413	-0.746	-0.781	1.494	1.061	-1.052	-0.719	1.500	1.128	-0.988
-0.449	1.585	1.396	-0.750	-0.795	1.498	1.049	-1.069	-0.728	1.497	1.117	-0.996
-0.453	1.571	1.409	-0.694	-0.795	1.498	1.049	-1.069	-0.731	1.481	1.102	-0.989
-0.453	1.571	1.447	-0.613	-0.796	1.499	1.049	-1.071	-0.732	1.480	1.101	-0.989
-0.449	1.569	1.439	-0.625	-0.796	1.499	1.049	-1.071	-0.732	1.479	1.100	-0.988
-0.450	1.567	1.437	-0.623	-0.800	1.506	1.049	-1.080	-0.736	1.479	1.096	-0.993
-0.454	1.564	1.403	-0.689	-0.802	1.518	1.055	-1.091	-0.740	1.482	1.095	-0.999
-0.455	1.569	1.419	-0.667	-0.802	1.518	1.055	-1.091	-0.739	1.484	1.097	-1.000
-0.439	1.570	1.476	-0.535	-0.802	1.518	1.055	-1.091	-0.738	1.483	1.097	-0.998
-0.426	1.564	1.463	-0.551	-0.802	1.518	1.055	-1.091	-0.739	1.479	1.094	-0.996
-0.416	1.573	1.462	-0.579	-0.799	1.504	1.049	-1.078	-0.735	1.481	1.099	-0.993
-0.407	1.573	1.444	-0.623	-0.803	1.509	1.048	-1.086	-0.739	1.484	1.097	-1.000
-0.405	1.574	1.442	-0.631	-0.803	1.509	1.048	-1.086	-0.739	1.485	1.098	-1.000
-0.409	1.587	1.412	-0.724	-0.803	1.509	1.048	-1.086	-0.740	1.496	1.105	-1.008
-0.421	1.603	1.351	-0.863	-0.803	1.509	1.048	-1.086	-0.741	1.510	1.114	-1.019
-0.436	1.611	1.342	-0.892	-0.803	1.509	1.048	-1.086	-0.741	1.517	1.119	-1.024
-0.444	1.605	1.416	-0.756	-0.797	1.501	1.048	-1.074	-0.735	1.506	1.117	-1.010
-0.448	1.595	1.491	-0.566	-0.797	1.501	1.048	-1.074	-0.733	1.495	1.111	-1.001
-0.448	1.586	1.487	-0.550	-0.787	1.485	1.048	-1.052	-0.723	1.484	1.113	-0.982
-0.451	1.580	1.467	-0.586	-0.787	1.485	1.048	-1.052	-0.723	1.481	1.110	-0.980
-0.452	1.579	1.445	-0.635	-0.787	1.485	1.048	-1.052	-0.723	1.481	1.110	-0.980
-0.435	1.588	1.507	-0.501	-0.779	1.473	1.048	-1.035	-0.714	1.476	1.115	-0.967
-0.435	1.588	1.507	-0.501	-0.779	1.473	1.048	-1.035	-0.714	1.476	1.115	-0.967
-0.392	1.577	1.449	-0.623	-0.779	1.472	1.048	-1.034	-0.713	1.476	1.117	-0.965
-0.383	1.569	1.379	-0.748	-0.779	1.472	1.048	-1.034	-0.716	1.473	1.111	-0.967
-0.389	1.561	1.372	-0.744	-0.783	1.479	1.048	-1.044	-0.721	1.470	1.104	-0.970
-0.407	1.581	1.352	-0.818	-0.784	1.479	1.048	-1.044	-0.722	1.484	1.114	-0.981
-0.421	1.597	1.398	-0.771	-0.784	1.479	1.048	-1.044	-0.721	1.494	1.122	-0.986
-0.428	1.599	1.430	-0.715	-0.792	1.491	1.047	-1.061	-0.729	1.498	1.117	-0.998
-0.469	1.582	1.369	-0.793	-0.794	1.493	1.047	-1.065	-0.729	1.492	1.113	-0.994
-0.481	1.589	1.400	-0.752	-0.796	1.494	1.045	-1.067	-0.731	1.485	1.106	-0.991
-0.480	1.605	1.455	-0.677	-0.796	1.494	1.045	-1.067	-0.732	1.502	1.117	-1.004
-0.474	1.602	1.436	-0.710	-0.796	1.494	1.045	-1.067	-0.733	1.501	1.116	-1.004
-0.442	1.579	1.484	-0.540	-0.796	1.494	1.045	-1.067	-0.729	1.490	1.111	-0.993
-0.442	1.579	1.484	-0.540	-0.798	1.497	1.045	-1.072	-0.733	1.483	1.102	-0.993
-0.430	1.575	1.486	-0.520	-0.798	1.497	1.045	-1.072	-0.733	1.479	1.099	-0.990
-0.427	1.567	1.416	-0.673	-0.798	1.497	1.045	-1.072	-0.734	1.478	1.097	-0.990
-0.425	1.568	1.396	-0.714	-0.798	1.497	1.045	-1.072	-0.735	1.478	1.097	-0.991
-0.424	1.572	1.345	-0.815	-0.800	1.500	1.045	-1.076	-0.737	1.486	1.100	-0.999
