phi_u	d_u	x_u	y_u	phi_v	d_v	x_v	y_v	phi_f	d_f	x_f	y_f
0.077	2.473	2.472	0.041	-0.036	2.116	2.115	-0.077	-0.034	2.296	2.295	-0.077
0.075	2.467	2.461	0.171	-0.036	2.113	2.112	-0.077	-0.033	2.291	2.290	-0.076
0.062	2.468	2.468	0.035	-0.037	2.070	2.069	-0.077	-0.034	2.277	2.276	-0.078
0.041	2.466	2.465	0.071	-0.037	2.070	2.069	-0.077	-0.034	2.278	2.277	-0.078
0.035	2.468	2.462	0.164	-0.037	2.070	2.069	-0.077	-0.034	2.278	2.277	-0.077
0.031	2.470	2.463	0.179	-0.037	2.070	2.069	-0.077	-0.034	2.279	2.278	-0.077
0.031	2.468	2.464	0.147	-0.041	2.070	2.069	-0.085	-0.037	2.279	2.277	-0.085
0.033	2.465	2.458	0.186	-0.047	2.071	2.069	-0.098	-0.043	2.277	2.275	-0.098
0.039	2.479	2.477	0.103	-0.050	2.071	2.069	-0.105	-0.046	2.286	2.284	-0.106
0.041	2.473	2.468	0.162	-0.051	2.071	2.068	-0.105	-0.046	2.282	2.280	-0.105
0.042	2.466	2.465	0.029	-0.051	2.071	2.068	-0.105	-0.047	2.277	2.274	-0.107
0.040	2.449	2.448	0.047	-0.051	2.070	2.068	-0.105	-0.047	2.273	2.270	-0.107
0.040	2.449	2.448	0.047	-0.051	2.070	2.067	-0.105	-0.047	2.265	2.263	-0.106
0.045	2.456	2.445	0.231	-0.051	2.070	2.068	-0.105	-0.046	2.270	2.268	-0.104
0.048	2.456	2.446	0.218	-0.051	2.070	2.068	-0.105	-0.046	2.270	2.268	-0.104
0.053	2.457	2.442	0.275	-0.051	2.070	2.068	-0.105	-0.046	2.271	2.269	-0.104
0.057	2.457	2.433	0.337	-0.051	2.029	2.027	-0.103	-0.046	2.258	2.256	-0.103
0.065	2.454	2.436	0.302	-0.050	2.070	2.068	-0.103	-0.045	2.270	2.268	-0.102
0.069	2.454	2.444	0.222	-0.050	2.070	2.068	-0.103	-0.045	2.269	2.267	-0.102
0.072	2.469	2.465	0.139	-0.051	2.029	2.027	-0.103	-0.046	2.266	2.264	-0.105
0.075	2.480	2.480	-0.028	-0.051	2.029	2.027	-0.103	-0.047	2.274	2.271	-0.107
0.072	2.477	2.476	-0.070	-0.049	2.029	2.027	-0.100	-0.046	2.271	2.269	-0.104
0.071	2.471	2.469	0.103	-0.048	2.029	2.027	-0.096	-0.044	2.267	2.265	-0.099
0.068	2.472	2.468	0.141	-0.048	2.029	2.027	-0.096	-0.044	2.268	2.266	-0.099
0.049	2.482	2.482	-0.023	-0.048	2.029	2.027	-0.096	-0.044	2.269	2.267	-0.100
0.036	2.484	2.484	-0.036	-0.048	2.030	2.028	-0.096	-0.044	2.276	2.274	-0.101
0.025	2.486	2.484	0.098	-0.048	2.030	2.028	-0.096	-0.043	2.278	2.276	-0.099
0.049	2.479	2.468	0.230	-0.051	2.116	2.113	-0.107	-0.041	2.303	2.301	-0.095
0.049	2.479	2.468	0.230	-0.051	2.116	2.113	-0.107	-0.046	2.300	2.298	-0.106
0.057	2.474	2.469	0.165	-0.051	2.116	2.113	-0.107	-0.046	2.297	2.295	-0.106
0.066	2.480	2.476	0.153	-0.051	2.117	2.115	-0.107	-0.047	2.301	2.299	-0.107
0.066	2.480	2.476	0.153	-0.051	2.117	2.115	-0.107	-0.046	2.302	2.300	-0.107
0.076	2.479	2.468	0.235	-0.051	2.118	2.115	-0.107	-0.046	2.301	2.299	-0.106
0.083	2.466	2.453	0.249	-0.051	2.118	2.115	-0.107	-0.046	2.292	2.290	-0.105
0.080	2.465	2.460	0.160	-0.051	2.118	2.115	-0.107	-0.046	2.291	2.289	-0.106
0.078	2.462	2.444	0.298	-0.051	2.117	2.115	-0.107	-0.046	2.292	2.290	-0.105
0.078	2.462	2.444	0.298	-0.051	2.117	2.115	-0.107	-0.045	2.290	2.288	-0.104
0.085	2.472	2.460	0.240	-0.050	2.117	2.115	-0.107	-0.046	2.296	2.294	-0.105
0.086	2.476	2.474	0.081	-0.051	2.116	2.113	-0.107	-0.046	2.296	2.294	-0.105
0.086	2.476	2.474	0.081	-0.051	2.116	2.113	-0.107	-0.047	2.298	2.296	-0.107
0.069	2.469	2.469	0.003	-0.050	2.116	2.113	-0.107	-0.047	2.302	2.299	-0.108
0.052	2.468	2.466	0.106	-0.050	2.116	2.113	-0.107	-0.047	2.294	2.291	-0.108
0.052	2.468	2.466	0.106	-0.050	2.116	2.113	-0.107	-0.047	2.293	2.291	-0.107
0.047	2.468	2.463	0.159	-0.050	2.116	2.113	-0.107	-0.046	2.293	2.291	-0.106
0.037	2.490	2.483	0.182	-0.050	2.116	2.113	-0.107	-0.046	2.297	2.295	-0.106
0.040	2.483	2.478	0.167	-0.050	2.116	2.113	-0.107	-0.046	2.303	2.301	-0.106
0.055	2.479	2.472	0.190	-0.050	2.116	2.113	-0.107	-0.046	2.301	2.299	-0.105
0.055	2.479	2.472	0.190	-0.050	2.116	2.113	-0.107	-0.046	2.300	2.298	-0.106
0.090	2.460	2.442	0.301	-0.051	2.116	2.114	-0.107	-0.046	2.298	2.296	-0.105
0.090	2.460	2.442	0.301	-0.051	2.116	2.114	-0.107	-0.045	2.288	2.286	-0.104
0.103	2.456	2.444	0.246	-0.051	2.117	2.114	-0.107	-0.046	2.285	2.283	-0.105
0.101	2.462	2.457	0.153	-0.053	2.117	2.114	-0.112	-0.048	2.290	2.287	-0.111
0.101	2.465	2.460	0.161	-0.053	2.117	2.114	-0.112	-0.048	2.292	2.289	-0.111
0.098	2.472	2.468	0.140	-0.055	2.118	2.114	-0.117	-0.051	2.296	2.293	-0.117
0.094	2.475	2.469	0.172	-0.055	2.118	2.114	-0.117	-0.050	2.299	2.296	-0.116
0.092	2.478	2.472	0.171	-0.055	2.118	2.114	-0.117	-0.051	2.301	2.298	-0.117
0.087	2.469	2.467	0.101	-0.055	2.118	2.114	-0.117	-0.051	2.294	2.291	-0.117
0.079	2.466	2.465	0.061	-0.055	2.117	2.114	-0.117	-0.051	2.292	2.289	-0.117
0.070	2.464	2.463	0.059	-0.055	2.117	2.114	-0.117	-0.051	2.291	2.288	-0.117
0.057	2.473	2.472	-0.022	-0.055	2.117	2.114	-0.117	-0.051	2.296	2.293	-0.118
0.047	2.486	2.486	0.002	-0.055	2.117	2.114	-0.117	-0.052	2.306	2.303	-0.119
0.025	2.489	2.489	-0.037	-0.055	2.117	2.114	-0.117	-0.052	2.306	2.303	-0.120
0.017	2.483	2.483	-0.019	-0.055	2.117	2.114	-0.117	-0.052	2.304	2.301	-0.119
0.010	2.484	2.483	0.060	-0.055	2.117	2.114	-0.117	-0.051	2.304	2.301	-0.118
0.004	2.475	2.475	-0.054	-0.055	2.117	2.114	-0.117	-0.052	2.298	2.295	-0.119
-0.004	2.468	2.468	-0.024	-0.055	2.117	2.113	-0.117	-0.051	2.294	2.291	-0.118
-0.004	2.469	2.469	-0.037	-0.053	2.115	2.112	-0.112	-0.051	2.293	2.290	-0.118
-0.004	2.469	2.469	-0.037	-0.053	2.115	2.112	-0.112	-0.049	2.294	2.291	-0.113
-0.002	2.474	2.474	0.042	-0.053	2.115	2.112	-0.112	-0.049	2.297	2.294	-0.113
-0.000	2.481	2.481	0.026	-0.052	2.114	2.111	-0.110	-0.048	2.302	2.299	-0.111
0.003	2.475	2.474	0.071	-0.052	2.114	2.111	-0.110	-0.048	2.298	2.295	-0.110
0.022	2.458	2.453	0.148	-0.052	2.114	2.111	-0.110	-0.046	2.290	2.288	-0.106
0.022	2.458	2.453	0.148	-0.052	2.114	2.111	-0.110	-0.048	2.286	2.283	-0.109
0.027	2.466	2.463	0.125	-0.052	2.114	2.111	-0.110	-0.048	2.292	2.289	-0.110
0.033	2.478	2.476	0.099	-0.052	2.114	2.111	-0.110	-0.048	2.300	2.297	-0.110
0.039	2.474	2.471	0.137	-0.054	2.115	2.111	-0.115	-0.050	2.297	2.294	-0.115
0.047	2.469	2.458	0.235	-0.054	2.115	2.111	-0.115	-0.050	2.294	2.291	-0.114
0.057	2.473	2.453	0.313	-0.055	2.116	2.113	-0.117	-0.050	2.297	2.294	-0.115
0.069	2.477	2.455	0.329	-0.055	2.116	2.113	-0.117	-0.050	2.300	2.297	-0.115
0.078	2.481	2.473	0.193	-0.054	2.116	2.113	-0.115	-0.050	2.302	2.299	-0.114
0.078	2.471	2.465	0.173	-0.052	2.115	2.113	-0.110	-0.050	2.300	2.297	-0.115
0.078	2.471	2.465	0.173	-0.052	2.115	2.113	-0.110	-0.048	2.296	2.293	-0.109
0.078	2.463	2.459	0.131	-0.052	2.116	2.113	-0.110	-0.048	2.290	2.287	-0.109
0.079	2.462	2.460	0.088	-0.052	2.116	2.113	-0.110	-0.048	2.289	2.286	-0.110
0.073	2.459	2.459	0.045	-0.051	2.116	2.113	-0.108	-0.047	2.289	2.286	-0.107
0.073	2.459	2.459	0.045	-0.051	2.116	2.113	-0.108	-0.047	2.288	2.285	-0.108
0.052	2.478	2.477	0.070	-0.050	2.136	2.133	-0.108	-0.047	2.298	2.295	-0.109
0.046	2.472	2.467	0.158	-0.050	2.136	2.133	-0.108	-0.046	2.302	2.300	-0.106
0.047	2.482	2.469	0.250	-0.050	2.136	2.133	-0.108	-0.046	2.309	2.307	-0.106
0.054	2.476	2.459	0.289	-0.051	2.135	2.132	-0.108	-0.046	2.305	2.303	-0.105
0.056	2.474	2.465	0.212	-0.051	2.135	2.132	-0.108	-0.046	2.303	2.301	-0.106
0.055	2.471	2.470	0.071	-0.050	2.135	2.132	-0.108	-0.046	2.301	2.299	-0.106
0.058	2.474	2.467	0.194	-0.053	2.135	2.132	-0.113	-0.047	2.302	2.299	-0.108
0.067	2.485	2.479	0.177	-0.053	2.135	2.132	-0.113	-0.048	2.307	2.304	-0.111
0.067	2.485	2.479	0.177	-0.053	2.135	2.132	-0.113	-0.048	2.312	2.309	-0.112
0.070	2.483	2.476	0.194	-0.053	2.135	2.132	-0.113	-0.048	2.310	2.307	-0.111
0.068	2.483	2.470	0.253	-0.052	2.154	2.151	-0.113	-0.048	2.316	2.313	-0.110
0.062	2.482	2.477	0.147	-0.052	2.154	2.151	-0.113	-0.048	2.315	2.312	-0.111
0.058	2.476	2.471	0.147	-0.052	2.154	2.151	-0.113	-0.048	2.311	2.308	-0.111
0.055	2.478	2.476	0.100	-0.052	2.154	2.151	-0.113	-0.048	2.312	2.309	-0.112
0.057	2.475	2.473	0.109	-0.052	2.151	2.148	-0.113	-0.048	2.310	2.307	-0.111
0.062	2.467	2.455	0.249	-0.050	2.151	2.148	-0.108	-0.046	2.304	2.302	-0.106
0.067	2.473	2.469	0.155	-0.050	2.151	2.148	-0.108	-0.046	2.305	2.303	-0.106
0.067	2.473	2.469	0.155	-0.050	2.151	2.148	-0.108	-0.046	2.305	2.303	-0.106
0.062	2.483	2.483	0.050	-0.051	2.130	2.127	-0.108	-0.047	2.304	2.301	-0.108
0.062	2.483	2.483	0.050	-0.051	2.130	2.127	-0.108	-0.047	2.309	2.306	-0.109
0.059	2.473	2.468	0.157	-0.051	2.110	2.107	-0.108	-0.047	2.295	2.292	-0.108
0.059	2.462	2.460	0.095	-0.051	2.110	2.107	-0.108	-0.047	2.287	2.284	-0.108
0.056	2.454	2.454	0.026	-0.051	2.108	2.106	-0.107	-0.047	2.282	2.279	-0.108
0.054	2.456	2.455	0.048	-0.051	2.107	2.104	-0.107	-0.047	2.282	2.279	-0.108
0.051	2.459	2.456	0.137	-0.051	2.107	2.104	-0.107	-0.047	2.285	2.282	-0.107
0.048	2.463	2.458	0.161	-0.050	2.107	2.104	-0.106	-0.046	2.287	2.285	-0.106
0.039	2.490	2.490	0.065	-0.052	2.066	2.063	-0.107	-0.046	2.295	2.293	-0.106
0.041	2.486	2.479	0.184	-0.052	2.066	2.063	-0.107	-0.048	2.290	2.287	-0.109
0.042	2.486	2.485	0.067	-0.052	2.066	2.063	-0.107	-0.048	2.290	2.287	-0.110
0.044	2.487	2.486	0.033	-0.051	2.065	2.063	-0.106	-0.048	2.290	2.287	-0.109
0.047	2.475	2.470	0.167	-0.051	2.065	2.063	-0.106	-0.047	2.283	2.280	-0.107
0.053	2.486	2.481	0.160	-0.051	2.065	2.063	-0.106	-0.047	2.290	2.287	-0.108
0.058	2.468	2.462	0.173	-0.051	2.065	2.063	-0.106	-0.047	2.281	2.278	-0.107
0.058	2.468	2.462	0.173	-0.051	2.065	2.063	-0.106	-0.047	2.278	2.275	-0.107
0.058	2.474	2.470	0.131	-0.051	2.065	2.063	-0.106	-0.047	2.281	2.278	-0.108
0.056	2.484	2.483	0.035	-0.050	2.106	2.103	-0.106	-0.047	2.301	2.298	-0.108
0.052	2.484	2.483	0.083	-0.050	2.106	2.103	-0.106	-0.047	2.300	2.298	-0.107
0.056	2.466	2.453	0.259	-0.050	2.106	2.104	-0.106	-0.047	2.300	2.298	-0.107
0.056	2.466	2.453	0.259	-0.050	2.106	2.104	-0.106	-0.046	2.294	2.292	-0.105
0.056	2.470	2.464	0.171	-0.050	2.106	2.104	-0.106	-0.046	2.291	2.289	-0.106
0.052	2.486	2.485	0.068	-0.050	2.106	2.104	-0.106	-0.046	2.302	2.300	-0.107
0.049	2.490	2.486	0.131	-0.050	2.106	2.104	-0.106	-0.046	2.304	2.302	-0.107
0.047	2.490	2.487	0.119	-0.050	2.106	2.104	-0.106	-0.046	2.304	2.302	-0.107
0.055	2.474	2.469	0.155	-0.050	2.106	2.103	-0.106	-0.046	2.300	2.298	-0.106
0.057	2.472	2.471	0.066	-0.050	2.106	2.103	-0.106	-0.046	2.294	2.292	-0.106
0.054	2.474	2.463	0.231	-0.050	2.106	2.103	-0.106	-0.047	2.292	2.290	-0.107
0.052	2.479	2.473	0.175	-0.050	2.106	2.103	-0.106	-0.046	2.294	2.292	-0.105
0.049	2.478	2.477	0.060	-0.050	2.106	2.103	-0.106	-0.047	2.296	2.294	-0.107
0.046	2.481	2.480	0.068	-0.050	2.106	2.103	-0.106	-0.047	2.298	2.296	-0.107
0.039	2.464	2.461	0.125	-0.050	2.106	2.103	-0.106	-0.047	2.296	2.293	-0.108
0.038	2.463	2.455	0.195	-0.050	2.106	2.103	-0.106	-0.046	2.286	2.284	-0.105
0.054	2.487	2.477	0.215	-0.050	2.106	2.103	-0.106	-0.046	2.289	2.287	-0.105
0.054	2.487	2.477	0.215	-0.049	2.105	2.103	-0.104	-0.045	2.302	2.300	-0.104
0.060	2.484	2.465	0.305	-0.049	2.105	2.103	-0.104	-0.045	2.301	2.299	-0.103
0.070	2.484	2.474	0.221	-0.049	2.105	2.103	-0.104	-0.045	2.300	2.298	-0.104
0.079	2.477	2.463	0.258	-0.050	2.106	2.103	-0.106	-0.046	2.296	2.294	-0.105
0.090	2.465	2.454	0.234	-0.050	2.106	2.103	-0.106	-0.046	2.288	2.286	-0.105
0.095	2.462	2.450	0.241	-0.050	2.106	2.103	-0.106	-0.046	2.286	2.284	-0.105
0.093	2.466	2.464	0.097	-0.050	2.127	2.124	-0.107	-0.046	2.295	2.293	-0.106
0.087	2.478	2.478	0.022	-0.050	2.127	2.124	-0.107	-0.047	2.304	2.301	-0.108
0.077	2.479	2.478	0.058	-0.050	2.127	2.124	-0.107	-0.046	2.303	2.301	-0.107
0.070	2.479	2.474	0.159	-0.050	2.127	2.124	-0.107	-0.046	2.304	2.302	-0.106
0.066	2.474	2.455	0.303	-0.051	2.106	2.103	-0.107	-0.046	2.293	2.291	-0.106
0.077	2.475	2.466	0.216	-0.051	2.106	2.103	-0.107	-0.046	2.294	2.292	-0.105
0.077	2.473	2.469	0.131	-0.051	2.106	2.103	-0.108	-0.047	2.294	2.291	-0.108
0.078	2.482	2.478	0.146	-0.051	2.106	2.103	-0.108	-0.047	2.300	2.297	-0.108
0.085	2.475	2.462	0.257	-0.051	2.128	2.125	-0.108	-0.046	2.302	2.300	-0.106
0.094	2.475	2.464	0.232	-0.051	2.128	2.125	-0.108	-0.046	2.301	2.299	-0.106
0.102	2.477	2.469	0.198	-0.050	2.150	2.147	-0.108	-0.046	2.308	2.306	-0.105
0.081	2.502	2.501	0.055	-0.050	2.150	2.148	-0.108	-0.047	2.321	2.318	-0.108
0.068	2.491	2.488	0.101	-0.050	2.150	2.148	-0.108	-0.047	2.327	2.324	-0.109
0.068	2.491	2.488	0.101	-0.050	2.150	2.148	-0.108	-0.047	2.320	2.317	-0.108
0.067	2.494	2.493	0.059	-0.050	2.130	2.127	-0.107	-0.046	2.300	2.298	-0.106
0.059	2.495	2.495	0.033	-0.050	2.151	2.148	-0.108	-0.047	2.323	2.320	-0.109
0.054	2.491	2.486	0.157	-0.050	2.151	2.148	-0.108	-0.046	2.319	2.317	-0.107
0.057	2.476	2.457	0.306	-0.050	2.151	2.149	-0.108	-0.045	2.310	2.308	-0.105
0.068	2.468	2.438	0.382	-0.050	2.152	2.149	-0.108	-0.045	2.305	2.303	-0.104
0.080	2.484	2.458	0.363	-0.050	2.152	2.149	-0.108	-0.045	2.316	2.314	-0.105
0.088	2.499	2.491	0.196	-0.048	2.151	2.149	-0.103	-0.044	2.325	2.323	-0.102
0.082	2.474	2.463	0.235	-0.048	2.152	2.150	-0.103	-0.044	2.318	2.316	-0.102
0.082	2.469	2.469	0.022	-0.046	2.152	2.150	-0.098	-0.044	2.318	2.316	-0.102
0.052	2.453	2.453	-0.016	-0.048	2.152	2.150	-0.103	-0.045	2.294	2.292	-0.103
0.038	2.462	2.462	0.022	-0.050	2.152	2.150	-0.107	-0.047	2.300	2.298	-0.107
0.033	2.463	2.451	0.240	-0.050	2.152	2.150	-0.107	-0.045	2.301	2.299	-0.104
0.034	2.476	2.465	0.235	-0.050	2.152	2.150	-0.107	-0.045	2.310	2.308	-0.105
0.041	2.488	2.476	0.240	-0.049	2.152	2.149	-0.106	-0.045	2.318	2.316	-0.104
0.054	2.495	2.476	0.314	-0.050	2.130	2.128	-0.106	-0.044	2.323	2.321	-0.103
0.059	2.491	2.478	0.254	-0.050	2.130	2.128	-0.106	-0.045	2.317	2.315	-0.104
0.067	2.477	2.465	0.248	-0.050	2.130	2.128	-0.106	-0.045	2.304	2.302	-0.104
0.074	2.466	2.461	0.159	-0.050	2.108	2.105	-0.106	-0.046	2.289	2.287	-0.106
0.084	2.472	2.471	0.079	-0.050	2.108	2.105	-0.106	-0.046	2.287	2.285	-0.106
0.084	2.472	2.471	0.079	-0.050	2.108	2.105	-0.106	-0.046	2.287	2.285	-0.106
0.081	2.474	2.472	0.110	-0.050	2.108	2.105	-0.106	-0.046	2.294	2.292	-0.106
0.080	2.465	2.458	0.184	-0.047	2.107	2.105	-0.099	-0.043	2.288	2.286	-0.099
0.064	2.464	2.462	0.096	-0.047	2.107	2.104	-0.099	-0.043	2.287	2.285	-0.099
0.054	2.477	2.475	0.084	-0.046	2.106	2.104	-0.098	-0.043	2.287	2.285	-0.099
0.053	2.471	2.456	0.267	-0.045	2.106	2.104	-0.094	-0.040	2.292	2.290	-0.092
0.058	2.466	2.449	0.287	-0.045	2.106	2.104	-0.094	-0.040	2.289	2.287	-0.092
0.075	2.459	2.443	0.279	-0.041	2.106	2.104	-0.086	-0.037	2.283	2.281	-0.084
0.083	2.471	2.464	0.195	-0.041	2.105	2.103	-0.086	-0.037	2.293	2.291	-0.085
0.087	2.481	2.467	0.264	-0.042	2.065	2.063	-0.086	-0.037	2.293	2.291	-0.085
0.093	2.487	2.480	0.197	-0.042	2.065	2.063	-0.086	-0.038	2.291	2.289	-0.086
0.100	2.488	2.475	0.255	-0.042	2.024	2.022	-0.084	-0.038	2.291	2.289	-0.086
0.106	2.486	2.471	0.273	-0.042	2.024	2.022	-0.084	-0.037	2.277	2.275	-0.085
0.111	2.485	2.477	0.191	-0.042	2.024	2.022	-0.084	-0.038	2.275	2.273	-0.086
0.110	2.490	2.481	0.208	-0.041	2.004	2.002	-0.082	-0.037	2.273	2.271	-0.084
0.105	2.496	2.494	0.108	-0.041	2.004	2.002	-0.082	-0.037	2.277	2.275	-0.085
0.101	2.491	2.480	0.230	-0.041	2.004	2.002	-0.082	-0.037	2.273	2.271	-0.084
0.095	2.488	2.480	0.201	-0.041	2.004	2.002	-0.082	-0.037	2.272	2.270	-0.084
0.084	2.488	2.488	0.062	-0.041	2.004	2.002	-0.082	-0.038	2.267	2.265	-0.085
0.070	2.481	2.475	0.176	-0.041	2.004	2.002	-0.082	-0.038	2.268	2.266	-0.086
0.065	2.474	2.466	0.196	-0.041	2.006	2.004	-0.081	-0.037	2.267	2.265	-0.084
0.065	2.467	2.458	0.204	-0.041	2.006	2.004	-0.081	-0.037	2.257	2.255	-0.083
0.061	2.472	2.471	0.053	-0.040	2.068	2.067	-0.082	-0.036	2.277	2.275	-0.083
0.061	2.472	2.471	0.053	-0.040	2.068	2.067	-0.082	-0.037	2.281	2.279	-0.084
0.057	2.471	2.470	0.085	-0.040	2.113	2.112	-0.085	-0.037	2.295	2.293	-0.084
0.052	2.479	2.479	0.009	-0.041	2.116	2.114	-0.086	-0.038	2.301	2.299	-0.087
0.050	2.473	2.471	0.102	-0.041	2.116	2.114	-0.086	-0.037	2.297	2.295	-0.086
0.053	2.481	2.478	0.122	-0.041	2.116	2.114	-0.086	-0.037	2.302	2.300	-0.086
0.058	2.494	2.487	0.183	-0.041	2.137	2.135	-0.087	-0.038	2.314	2.312	-0.087
0.057	2.489	2.484	0.154	-0.041	2.137	2.135	-0.087	-0.037	2.318	2.316	-0.086
0.053	2.481	2.478	0.120	-0.041	2.158	2.157	-0.088	-0.037	2.321	2.319	-0.086
0.048	2.477	2.477	0.029	-0.043	2.160	2.158	-0.093	-0.038	2.313	2.311	-0.087
0.046	2.479	2.479	0.029	-0.043	2.160	2.158	-0.093	-0.040	2.315	2.313	-0.093
0.044	2.468	2.465	0.117	-0.046	2.161	2.159	-0.098	-0.042	2.314	2.312	-0.098
0.044	2.468	2.465	0.117	-0.046	2.162	2.159	-0.098	-0.042	2.307	2.305	-0.097
0.043	2.466	2.466	0.044	-0.046	2.162	2.160	-0.099	-0.042	2.307	2.305	-0.097
0.038	2.470	2.470	-0.010	-0.046	2.162	2.160	-0.099	-0.042	2.309	2.307	-0.098
0.028	2.490	2.490	0.035	-0.046	2.162	2.160	-0.099	-0.042	2.313	2.311	-0.097
0.023	2.489	2.489	0.024	-0.046	2.162	2.160	-0.099	-0.042	2.323	2.321	-0.098
0.023	2.489	2.489	0.024	-0.046	2.162	2.160	-0.099	-0.042	2.322	2.320	-0.098
0.016	2.505	2.505	0.036	-0.046	2.162	2.160	-0.099	-0.042	2.333	2.331	-0.099
0.019	2.487	2.482	0.150	-0.046	2.162	2.160	-0.099	-0.042	2.321	2.319	-0.097
0.024	2.478	2.472	0.175	-0.046	2.162	2.160	-0.099	-0.041	2.315	2.313	-0.096
0.029	2.467	2.463	0.142	-0.046	2.162	2.160	-0.099	-0.042	2.307	2.305	-0.096
0.032	2.473	2.472	0.081	-0.046	2.162	2.160	-0.099	-0.042	2.311	2.309	-0.097
0.033	2.489	2.489	0.040	-0.046	2.162	2.160	-0.099	-0.042	2.322	2.320	-0.098
0.034	2.498	2.498	0.038	-0.046	2.162	2.160	-0.099	-0.042	2.328	2.326	-0.098
0.031	2.515	2.514	0.060	-0.046	2.162	2.160	-0.099	-0.042	2.338	2.336	-0.099
0.031	2.515	2.514	0.060	-0.043	2.141	2.139	-0.093	-0.040	2.333	2.331	-0.093
0.033	2.501	2.498	0.111	-0.041	2.120	2.118	-0.087	-0.038	2.322	2.320	-0.088
0.033	2.501	2.498	0.111	-0.039	2.120	2.118	-0.082	-0.035	2.316	2.315	-0.082
0.034	2.488	2.478	0.218	-0.039	2.120	2.118	-0.082	-0.035	2.307	2.306	-0.080
0.038	2.488	2.477	0.233	-0.036	2.119	2.118	-0.077	-0.032	2.308	2.307	-0.075
0.042	2.486	2.472	0.266	-0.036	2.119	2.118	-0.077	-0.033	2.307	2.306	-0.075
0.075	2.484	2.444	0.442	-0.036	2.119	2.118	-0.077	-0.032	2.308	2.307	-0.074
0.093	2.487	2.444	0.458	-0.035	2.119	2.117	-0.075	-0.031	2.308	2.307	-0.071
0.112	2.495	2.447	0.487	-0.035	2.119	2.117	-0.075	-0.031	2.314	2.313	-0.071
0.130	2.501	2.455	0.478	-0.034	2.119	2.117	-0.071	-0.029	2.318	2.317	-0.068
0.139	2.498	2.473	0.355	-0.034	2.119	2.117	-0.071	-0.030	2.315	2.314	-0.069
0.144	2.497	2.474	0.337	-0.031	2.118	2.117	-0.066	-0.028	2.314	2.313	-0.064
0.146	2.475	2.463	0.245	-0.031	2.117	2.116	-0.066	-0.028	2.307	2.306	-0.065
0.141	2.481	2.478	0.110	-0.031	2.115	2.114	-0.066	-0.029	2.301	2.300	-0.066
0.133	2.482	2.481	0.074	-0.031	2.115	2.114	-0.066	-0.029	2.302	2.301	-0.066
0.128	2.479	2.462	0.294	-0.031	2.115	2.114	-0.066	-0.028	2.301	2.300	-0.064
0.091	2.469	2.467	0.095	-0.031	2.114	2.113	-0.064	-0.027	2.303	2.302	-0.063
0.078	2.479	2.476	0.127	-0.030	2.114	2.113	-0.063	-0.027	2.300	2.299	-0.063
0.073	2.476	2.463	0.253	-0.031	2.114	2.113	-0.065	-0.027	2.298	2.297	-0.063
0.072	2.468	2.449	0.302	-0.031	2.114	2.113	-0.065	-0.027	2.293	2.292	-0.062
0.072	2.475	2.472	0.124	-0.031	2.114	2.113	-0.065	-0.028	2.297	2.296	-0.064
0.073	2.496	2.494	0.100	-0.031	2.114	2.113	-0.066	-0.029	2.312	2.311	-0.066
0.072	2.492	2.482	0.229	-0.031	2.114	2.113	-0.066	-0.028	2.309	2.308	-0.065
0.071	2.486	2.476	0.225	-0.033	2.114	2.113	-0.069	-0.030	2.305	2.304	-0.068
0.075	2.472	2.460	0.245	-0.033	2.114	2.113	-0.069	-0.030	2.296	2.295	-0.068
0.083	2.471	2.453	0.299	-0.035	2.114	2.113	-0.073	-0.031	2.295	2.294	-0.071
0.092	2.476	2.465	0.223	-0.035	2.114	2.113	-0.073	-0.031	2.297	2.296	-0.071
0.092	2.486	2.476	0.233	-0.033	2.073	2.072	-0.069	-0.030	2.293	2.292	-0.069
0.090	2.491	2.485	0.167	-0.033	2.074	2.073	-0.069	-0.031	2.295	2.294	-0.070
0.089	2.473	2.463	0.220	-0.033	2.074	2.073	-0.069	-0.030	2.283	2.282	-0.069
0.092	2.460	2.444	0.274	-0.034	2.033	2.032	-0.069	-0.031	2.261	2.260	-0.069
0.105	2.470	2.455	0.265	-0.034	2.033	2.032	-0.069	-0.030	2.260	2.259	-0.068
0.103	2.485	2.482	0.111	-0.036	2.033	2.032	-0.072	-0.032	2.278	2.277	-0.074
0.096	2.489	2.488	0.075	-0.036	2.033	2.032	-0.073	-0.033	2.281	2.280	-0.075
0.086	2.498	2.498	0.063	-0.036	2.031	2.030	-0.074	-0.033	2.287	2.286	-0.076
0.082	2.491	2.484	0.189	-0.036	2.031	2.030	-0.074	-0.033	2.282	2.281	-0.075
0.079	2.486	2.485	0.067	-0.037	2.031	2.030	-0.075	-0.033	2.286	2.285	-0.076
0.072	2.482	2.481	0.062	-0.037	2.031	2.030	-0.075	-0.034	2.283	2.282	-0.077
0.072	2.482	2.481	0.062	-0.037	2.031	2.030	-0.075	-0.034	2.275	2.274	-0.077
0.044	2.467	2.465	-0.098	-0.037	2.031	2.030	-0.075	-0.034	2.264	2.263	-0.077
0.044	2.467	2.465	-0.098	-0.037	2.031	2.030	-0.075	-0.035	2.265	2.264	-0.079
0.024	2.468	2.466	-0.096	-0.037	2.031	2.030	-0.075	-0.035	2.266	2.265	-0.079
0.022	2.480	2.479	0.084	-0.039	2.032	2.030	-0.079	-0.036	2.274	2.273	-0.081
0.022	2.482	2.476	0.176	-0.039	2.032	2.030	-0.079	-0.035	2.276	2.275	-0.080
0.014	2.478	2.477	0.042	-0.039	2.074	2.072	-0.082	-0.036	2.289	2.287	-0.083
0.008	2.479	2.479	-0.033	-0.039	2.074	2.072	-0.082	-0.036	2.286	2.284	-0.083
0.008	2.479	2.479	-0.033	-0.039	2.074	2.072	-0.082	-0.036	2.286	2.284	-0.083
0.006	2.480	2.480	0.019	-0.040	2.074	2.072	-0.082	-0.037	2.288	2.286	-0.084
0.012	2.476	2.470	0.175	-0.040	2.074	2.072	-0.082	-0.036	2.285	2.284	-0.082
0.022	2.485	2.481	0.147	-0.039	2.115	2.114	-0.083	-0.036	2.304	2.303	-0.082
0.039	2.491	2.489	0.089	-0.040	2.074	2.073	-0.083	-0.036	2.295	2.293	-0.083
0.039	2.491	2.489	0.089	-0.040	2.074	2.073	-0.083	-0.037	2.296	2.294	-0.084
0.034	2.485	2.485	0.053	-0.040	2.116	2.114	-0.085	-0.037	2.305	2.303	-0.086
0.032	2.482	2.480	0.093	-0.041	2.116	2.114	-0.086	-0.038	2.303	2.301	-0.087
0.037	2.482	2.463	0.307	-0.040	2.116	2.115	-0.085	-0.036	2.303	2.302	-0.083
0.068	2.480	2.447	0.407	-0.040	2.116	2.115	-0.085	-0.036	2.301	2.300	-0.082
0.068	2.480	2.447	0.407	-0.040	2.116	2.115	-0.085	-0.036	2.302	2.301	-0.082
0.077	2.474	2.444	0.386	-0.038	2.116	2.115	-0.081	-0.034	2.298	2.297	-0.077
0.080	2.477	2.469	0.197	-0.036	2.138	2.136	-0.078	-0.033	2.306	2.305	-0.076
0.081	2.482	2.478	0.150	-0.036	2.138	2.136	-0.078	-0.033	2.310	2.309	-0.077
0.086	2.481	2.472	0.215	-0.036	2.160	2.158	-0.078	-0.032	2.316	2.315	-0.075
0.091	2.478	2.472	0.168	-0.036	2.160	2.158	-0.078	-0.033	2.314	2.313	-0.076
0.098	2.475	2.472	0.128	-0.036	2.160	2.158	-0.078	-0.033	2.312	2.311	-0.076
0.095	2.466	2.464	0.089	-0.036	2.160	2.158	-0.078	-0.033	2.305	2.304	-0.076
0.079	2.454	2.436	0.297	-0.036	2.160	2.158	-0.078	-0.033	2.302	2.301	-0.075
0.079	2.466	2.437	0.372	-0.036	2.160	2.159	-0.078	-0.032	2.300	2.299	-0.074
0.079	2.466	2.437	0.372	-0.036	2.160	2.159	-0.078	-0.032	2.306	2.305	-0.073
0.089	2.470	2.431	0.437	-0.036	2.160	2.159	-0.078	-0.032	2.310	2.309	-0.073
0.097	2.472	2.440	0.400	-0.036	2.160	2.159	-0.078	-0.032	2.311	2.310	-0.073
0.103	2.473	2.457	0.281	-0.036	2.160	2.159	-0.078	-0.032	2.311	2.310	-0.075
0.105	2.487	2.479	0.198	-0.036	2.160	2.159	-0.078	-0.033	2.320	2.319	-0.076
0.106	2.491	2.488	0.118	-0.036	2.160	2.159	-0.078	-0.033	2.322	2.321	-0.077
0.106	2.493	2.492	0.061	-0.036	2.139	2.137	-0.077	-0.033	2.317	2.316	-0.077
0.093	2.483	2.482	0.060	-0.036	2.139	2.137	-0.077	-0.033	2.309	2.308	-0.076
0.084	2.485	2.484	0.067	-0.036	2.139	2.137	-0.077	-0.033	2.312	2.311	-0.077
0.073	2.479	2.468	0.225	-0.036	2.117	2.116	-0.077	-0.033	2.301	2.300	-0.075
0.063	2.482	2.471	0.227	-0.036	2.116	2.115	-0.076	-0.033	2.302	2.301	-0.075
0.058	2.477	2.465	0.248	-0.036	2.116	2.115	-0.076	-0.033	2.300	2.299	-0.075
0.058	2.490	2.466	0.345	-0.036	2.114	2.113	-0.076	-0.032	2.308	2.307	-0.074
0.059	2.483	2.474	0.210	-0.036	2.114	2.113	-0.076	-0.033	2.303	2.302	-0.075
0.062	2.488	2.485	0.132	-0.036	2.114	2.113	-0.076	-0.033	2.306	2.305	-0.076
0.064	2.487	2.482	0.161	-0.036	2.114	2.113	-0.076	-0.033	2.305	2.304	-0.075
0.067	2.489	2.484	0.144	-0.036	2.114	2.113	-0.076	-0.033	2.306	2.305	-0.076
0.072	2.493	2.491	0.089	-0.036	2.113	2.112	-0.076	-0.033	2.309	2.308	-0.076
0.075	2.481	2.479	0.098	-0.036	2.113	2.111	-0.076	-0.033	2.301	2.300	-0.076
0.070	2.491	2.491	-0.039	-0.036	2.113	2.111	-0.076	-0.034	2.308	2.307	-0.078
0.060	2.482	2.481	0.036	-0.036	2.112	2.111	-0.076	-0.033	2.301	2.300	-0.077
0.049	2.489	2.487	0.099	-0.036	2.112	2.111	-0.076	-0.033	2.306	2.305	-0.076
0.043	2.491	2.488	0.124	-0.036	2.112	2.111	-0.076	-0.033	2.307	2.306	-0.076
0.036	2.495	2.490	0.160	-0.036	2.112	2.111	-0.076	-0.033	2.307	2.306	-0.076
0.036	2.495	2.490	0.160	-0.036	2.112	2.111	-0.076	-0.033	2.310	2.309	-0.076
0.038	2.500	2.497	0.133	-0.040	2.114	2.112	-0.084	-0.036	2.315	2.313	-0.084
0.047	2.491	2.487	0.148	-0.040	2.114	2.112	-0.084	-0.036	2.316	2.314	-0.084
0.049	2.487	2.485	0.092	-0.042	2.115	2.113	-0.090	-0.039	2.305	2.303	-0.090
0.049	2.487	2.485	0.092	-0.042	2.115	2.113	-0.090	-0.039	2.305	2.303	-0.090
0.049	2.487	2.478	0.205	-0.042	2.115	2.113	-0.090	-0.039	2.306	2.304	-0.089
0.053	2.490	2.476	0.269	-0.042	2.116	2.114	-0.090	-0.038	2.309	2.307	-0.088
0.058	2.481	2.471	0.218	-0.042	2.116	2.114	-0.090	-0.039	2.302	2.300	-0.089
0.062	2.470	2.461	0.217	-0.042	2.116	2.114	-0.090	-0.038	2.295	2.293	-0.088
0.062	2.473	2.473	0.054	-0.042	2.116	2.114	-0.090	-0.039	2.297	2.295	-0.090
0.060	2.469	2.468	0.078	-0.042	2.116	2.114	-0.090	-0.039	2.294	2.292	-0.090
0.060	2.476	2.467	0.206	-0.042	2.116	2.114	-0.088	-0.038	2.299	2.297	-0.087
0.062	2.486	2.479	0.182	-0.042	2.116	2.114	-0.088	-0.038	2.306	2.304	-0.087
0.071	2.485	2.481	0.150	-0.039	2.116	2.114	-0.083	-0.036	2.305	2.304	-0.082
0.072	2.480	2.475	0.165	-0.036	2.115	2.114	-0.077	-0.033	2.301	2.300	-0.076
0.068	2.473	2.470	0.118	-0.036	2.115	2.114	-0.077	-0.033	2.296	2.295	-0.076
0.063	2.467	2.467	0.054	-0.036	2.053	2.052	-0.074	-0.033	2.273	2.272	-0.076
0.057	2.472	2.471	0.078	-0.036	2.011	2.009	-0.072	-0.033	2.262	2.261	-0.075
0.052	2.468	2.468	0.004	-0.036	2.011	2.009	-0.072	-0.033	2.259	2.258	-0.075
0.055	2.471	2.466	0.167	-0.036	2.011	2.009	-0.072	-0.033	2.262	2.261	-0.074
0.057	2.481	2.470	0.241	-0.036	2.011	2.009	-0.072	-0.032	2.269	2.268	-0.073
0.059	2.479	2.470	0.216	-0.034	2.011	2.009	-0.068	-0.030	2.267	2.266	-0.069
0.058	2.471	2.466	0.153	-0.034	2.011	2.009	-0.068	-0.031	2.261	2.260	-0.069
0.057	2.454	2.441	0.252	-0.034	2.011	2.009	-0.068	-0.031	2.255	2.254	-0.069
0.062	2.462	2.442	0.311	-0.033	2.030	2.029	-0.068	-0.030	2.262	2.261	-0.067
0.070	2.457	2.438	0.308	-0.033	2.030	2.029	-0.068	-0.030	2.259	2.258	-0.067
0.080	2.457	2.431	0.355	-0.034	2.073	2.072	-0.070	-0.028	2.259	2.258	-0.064
0.090	2.465	2.449	0.278	-0.034	2.073	2.072	-0.070	-0.030	2.277	2.276	-0.068
0.097	2.463	2.445	0.290	-0.034	2.073	2.072	-0.070	-0.030	2.276	2.275	-0.068
0.099	2.478	2.466	0.245	-0.034	2.115	2.114	-0.072	-0.031	2.300	2.299	-0.071
0.097	2.470	2.464	0.174	-0.034	2.115	2.114	-0.072	-0.031	2.294	2.293	-0.071
0.095	2.466	2.466	0.034	-0.034	2.137	2.136	-0.073	-0.032	2.299	2.298	-0.073
0.090	2.477	2.476	-0.041	-0.035	2.160	2.158	-0.075	-0.032	2.313	2.312	-0.075
0.080	2.485	2.485	-0.035	-0.036	2.161	2.159	-0.077	-0.033	2.319	2.318	-0.077
0.047	2.464	2.452	0.244	-0.036	2.161	2.159	-0.078	-0.034	2.319	2.318	-0.078
0.045	2.462	2.456	0.176	-0.038	2.161	2.159	-0.083	-0.035	2.303	2.302	-0.080
0.046	2.450	2.430	0.315	-0.038	2.161	2.159	-0.083	-0.034	2.296	2.295	-0.079
0.056	2.459	2.446	0.248	-0.041	2.161	2.159	-0.088	-0.037	2.300	2.298	-0.084
0.056	2.459	2.446	0.248	-0.041	2.161	2.159	-0.088	-0.037	2.302	2.300	-0.085
0.066	2.461	2.450	0.234	-0.041	2.161	2.159	-0.088	-0.037	2.304	2.302	-0.085
0.075	2.476	2.471	0.154	-0.041	2.161	2.159	-0.088	-0.037	2.313	2.311	-0.086
0.082	2.477	2.475	0.105	-0.041	2.161	2.159	-0.088	-0.038	2.314	2.312	-0.087
0.085	2.480	2.476	0.149	-0.043	2.161	2.159	-0.093	-0.039	2.316	2.314	-0.091
0.083	2.474	2.469	0.167	-0.046	2.161	2.159	-0.098	-0.042	2.312	2.310	-0.096
0.085	2.468	2.453	0.278	-0.046	2.161	2.159	-0.098	-0.041	2.309	2.307	-0.095
0.082	2.478	2.468	0.217	-0.046	2.161	2.159	-0.098	-0.041	2.314	2.312	-0.096
0.076	2.482	2.477	0.160	-0.046	2.161	2.159	-0.098	-0.042	2.317	2.315	-0.097
0.074	2.493	2.477	0.276	-0.046	2.161	2.159	-0.098	-0.041	2.324	2.322	-0.096
0.074	2.484	2.465	0.302	-0.046	2.161	2.159	-0.098	-0.041	2.318	2.316	-0.095
0.076	2.494	2.494	0.041	-0.046	2.160	2.158	-0.098	-0.041	2.321	2.319	-0.096
0.076	2.494	2.494	0.041	-0.046	2.160	2.158	-0.098	-0.042	2.325	2.323	-0.098
0.067	2.494	2.493	0.048	-0.046	2.159	2.157	-0.098	-0.042	2.324	2.322	-0.098
0.059	2.492	2.492	0.023	-0.046	2.159	2.157	-0.098	-0.042	2.323	2.321	-0.098
0.055	2.488	2.486	0.114	-0.043	2.159	2.157	-0.093	-0.040	2.318	2.316	-0.092
0.052	2.482	2.479	0.104	-0.036	2.157	2.156	-0.077	-0.035	2.315	2.314	-0.082
0.046	2.476	2.475	0.065	-0.036	2.157	2.156	-0.077	-0.033	2.311	2.310	-0.076
0.039	2.479	2.472	0.191	-0.036	2.157	2.156	-0.077	-0.033	2.316	2.315	-0.076
0.039	2.479	2.472	0.191	-0.036	2.157	2.156	-0.077	-0.032	2.314	2.313	-0.075
0.045	2.483	2.475	0.203	-0.036	2.157	2.156	-0.077	-0.032	2.317	2.316	-0.075
0.050	2.485	2.483	0.087	-0.036	2.158	2.156	-0.077	-0.033	2.318	2.317	-0.076
0.055	2.483	2.479	0.148	-0.036	2.158	2.156	-0.077	-0.032	2.317	2.316	-0.075
0.060	2.481	2.475	0.178	-0.036	2.160	2.158	-0.077	-0.032	2.316	2.315	-0.075
0.065	2.474	2.471	0.119	-0.036	2.161	2.159	-0.078	-0.032	2.314	2.313	-0.074
0.065	2.484	2.475	0.214	-0.036	2.161	2.159	-0.077	-0.033	2.311	2.310	-0.076
0.067	2.481	2.472	0.220	-0.036	2.161	2.159	-0.077	-0.033	2.311	2.310	-0.076
0.068	2.482	2.471	0.233	-0.036	2.161	2.159	-0.078	-0.032	2.317	2.316	-0.075
0.072	2.459	2.439	0.309	-0.036	2.161	2.159	-0.078	-0.032	2.301	2.300	-0.074
0.073	2.457	2.452	0.159	-0.036	2.161	2.159	-0.078	-0.033	2.300	2.299	-0.075
0.073	2.464	2.460	0.140	-0.036	2.139	2.138	-0.078	-0.033	2.305	2.304	-0.076
0.071	2.464	2.460	0.150	-0.036	2.139	2.138	-0.078	-0.033	2.298	2.297	-0.076
0.069	2.470	2.467	0.126	-0.037	2.118	2.117	-0.078	-0.034	2.295	2.294	-0.077
0.074	2.469	2.452	0.288	-0.037	2.118	2.116	-0.078	-0.033	2.300	2.299	-0.077
0.074	2.469	2.452	0.288	-0.037	2.118	2.116	-0.078	-0.033	2.295	2.294	-0.075
0.090	2.475	2.461	0.262	-0.040	2.117	2.116	-0.084	-0.035	2.295	2.294	-0.080
0.089	2.480	2.471	0.214	-0.040	2.117	2.116	-0.084	-0.036	2.298	2.297	-0.082
0.082	2.478	2.467	0.224	-0.037	2.118	2.116	-0.079	-0.034	2.299	2.298	-0.079
0.082	2.478	2.467	0.224	-0.036	2.118	2.116	-0.076	-0.034	2.300	2.299	-0.078
0.084	2.478	2.474	0.141	-0.036	2.118	2.116	-0.076	-0.033	2.302	2.301	-0.075
0.084	2.478	2.474	0.141	-0.036	2.118	2.116	-0.076	-0.033	2.300	2.299	-0.076
0.073	2.475	2.474	-0.052	-0.036	2.118	2.116	-0.076	-0.034	2.298	2.297	-0.078
0.057	2.485	2.484	-0.069	-0.035	2.117	2.116	-0.074	-0.033	2.305	2.304	-0.076
0.052	2.473	2.456	0.286	-0.035	2.076	2.074	-0.072	-0.031	2.282	2.281	-0.070
0.059	2.465	2.445	0.318	-0.035	2.076	2.074	-0.072	-0.031	2.279	2.278	-0.071
0.065	2.477	2.467	0.226	-0.035	2.076	2.074	-0.072	-0.031	2.287	2.286	-0.072
0.067	2.485	2.477	0.199	-0.035	2.076	2.074	-0.072	-0.031	2.292	2.291	-0.072
0.066	2.480	2.471	0.218	-0.035	2.076	2.074	-0.072	-0.031	2.289	2.288	-0.072
0.064	2.484	2.482	0.108	-0.035	2.076	2.074	-0.072	-0.032	2.291	2.290	-0.073
0.065	2.483	2.483	0.002	-0.036	2.075	2.073	-0.074	-0.033	2.290	2.289	-0.076
0.066	2.479	2.478	-0.049	-0.037	2.034	2.032	-0.075	-0.034	2.273	2.272	-0.078
0.062	2.488	2.487	0.061	-0.037	2.014	2.013	-0.075	-0.034	2.273	2.272	-0.078
0.049	2.497	2.486	0.237	-0.040	2.015	2.013	-0.081	-0.035	2.274	2.273	-0.080
0.040	2.490	2.489	0.071	-0.040	2.014	2.012	-0.081	-0.036	2.281	2.279	-0.083
0.036	2.491	2.486	0.148	-0.040	2.014	2.012	-0.081	-0.036	2.276	2.274	-0.083
0.037	2.486	2.481	0.152	-0.040	2.033	2.032	-0.081	-0.036	2.278	2.277	-0.082
0.040	2.493	2.493	0.062	-0.040	2.033	2.032	-0.082	-0.037	2.285	2.283	-0.085
0.044	2.488	2.488	0.024	-0.040	2.033	2.032	-0.082	-0.037	2.281	2.279	-0.085
0.049	2.489	2.487	0.103	-0.040	2.075	2.074	-0.082	-0.036	2.295	2.293	-0.083
0.049	2.488	2.484	0.137	-0.040	2.075	2.074	-0.082	-0.036	2.294	2.292	-0.083
0.051	2.481	2.474	0.180	-0.040	2.075	2.074	-0.082	-0.036	2.288	2.287	-0.082
0.047	2.485	2.483	0.096	-0.040	2.074	2.073	-0.082	-0.036	2.292	2.290	-0.083
0.049	2.478	2.467	0.236	-0.038	2.074	2.073	-0.079	-0.035	2.287	2.286	-0.079
0.056	2.480	2.460	0.315	-0.036	2.074	2.073	-0.075	-0.032	2.288	2.287	-0.074
0.068	2.487	2.472	0.276	-0.036	2.074	2.073	-0.075	-0.032	2.291	2.290	-0.074
0.075	2.481	2.468	0.261	-0.036	2.074	2.073	-0.075	-0.032	2.289	2.288	-0.074
0.081	2.483	2.471	0.241	-0.036	2.116	2.115	-0.076	-0.033	2.303	2.302	-0.075
0.086	2.486	2.474	0.252	-0.036	2.116	2.115	-0.076	-0.033	2.306	2.305	-0.075
0.091	2.486	2.479	0.186	-0.035	2.138	2.136	-0.075	-0.032	2.312	2.311	-0.073
0.092	2.474	2.464	0.224	-0.035	2.138	2.136	-0.075	-0.032	2.304	2.303	-0.073
0.096	2.469	2.463	0.166	-0.035	2.116	2.114	-0.073	-0.031	2.293	2.292	-0.072
0.098	2.468	2.457	0.230	-0.033	2.116	2.114	-0.070	-0.030	2.293	2.292	-0.069
0.097	2.465	2.449	0.276	-0.033	2.116	2.114	-0.070	-0.030	2.291	2.290	-0.068
0.094	2.470	2.465	0.154	-0.031	2.115	2.114	-0.065	-0.028	2.294	2.293	-0.064
0.087	2.481	2.481	0.040	-0.031	2.115	2.114	-0.065	-0.029	2.302	2.301	-0.066
0.071	2.493	2.487	0.172	-0.031	2.115	2.114	-0.065	-0.028	2.310	2.309	-0.065
0.071	2.490	2.482	0.200	-0.033	2.116	2.114	-0.070	-0.030	2.308	2.307	-0.069
0.073	2.480	2.464	0.280	-0.033	2.116	2.114	-0.070	-0.030	2.301	2.300	-0.068
0.074	2.475	2.466	0.210	-0.035	2.116	2.114	-0.073	-0.031	2.298	2.297	-0.072
0.072	2.474	2.470	0.148	-0.033	2.137	2.136	-0.070	-0.030	2.304	2.303	-0.069
0.070	2.483	2.478	0.165	-0.033	2.137	2.136	-0.070	-0.030	2.310	2.309	-0.069
0.066	2.496	2.493	0.130	-0.033	2.136	2.135	-0.070	-0.030	2.319	2.318	-0.070
0.063	2.497	2.495	0.103	-0.033	2.136	2.135	-0.070	-0.030	2.319	2.318	-0.070
0.060	2.500	2.499	0.027	-0.033	2.114	2.113	-0.070	-0.031	2.314	2.313	-0.071
0.062	2.490	2.487	0.122	-0.034	2.114	2.112	-0.072	-0.031	2.307	2.306	-0.072
0.061	2.479	2.475	0.140	-0.034	2.114	2.112	-0.072	-0.031	2.300	2.299	-0.072
0.029	2.485	2.482	-0.106	-0.035	2.072	2.070	-0.073	-0.032	2.286	2.285	-0.073
0.019	2.478	2.477	0.045	-0.036	2.030	2.029	-0.073	-0.033	2.275	2.274	-0.075
0.019	2.478	2.477	0.045	-0.036	2.030	2.029	-0.073	-0.033	2.275	2.274	-0.075
0.018	2.489	2.489	0.028	-0.036	1.994	1.993	-0.072	-0.033	2.273	2.272	-0.076
0.018	2.489	2.489	0.028	-0.036	1.994	1.993	-0.072	-0.034	2.268	2.267	-0.076
0.017	2.484	2.483	0.049	-0.036	1.994	1.993	-0.072	-0.034	2.264	2.263	-0.076
0.015	2.476	2.476	0.026	-0.036	1.994	1.993	-0.072	-0.034	2.259	2.258	-0.076
0.010	2.477	2.477	-0.015	-0.036	1.994	1.993	-0.072	-0.034	2.260	2.259	-0.076
0.008	2.484	2.484	-0.002	-0.036	1.994	1.993	-0.072	-0.034	2.265	2.264	-0.076
0.009	2.477	2.477	0.014	-0.036	1.994	1.993	-0.072	-0.034	2.260	2.259	-0.076
0.012	2.463	2.462	0.056	-0.036	2.013	2.012	-0.073	-0.033	2.256	2.255	-0.075
0.007	2.483	2.483	0.055	-0.036	2.075	2.073	-0.075	-0.034	2.282	2.281	-0.077
0.007	2.483	2.483	0.055	-0.036	2.075	2.073	-0.075	-0.033	2.290	2.289	-0.076
0.018	2.482	2.471	0.239	-0.036	2.117	2.115	-0.076	-0.033	2.295	2.294	-0.075
0.018	2.482	2.471	0.239	-0.036	2.117	2.115	-0.076	-0.033	2.303	2.302	-0.075
0.027	2.475	2.454	0.318	-0.036	2.117	2.115	-0.076	-0.032	2.298	2.297	-0.074
0.037	2.476	2.464	0.242	-0.036	2.138	2.137	-0.077	-0.033	2.306	2.305	-0.075
0.044	2.475	2.473	0.101	-0.036	2.138	2.137	-0.077	-0.033	2.305	2.304	-0.076
0.053	2.472	2.460	0.236	-0.036	2.160	2.158	-0.078	-0.032	2.309	2.308	-0.075
0.063	2.472	2.469	0.130	-0.036	2.160	2.158	-0.078	-0.033	2.310	2.309	-0.076
0.074	2.485	2.483	0.096	-0.036	2.160	2.158	-0.078	-0.033	2.303	2.302	-0.075
0.074	2.485	2.483	0.096	-0.036	2.160	2.158	-0.078	-0.033	2.318	2.317	-0.077
0.065	2.481	2.481	0.010	-0.036	2.160	2.158	-0.078	-0.033	2.316	2.315	-0.077
0.056	2.480	2.480	-0.032	-0.036	2.160	2.158	-0.078	-0.034	2.315	2.314	-0.078
0.048	2.480	2.480	-0.027	-0.036	2.160	2.158	-0.078	-0.034	2.315	2.314	-0.078
0.040	2.478	2.477	-0.078	-0.034	2.159	2.158	-0.072	-0.032	2.314	2.313	-0.073
0.035	2.471	2.471	0.060	-0.034	2.159	2.158	-0.072	-0.031	2.309	2.308	-0.071
0.037	2.465	2.452	0.248	-0.031	2.159	2.158	-0.067	-0.028	2.305	2.304	-0.064
0.045	2.478	2.469	0.201	-0.031	2.137	2.136	-0.067	-0.028	2.313	2.312	-0.065
0.044	2.486	2.480	0.172	-0.032	2.115	2.113	-0.067	-0.029	2.309	2.308	-0.066
0.047	2.484	2.475	0.200	-0.032	2.115	2.113	-0.067	-0.029	2.303	2.302	-0.066
0.053	2.486	2.485	0.082	-0.033	2.115	2.114	-0.070	-0.030	2.305	2.304	-0.070
0.062	2.481	2.466	0.269	-0.033	2.115	2.114	-0.070	-0.030	2.302	2.301	-0.068
0.072	2.484	2.473	0.229	-0.033	2.115	2.114	-0.070	-0.030	2.304	2.303	-0.068
0.081	2.487	2.474	0.254	-0.034	2.115	2.114	-0.072	-0.031	2.306	2.305	-0.071
0.085	2.507	2.493	0.271	-0.034	2.116	2.115	-0.073	-0.031	2.320	2.319	-0.072
0.087	2.514	2.494	0.319	-0.034	2.116	2.115	-0.073	-0.031	2.325	2.324	-0.071
0.100	2.503	2.477	0.357	-0.035	2.074	2.073	-0.072	-0.031	2.304	2.303	-0.071
0.106	2.484	2.464	0.309	-0.035	2.074	2.073	-0.072	-0.031	2.290	2.289	-0.071
0.108	2.479	2.474	0.164	-0.036	2.033	2.032	-0.073	-0.033	2.274	2.273	-0.074
0.109	2.488	2.482	0.173	-0.036	2.033	2.032	-0.073	-0.032	2.280	2.279	-0.074
0.105	2.498	2.495	0.128	-0.036	2.014	2.013	-0.072	-0.033	2.287	2.286	-0.075
0.101	2.500	2.496	0.141	-0.036	2.014	2.013	-0.072	-0.033	2.282	2.281	-0.075
0.099	2.503	2.491	0.237	-0.036	2.014	2.013	-0.072	-0.032	2.284	2.283	-0.074
0.101	2.497	2.477	0.321	-0.036	2.014	2.013	-0.072	-0.032	2.281	2.280	-0.073
0.099	2.499	2.481	0.299	-0.036	1.994	1.993	-0.072	-0.032	2.273	2.272	-0.073
0.099	2.499	2.481	0.299	-0.036	1.994	1.993	-0.072	-0.033	2.275	2.274	-0.074
0.076	2.485	2.480	0.152	-0.036	1.994	1.993	-0.071	-0.032	2.279	2.278	-0.074
0.080	2.492	2.482	0.225	-0.036	1.994	1.993	-0.071	-0.032	2.265	2.264	-0.073
0.083	2.491	2.476	0.271	-0.036	1.994	1.993	-0.071	-0.032	2.270	2.269	-0.072
0.078	2.488	2.474	0.262	-0.033	1.995	1.994	-0.065	-0.030	2.266	2.265	-0.069
0.081	2.482	2.467	0.266	-0.033	1.995	1.994	-0.065	-0.029	2.262	2.261	-0.066
0.081	2.482	2.467	0.266	-0.032	1.995	1.994	-0.063	-0.028	2.264	2.263	-0.064
0.080	2.493	2.492	0.072	-0.032	1.995	1.994	-0.063	-0.029	2.271	2.270	-0.066
0.086	2.489	2.484	0.158	-0.032	1.995	1.994	-0.063	-0.029	2.269	2.268	-0.065
0.090	2.488	2.475	0.251	-0.032	1.995	1.994	-0.063	-0.028	2.268	2.267	-0.064
0.099	2.482	2.468	0.260	-0.032	1.995	1.994	-0.063	-0.028	2.264	2.263	-0.063
0.097	2.482	2.467	0.274	-0.031	2.014	2.013	-0.063	-0.028	2.271	2.270	-0.063
0.101	2.484	2.463	0.324	-0.031	2.013	2.012	-0.063	-0.028	2.275	2.274	-0.063
0.100	2.487	2.474	0.251	-0.031	2.013	2.012	-0.063	-0.028	2.273	2.272	-0.064
0.096	2.493	2.488	0.155	-0.031	2.013	2.012	-0.063	-0.029	2.277	2.276	-0.065
0.090	2.488	2.487	0.085	-0.032	2.013	2.012	-0.064	-0.029	2.276	2.275	-0.066
0.090	2.488	2.487	0.085	-0.032	2.013	2.012	-0.064	-0.029	2.274	2.273	-0.066
0.091	2.480	2.471	0.210	-0.032	2.012	2.011	-0.065	-0.029	2.268	2.267	-0.066
0.089	2.478	2.470	0.202	-0.033	1.994	1.993	-0.066	-0.030	2.261	2.260	-0.068
0.084	2.488	2.484	0.143	-0.035	1.994	1.993	-0.069	-0.032	2.268	2.267	-0.072
0.078	2.486	2.481	0.157	-0.036	2.013	2.012	-0.072	-0.033	2.272	2.271	-0.074
0.071	2.481	2.480	0.071	-0.036	2.013	2.012	-0.072	-0.033	2.269	2.268	-0.075
0.067	2.480	2.475	0.155	-0.036	2.013	2.012	-0.072	-0.033	2.268	2.267	-0.074
0.065	2.478	2.473	0.161	-0.036	2.013	2.012	-0.072	-0.033	2.267	2.266	-0.074
0.067	2.489	2.488	0.084	-0.036	2.013	2.012	-0.072	-0.033	2.274	2.273	-0.075
0.059	2.493	2.489	0.139	-0.036	1.994	1.993	-0.072	-0.033	2.274	2.273	-0.075
0.057	2.490	2.481	0.207	-0.036	1.994	1.993	-0.072	-0.033	2.269	2.268	-0.074
0.059	2.495	2.479	0.277	-0.036	1.994	1.993	-0.072	-0.033	2.272	2.271	-0.074
0.072	2.486	2.468	0.300	-0.036	1.994	1.993	-0.072	-0.032	2.267	2.266	-0.073
0.078	2.485	2.472	0.251	-0.036	1.994	1.993	-0.072	-0.033	2.266	2.265	-0.074
0.081	2.481	2.472	0.216	-0.036	1.994	1.993	-0.072	-0.033	2.263	2.262	-0.074
0.089	2.489	2.480	0.217	-0.036	1.994	1.992	-0.072	-0.033	2.264	2.263	-0.074
0.089	2.489	2.480	0.217	-0.036	1.994	1.992	-0.072	-0.033	2.268	2.267	-0.074
0.097	2.482	2.460	0.331	-0.036	1.993	1.992	-0.072	-0.032	2.264	2.263	-0.073
0.105	2.489	2.466	0.337	-0.036	1.993	1.992	-0.072	-0.032	2.268	2.267	-0.073
0.106	2.489	2.486	0.126	-0.036	1.993	1.992	-0.072	-0.033	2.268	2.267	-0.075
0.091	2.494	2.489	0.143	-0.036	1.993	1.992	-0.072	-0.033	2.268	2.267	-0.075
0.091	2.494	2.489	0.143	-0.036	1.993	1.992	-0.072	-0.033	2.271	2.270	-0.075
0.082	2.483	2.483	0.038	-0.036	1.993	1.992	-0.072	-0.034	2.264	2.263	-0.076
0.068	2.503	2.501	0.093	-0.036	1.993	1.992	-0.072	-0.033	2.272	2.271	-0.075
0.064	2.506	2.505	0.068	-0.036	1.993	1.992	-0.072	-0.033	2.277	2.276	-0.076
0.060	2.512	2.509	0.120	-0.036	1.993	1.992	-0.072	-0.033	2.279	2.278	-0.076
0.054	2.505	2.499	0.172	-0.036	2.012	2.010	-0.072	-0.032	2.285	2.284	-0.074
0.050	2.483	2.469	0.258	-0.036	2.012	2.010	-0.072	-0.032	2.270	2.269	-0.073
0.053	2.478	2.458	0.318	-0.036	2.031	2.030	-0.072	-0.032	2.273	2.272	-0.072
0.062	2.467	2.450	0.289	-0.036	2.031	2.030	-0.072	-0.032	2.266	2.265	-0.072
0.070	2.467	2.454	0.255	-0.036	2.032	2.031	-0.072	-0.032	2.266	2.265	-0.072
0.072	2.459	2.457	0.087	-0.034	2.032	2.031	-0.070	-0.031	2.260	2.259	-0.071
0.074	2.456	2.452	0.147	-0.034	2.032	2.031	-0.070	-0.031	2.258	2.257	-0.071
0.078	2.467	2.458	0.207	-0.033	2.032	2.031	-0.067	-0.030	2.265	2.264	-0.067
0.080	2.495	2.491	0.141	-0.033	2.032	2.031	-0.067	-0.030	2.284	2.283	-0.068
0.077	2.506	2.506	-0.040	-0.033	2.032	2.031	-0.067	-0.031	2.292	2.291	-0.070
0.069	2.502	2.502	-0.014	-0.032	2.032	2.031	-0.065	-0.030	2.289	2.288	-0.068
0.048	2.489	2.482	0.184	-0.032	2.032	2.031	-0.066	-0.029	2.276	2.275	-0.067
0.044	2.482	2.475	0.184	-0.031	2.031	2.030	-0.064	-0.029	2.274	2.273	-0.065
0.044	2.482	2.475	0.184	-0.031	2.031	2.030	-0.064	-0.029	2.274	2.273	-0.065
0.052	2.499	2.497	0.095	-0.031	2.075	2.074	-0.065	-0.028	2.276	2.275	-0.064
0.052	2.499	2.497	0.095	-0.031	2.075	2.074	-0.065	-0.029	2.301	2.300	-0.066
0.063	2.493	2.481	0.240	-0.032	2.033	2.032	-0.065	-0.028	2.302	2.301	-0.065
0.068	2.493	2.483	0.225	-0.032	2.033	2.032	-0.065	-0.028	2.280	2.279	-0.064
0.073	2.490	2.470	0.314	-0.032	2.033	2.032	-0.065	-0.028	2.282	2.281	-0.064
0.078	2.500	2.479	0.324	-0.033	2.033	2.032	-0.066	-0.029	2.289	2.288	-0.066
0.087	2.497	2.466	0.395	-0.033	2.033	2.032	-0.066	-0.028	2.287	2.286	-0.065
0.101	2.490	2.443	0.481	-0.033	2.033	2.032	-0.066	-0.028	2.283	2.282	-0.064
0.113	2.482	2.461	0.321	-0.032	2.075	2.074	-0.066	-0.028	2.290	2.289	-0.065
0.121	2.491	2.483	0.198	-0.032	2.075	2.074	-0.066	-0.029	2.296	2.295	-0.066
0.124	2.500	2.494	0.164	-0.033	2.116	2.115	-0.069	-0.030	2.314	2.313	-0.069
0.105	2.497	2.496	0.053	-0.034	2.116	2.115	-0.073	-0.032	2.311	2.310	-0.073
0.105	2.497	2.496	0.053	-0.034	2.116	2.115	-0.073	-0.032	2.312	2.311	-0.074
0.082	2.497	2.497	0.023	-0.034	2.116	2.115	-0.073	-0.032	2.313	2.312	-0.074
0.051	2.508	2.507	-0.062	-0.034	2.116	2.115	-0.073	-0.032	2.315	2.314	-0.074
0.051	2.508	2.507	-0.062	-0.034	2.116	2.115	-0.073	-0.032	2.320	2.319	-0.075
0.031	2.502	2.501	-0.096	-0.034	2.116	2.115	-0.073	-0.032	2.317	2.316	-0.075
0.018	2.500	2.500	0.019	-0.034	2.116	2.115	-0.073	-0.032	2.315	2.314	-0.074
0.010	2.498	2.497	0.033	-0.035	2.116	2.115	-0.074	-0.032	2.313	2.312	-0.075
0.008	2.490	2.482	0.202	-0.035	2.116	2.115	-0.075	-0.033	2.306	2.305	-0.075
0.018	2.503	2.500	0.113	-0.035	2.116	2.115	-0.075	-0.032	2.308	2.307	-0.074
0.018	2.503	2.500	0.113	-0.035	2.076	2.075	-0.073	-0.032	2.304	2.303	-0.074
0.019	2.493	2.493	-0.020	-0.035	2.076	2.075	-0.073	-0.033	2.297	2.296	-0.075
0.017	2.499	2.498	0.033	-0.036	2.034	2.033	-0.073	-0.034	2.284	2.283	-0.077
0.019	2.502	2.502	0.047	-0.036	2.014	2.013	-0.072	-0.033	2.290	2.289	-0.076
0.021	2.511	2.511	0.015	-0.036	2.014	2.013	-0.072	-0.033	2.289	2.288	-0.076
0.002	2.479	2.478	0.079	-0.036	2.015	2.014	-0.073	-0.033	2.285	2.284	-0.076
0.001	2.475	2.469	0.164	-0.036	2.075	2.074	-0.075	-0.033	2.284	2.283	-0.075
0.005	2.485	2.484	0.051	-0.036	2.075	2.074	-0.075	-0.033	2.291	2.290	-0.076
0.011	2.491	2.487	0.142	-0.036	2.075	2.074	-0.075	-0.033	2.295	2.294	-0.075
0.012	2.501	2.499	0.096	-0.036	2.014	2.012	-0.073	-0.033	2.280	2.279	-0.076
0.017	2.497	2.494	0.139	-0.036	1.993	1.991	-0.072	-0.034	2.280	2.279	-0.077
0.025	2.505	2.504	0.081	-0.036	1.993	1.991	-0.072	-0.033	2.279	2.278	-0.076
0.029	2.505	2.503	0.093	-0.036	2.054	2.052	-0.074	-0.033	2.298	2.297	-0.076
0.028	2.515	2.514	-0.037	-0.036	2.115	2.114	-0.076	-0.034	2.324	2.323	-0.078
0.023	2.518	2.518	0.041	-0.036	2.115	2.114	-0.076	-0.033	2.327	2.326	-0.077
0.023	2.503	2.500	0.123	-0.036	2.115	2.114	-0.076	-0.033	2.317	2.316	-0.076
0.025	2.501	2.494	0.189	-0.036	2.115	2.114	-0.076	-0.033	2.315	2.314	-0.076
0.039	2.508	2.505	0.113	-0.036	2.115	2.114	-0.076	-0.032	2.320	2.319	-0.075
0.039	2.508	2.505	0.113	-0.036	2.115	2.114	-0.076	-0.033	2.320	2.319	-0.076
0.042	2.498	2.491	0.182	-0.036	2.115	2.114	-0.076	-0.033	2.319	2.318	-0.076
0.045	2.499	2.495	0.127	-0.036	2.115	2.114	-0.076	-0.033	2.313	2.312	-0.076
0.049	2.505	2.502	0.125	-0.036	2.115	2.114	-0.076	-0.033	2.318	2.317	-0.076
0.053	2.499	2.498	0.095	-0.036	2.115	2.114	-0.076	-0.033	2.314	2.313	-0.076
0.052	2.500	2.498	0.096	-0.036	2.115	2.114	-0.076	-0.033	2.314	2.313	-0.076
0.053	2.506	2.497	0.215	-0.036	2.115	2.114	-0.076	-0.032	2.319	2.318	-0.075
0.055	2.517	2.512	0.160	-0.036	2.115	2.114	-0.076	-0.032	2.318	2.317	-0.075
0.055	2.517	2.512	0.160	-0.035	2.115	2.113	-0.075	-0.032	2.326	2.325	-0.075
0.056	2.514	2.513	0.073	-0.035	2.115	2.113	-0.075	-0.033	2.324	2.323	-0.076
0.055	2.504	2.502	0.098	-0.035	2.073	2.071	-0.073	-0.032	2.303	2.302	-0.074
0.054	2.514	2.514	-0.025	-0.035	2.073	2.071	-0.073	-0.032	2.307	2.306	-0.074
0.050	2.508	2.507	-0.093	-0.033	2.073	2.071	-0.069	-0.031	2.307	2.306	-0.072
0.045	2.513	2.512	-0.027	-0.033	2.073	2.071	-0.069	-0.031	2.309	2.308	-0.072
0.037	2.514	2.514	-0.044	-0.033	2.031	2.030	-0.066	-0.030	2.297	2.296	-0.070
0.029	2.506	2.506	0.047	-0.032	2.011	2.010	-0.065	-0.030	2.286	2.285	-0.068
0.022	2.499	2.499	-0.023	-0.032	2.011	2.010	-0.065	-0.030	2.281	2.280	-0.068
0.016	2.496	2.496	-0.002	-0.032	2.011	2.010	-0.064	-0.029	2.278	2.277	-0.067
-0.005	2.494	2.487	0.186	-0.033	2.030	2.029	-0.066	-0.029	2.272	2.271	-0.067
0.000	2.491	2.482	0.210	-0.033	2.030	2.029	-0.066	-0.029	2.281	2.280	-0.067
