phi_u	d_u	x_u	y_u	phi_v	d_v	x_v	y_v	phi_f	d_f	x_f	y_f
0.457	1.275	1.229	0.340	-0.054	1.242	1.240	-0.067	-0.043	1.209	1.208	-0.052
0.457	1.275	1.229	0.340	-0.054	1.242	1.240	-0.067	-0.045	1.205	1.204	-0.054
0.427	1.276	1.256	0.224	-0.055	1.226	1.224	-0.067	-0.047	1.199	1.198	-0.056
0.389	1.280	1.267	0.180	-0.055	1.226	1.224	-0.067	-0.047	1.201	1.200	-0.056
0.129	1.300	1.296	0.097	-0.055	1.226	1.224	-0.067	-0.047	1.198	1.197	-0.056
0.109	1.303	1.294	0.155	-0.055	1.226	1.224	-0.068	-0.048	1.217	1.216	-0.058
0.101	1.291	1.274	0.210	-0.055	1.226	1.224	-0.068	-0.047	1.209	1.208	-0.057
0.097	1.287	1.274	0.179	-0.055	1.226	1.224	-0.068	-0.048	1.206	1.205	-0.058
0.097	1.287	1.274	0.179	-0.055	1.226	1.224	-0.068	-0.047	1.205	1.204	-0.057
0.096	1.279	1.267	0.170	-0.055	1.226	1.224	-0.068	-0.048	1.200	1.199	-0.057
0.097	1.267	1.254	0.186	-0.055	1.226	1.224	-0.068	-0.048	1.193	1.192	-0.057
0.108	1.257	1.236	0.230	-0.055	1.226	1.224	-0.068	-0.047	1.186	1.185	-0.056
0.139	1.261	1.232	0.264	-0.055	1.225	1.224	-0.067	-0.046	1.188	1.187	-0.055
0.151	1.275	1.269	0.124	-0.054	1.225	1.223	-0.066	-0.047	1.191	1.190	-0.056
0.150	1.273	1.262	0.169	-0.054	1.225	1.223	-0.066	-0.047	1.196	1.195	-0.056
0.154	1.269	1.249	0.221	-0.054	1.225	1.223	-0.066	-0.046	1.193	1.192	-0.055
0.161	1.272	1.247	0.252	-0.054	1.225	1.223	-0.066	-0.046	1.196	1.195	-0.055
0.167	1.270	1.235	0.295	-0.054	1.218	1.216	-0.066	-0.045	1.193	1.192	-0.054
0.172	1.273	1.236	0.303	-0.055	1.210	1.209	-0.066	-0.046	1.192	1.191	-0.055
0.178	1.272	1.247	0.247	-0.055	1.210	1.209	-0.066	-0.046	1.194	1.193	-0.055
0.179	1.271	1.254	0.210	-0.054	1.218	1.216	-0.066	-0.046	1.193	1.192	-0.055
0.199	1.264	1.225	0.315	-0.052	1.225	1.223	-0.063	-0.046	1.192	1.191	-0.055
0.212	1.262	1.220	0.323	-0.051	1.225	1.223	-0.063	-0.043	1.190	1.189	-0.051
0.229	1.252	1.220	0.278	-0.050	1.217	1.216	-0.060	-0.041	1.186	1.185	-0.049
0.226	1.250	1.221	0.269	-0.050	1.210	1.208	-0.060	-0.042	1.177	1.176	-0.049
0.225	1.245	1.211	0.288	-0.050	1.209	1.208	-0.060	-0.042	1.173	1.172	-0.049
0.226	1.239	1.201	0.302	-0.050	1.209	1.208	-0.060	-0.042	1.169	1.168	-0.049
0.234	1.244	1.198	0.335	-0.050	1.209	1.208	-0.060	-0.041	1.173	1.172	-0.048
0.247	1.246	1.201	0.329	-0.050	1.209	1.208	-0.060	-0.041	1.175	1.174	-0.048
0.248	1.234	1.188	0.333	-0.051	1.209	1.207	-0.061	-0.042	1.166	1.165	-0.049
0.249	1.232	1.188	0.326	-0.052	1.194	1.192	-0.062	-0.043	1.160	1.159	-0.050
0.252	1.225	1.177	0.339	-0.052	1.194	1.192	-0.062	-0.043	1.156	1.155	-0.050
0.257	1.225	1.170	0.364	-0.054	1.171	1.170	-0.063	-0.044	1.149	1.148	-0.051
0.262	1.233	1.184	0.344	-0.054	1.164	1.162	-0.063	-0.044	1.152	1.151	-0.051
0.264	1.240	1.202	0.305	-0.054	1.164	1.162	-0.063	-0.045	1.156	1.155	-0.052
0.261	1.255	1.230	0.248	-0.055	1.150	1.148	-0.063	-0.046	1.160	1.159	-0.053
0.255	1.257	1.231	0.255	-0.055	1.150	1.148	-0.063	-0.046	1.162	1.161	-0.054
0.248	1.248	1.219	0.266	-0.058	1.136	1.134	-0.066	-0.049	1.151	1.150	-0.056
0.242	1.246	1.212	0.290	-0.060	1.136	1.134	-0.068	-0.050	1.150	1.149	-0.058
0.239	1.245	1.201	0.329	-0.060	1.136	1.134	-0.068	-0.050	1.140	1.139	-0.057
0.238	1.253	1.217	0.297	-0.060	1.136	1.134	-0.068	-0.050	1.155	1.154	-0.058
0.236	1.261	1.235	0.255	-0.062	1.136	1.134	-0.071	-0.053	1.161	1.159	-0.061
0.232	1.268	1.252	0.197	-0.062	1.136	1.134	-0.071	-0.053	1.164	1.162	-0.062
0.226	1.267	1.257	0.159	-0.066	1.136	1.134	-0.074	-0.057	1.164	1.162	-0.066
0.219	1.263	1.253	0.160	-0.066	1.136	1.134	-0.074	-0.057	1.161	1.159	-0.066
0.212	1.246	1.231	0.192	-0.068	1.136	1.134	-0.077	-0.058	1.150	1.148	-0.067
0.204	1.238	1.221	0.209	-0.075	1.137	1.134	-0.085	-0.065	1.145	1.143	-0.074
0.195	1.248	1.231	0.206	-0.075	1.137	1.134	-0.085	-0.064	1.151	1.149	-0.074
0.180	1.254	1.231	0.237	-0.075	1.137	1.134	-0.085	-0.064	1.155	1.153	-0.074
0.175	1.243	1.211	0.277	-0.075	1.137	1.134	-0.085	-0.064	1.148	1.146	-0.073
0.173	1.233	1.206	0.257	-0.075	1.137	1.134	-0.085	-0.064	1.141	1.139	-0.073
0.177	1.236	1.210	0.252	-0.075	1.137	1.134	-0.085	-0.064	1.143	1.141	-0.073
0.189	1.248	1.204	0.330	-0.075	1.137	1.134	-0.085	-0.063	1.153	1.151	-0.073
0.203	1.248	1.201	0.339	-0.075	1.137	1.134	-0.085	-0.063	1.153	1.151	-0.073
0.217	1.250	1.196	0.364	-0.070	1.130	1.127	-0.079	-0.058	1.153	1.151	-0.067
0.228	1.241	1.198	0.322	-0.070	1.130	1.127	-0.079	-0.058	1.146	1.144	-0.067
0.239	1.234	1.180	0.363	-0.070	1.130	1.127	-0.079	-0.059	1.142	1.140	-0.067
0.250	1.222	1.165	0.368	-0.070	1.130	1.127	-0.079	-0.058	1.134	1.132	-0.066
0.255	1.214	1.173	0.313	-0.070	1.124	1.121	-0.079	-0.059	1.125	1.123	-0.066
0.269	1.229	1.186	0.323	-0.070	1.123	1.121	-0.079	-0.059	1.136	1.134	-0.067
0.274	1.237	1.200	0.297	-0.070	1.123	1.121	-0.079	-0.059	1.140	1.138	-0.067
0.272	1.234	1.207	0.257	-0.070	1.123	1.121	-0.079	-0.060	1.138	1.136	-0.068
0.267	1.210	1.178	0.277	-0.070	1.123	1.120	-0.079	-0.059	1.122	1.120	-0.066
0.261	1.206	1.176	0.266	-0.070	1.123	1.120	-0.079	-0.059	1.119	1.117	-0.066
0.255	1.210	1.182	0.257	-0.068	1.123	1.120	-0.076	-0.057	1.122	1.120	-0.064
0.248	1.220	1.191	0.264	-0.068	1.123	1.120	-0.076	-0.057	1.129	1.127	-0.064
0.226	1.229	1.190	0.304	-0.065	1.123	1.121	-0.073	-0.056	1.134	1.132	-0.063
0.224	1.234	1.190	0.324	-0.065	1.123	1.121	-0.073	-0.054	1.139	1.137	-0.062
0.232	1.233	1.184	0.343	-0.065	1.123	1.121	-0.073	-0.054	1.139	1.137	-0.062
0.239	1.233	1.188	0.328	-0.060	1.123	1.121	-0.068	-0.053	1.138	1.136	-0.060
0.239	1.235	1.207	0.258	-0.060	1.123	1.121	-0.068	-0.051	1.138	1.137	-0.058
0.235	1.237	1.213	0.242	-0.060	1.123	1.121	-0.068	-0.051	1.139	1.138	-0.058
0.240	1.224	1.178	0.333	-0.060	1.123	1.120	-0.068	-0.050	1.135	1.134	-0.057
0.240	1.224	1.178	0.333	-0.060	1.123	1.120	-0.068	-0.050	1.132	1.131	-0.057
0.250	1.218	1.157	0.380	-0.060	1.122	1.120	-0.067	-0.050	1.128	1.127	-0.056
0.260	1.230	1.166	0.391	-0.061	1.110	1.108	-0.067	-0.049	1.133	1.132	-0.056
0.264	1.243	1.202	0.314	-0.061	1.110	1.108	-0.067	-0.051	1.140	1.139	-0.058
0.238	1.241	1.215	0.251	-0.060	1.097	1.095	-0.066	-0.052	1.141	1.139	-0.059
0.238	1.235	1.202	0.284	-0.060	1.097	1.095	-0.066	-0.050	1.130	1.129	-0.057
0.245	1.229	1.185	0.329	-0.060	1.097	1.095	-0.066	-0.050	1.127	1.126	-0.056
0.256	1.216	1.174	0.314	-0.060	1.097	1.095	-0.066	-0.050	1.121	1.120	-0.056
0.256	1.216	1.174	0.314	-0.060	1.097	1.095	-0.066	-0.050	1.121	1.120	-0.056
0.245	1.224	1.187	0.302	-0.060	1.097	1.095	-0.066	-0.050	1.124	1.123	-0.056
0.245	1.224	1.187	0.302	-0.060	1.097	1.095	-0.066	-0.050	1.123	1.122	-0.056
0.248	1.245	1.214	0.273	-0.060	1.097	1.095	-0.066	-0.051	1.123	1.122	-0.057
0.248	1.245	1.214	0.273	-0.060	1.097	1.095	-0.066	-0.050	1.136	1.135	-0.057
0.252	1.243	1.213	0.273	-0.060	1.097	1.095	-0.066	-0.050	1.136	1.135	-0.057
0.253	1.237	1.210	0.256	-0.060	1.097	1.095	-0.066	-0.050	1.131	1.130	-0.057
0.237	1.226	1.203	0.236	-0.060	1.097	1.095	-0.066	-0.051	1.119	1.118	-0.057
0.237	1.226	1.203	0.236	-0.063	1.110	1.108	-0.070	-0.053	1.128	1.126	-0.060
0.197	1.226	1.195	0.276	-0.065	1.136	1.134	-0.074	-0.054	1.129	1.127	-0.061
0.197	1.222	1.194	0.261	-0.065	1.136	1.134	-0.074	-0.055	1.136	1.134	-0.063
0.197	1.222	1.194	0.261	-0.065	1.136	1.134	-0.074	-0.055	1.135	1.133	-0.062
0.196	1.214	1.183	0.275	-0.065	1.136	1.134	-0.074	-0.056	1.128	1.126	-0.063
0.196	1.214	1.183	0.275	-0.065	1.136	1.134	-0.074	-0.055	1.130	1.128	-0.062
0.200	1.223	1.191	0.279	-0.065	1.136	1.134	-0.074	-0.055	1.136	1.134	-0.062
0.206	1.237	1.206	0.277	-0.065	1.136	1.134	-0.074	-0.055	1.145	1.143	-0.063
0.220	1.246	1.223	0.237	-0.065	1.136	1.134	-0.074	-0.055	1.150	1.148	-0.063
0.222	1.235	1.213	0.234	-0.065	1.136	1.134	-0.074	-0.056	1.150	1.148	-0.064
0.216	1.241	1.219	0.235	-0.065	1.136	1.134	-0.074	-0.055	1.147	1.145	-0.063
0.212	1.236	1.206	0.270	-0.065	1.136	1.134	-0.074	-0.055	1.144	1.142	-0.063
0.214	1.230	1.199	0.272	-0.070	1.137	1.134	-0.080	-0.060	1.139	1.137	-0.068
0.216	1.234	1.206	0.263	-0.070	1.137	1.134	-0.080	-0.060	1.143	1.141	-0.068
0.217	1.228	1.199	0.264	-0.072	1.137	1.134	-0.082	-0.062	1.138	1.136	-0.070
0.215	1.233	1.205	0.258	-0.072	1.137	1.134	-0.082	-0.061	1.141	1.139	-0.070
0.214	1.246	1.216	0.270	-0.074	1.137	1.134	-0.085	-0.064	1.150	1.148	-0.073
0.202	1.258	1.246	0.171	-0.074	1.137	1.134	-0.085	-0.064	1.155	1.153	-0.074
0.202	1.258	1.246	0.171	-0.075	1.131	1.128	-0.085	-0.065	1.155	1.153	-0.075
0.201	1.245	1.212	0.283	-0.075	1.131	1.128	-0.085	-0.064	1.151	1.149	-0.074
0.204	1.245	1.211	0.290	-0.075	1.131	1.128	-0.085	-0.064	1.148	1.146	-0.073
0.202	1.230	1.205	0.248	-0.075	1.124	1.121	-0.085	-0.064	1.139	1.137	-0.073
0.202	1.230	1.205	0.248	-0.075	1.124	1.121	-0.085	-0.064	1.135	1.133	-0.073
0.195	1.230	1.209	0.224	-0.075	1.124	1.121	-0.085	-0.064	1.135	1.133	-0.073
0.195	1.230	1.209	0.224	-0.075	1.124	1.121	-0.085	-0.064	1.135	1.133	-0.073
0.187	1.231	1.211	0.220	-0.075	1.124	1.121	-0.084	-0.064	1.139	1.137	-0.073
0.188	1.232	1.217	0.189	-0.075	1.124	1.120	-0.085	-0.064	1.139	1.137	-0.073
0.188	1.232	1.217	0.189	-0.075	1.123	1.120	-0.085	-0.064	1.135	1.133	-0.073
0.180	1.232	1.218	0.190	-0.075	1.123	1.120	-0.085	-0.065	1.136	1.134	-0.074
0.172	1.227	1.208	0.215	-0.075	1.123	1.120	-0.085	-0.065	1.132	1.130	-0.073
0.183	1.217	1.169	0.338	-0.076	1.123	1.120	-0.085	-0.063	1.136	1.134	-0.072
0.195	1.230	1.184	0.334	-0.077	1.123	1.120	-0.086	-0.064	1.136	1.134	-0.073
0.204	1.238	1.208	0.269	-0.077	1.123	1.120	-0.086	-0.065	1.140	1.138	-0.074
0.204	1.236	1.222	0.189	-0.077	1.124	1.120	-0.086	-0.066	1.139	1.137	-0.075
0.203	1.232	1.219	0.179	-0.077	1.124	1.120	-0.086	-0.066	1.135	1.133	-0.075
0.204	1.229	1.207	0.234	-0.077	1.131	1.127	-0.087	-0.066	1.137	1.135	-0.075
0.206	1.226	1.197	0.262	-0.077	1.138	1.134	-0.087	-0.065	1.136	1.134	-0.074
0.210	1.236	1.211	0.243	-0.077	1.138	1.135	-0.087	-0.066	1.143	1.141	-0.075
0.213	1.239	1.210	0.268	-0.077	1.138	1.135	-0.087	-0.065	1.146	1.144	-0.075
0.202	1.263	1.243	0.222	-0.077	1.138	1.135	-0.087	-0.065	1.161	1.159	-0.076
0.190	1.264	1.245	0.213	-0.077	1.138	1.135	-0.087	-0.065	1.161	1.159	-0.076
0.183	1.254	1.234	0.223	-0.077	1.138	1.135	-0.087	-0.066	1.156	1.153	-0.076
0.181	1.248	1.231	0.203	-0.077	1.138	1.135	-0.087	-0.066	1.152	1.149	-0.076
0.181	1.246	1.231	0.190	-0.077	1.138	1.135	-0.087	-0.066	1.150	1.147	-0.076
0.179	1.235	1.222	0.182	-0.077	1.138	1.135	-0.087	-0.066	1.142	1.140	-0.075
0.175	1.239	1.226	0.181	-0.076	1.138	1.135	-0.086	-0.066	1.145	1.143	-0.075
0.171	1.240	1.228	0.177	-0.075	1.138	1.135	-0.085	-0.065	1.146	1.144	-0.074
0.163	1.247	1.237	0.154	-0.075	1.138	1.135	-0.085	-0.065	1.150	1.148	-0.075
0.156	1.249	1.241	0.146	-0.075	1.138	1.135	-0.085	-0.065	1.152	1.150	-0.075
0.151	1.251	1.237	0.187	-0.074	1.138	1.135	-0.084	-0.063	1.153	1.151	-0.073
0.150	1.243	1.216	0.256	-0.074	1.138	1.135	-0.084	-0.063	1.148	1.146	-0.072
0.162	1.240	1.207	0.281	-0.072	1.131	1.128	-0.081	-0.061	1.147	1.145	-0.070
0.162	1.240	1.207	0.281	-0.072	1.131	1.128	-0.081	-0.061	1.144	1.142	-0.070
0.170	1.243	1.212	0.272	-0.072	1.131	1.128	-0.081	-0.061	1.146	1.144	-0.070
0.175	1.232	1.209	0.238	-0.072	1.131	1.128	-0.081	-0.061	1.139	1.137	-0.070
0.176	1.234	1.214	0.223	-0.072	1.131	1.128	-0.081	-0.061	1.140	1.138	-0.070
0.183	1.230	1.205	0.245	-0.074	1.131	1.128	-0.084	-0.063	1.137	1.135	-0.072
0.195	1.232	1.196	0.296	-0.075	1.138	1.135	-0.085	-0.063	1.142	1.140	-0.072
0.205	1.233	1.198	0.289	-0.075	1.138	1.135	-0.085	-0.063	1.142	1.140	-0.072
0.214	1.237	1.206	0.275	-0.074	1.138	1.135	-0.084	-0.062	1.145	1.143	-0.071
0.212	1.238	1.224	0.188	-0.074	1.138	1.135	-0.084	-0.063	1.145	1.143	-0.072
0.207	1.235	1.215	0.222	-0.074	1.138	1.135	-0.084	-0.063	1.143	1.141	-0.072
0.203	1.235	1.215	0.222	-0.073	1.138	1.135	-0.083	-0.062	1.143	1.141	-0.071
0.201	1.238	1.218	0.220	-0.071	1.151	1.149	-0.081	-0.061	1.141	1.139	-0.070
0.197	1.248	1.233	0.193	-0.071	1.151	1.149	-0.081	-0.060	1.149	1.147	-0.069
0.197	1.248	1.233	0.193	-0.071	1.151	1.149	-0.081	-0.061	1.156	1.154	-0.070
0.192	1.249	1.223	0.254	-0.070	1.165	1.162	-0.081	-0.061	1.157	1.155	-0.070
0.189	1.244	1.217	0.257	-0.070	1.165	1.162	-0.081	-0.060	1.158	1.156	-0.069
0.188	1.241	1.208	0.288	-0.070	1.165	1.162	-0.081	-0.059	1.157	1.155	-0.068
0.189	1.242	1.213	0.263	-0.069	1.165	1.163	-0.080	-0.059	1.156	1.154	-0.068
0.193	1.237	1.217	0.222	-0.069	1.165	1.163	-0.080	-0.059	1.153	1.151	-0.068
0.195	1.230	1.203	0.254	-0.069	1.151	1.149	-0.080	-0.058	1.148	1.146	-0.067
0.196	1.236	1.216	0.218	-0.069	1.151	1.149	-0.080	-0.059	1.147	1.145	-0.068
0.194	1.236	1.222	0.187	-0.070	1.137	1.135	-0.080	-0.059	1.151	1.149	-0.068
0.193	1.233	1.213	0.220	-0.070	1.137	1.135	-0.080	-0.060	1.141	1.139	-0.068
0.193	1.229	1.197	0.279	-0.070	1.137	1.135	-0.080	-0.060	1.139	1.137	-0.068
0.191	1.230	1.205	0.242	-0.070	1.138	1.135	-0.080	-0.060	1.139	1.137	-0.068
0.189	1.228	1.207	0.224	-0.070	1.138	1.135	-0.080	-0.060	1.138	1.136	-0.068
0.189	1.235	1.212	0.234	-0.069	1.151	1.149	-0.080	-0.059	1.147	1.145	-0.068
0.187	1.228	1.209	0.215	-0.070	1.138	1.135	-0.080	-0.060	1.138	1.136	-0.068
0.191	1.243	1.221	0.237	-0.070	1.137	1.135	-0.079	-0.060	1.149	1.147	-0.069
0.197	1.254	1.239	0.196	-0.070	1.137	1.134	-0.079	-0.059	1.149	1.147	-0.068
0.199	1.249	1.229	0.225	-0.070	1.137	1.134	-0.079	-0.060	1.152	1.150	-0.069
0.199	1.259	1.235	0.246	-0.070	1.137	1.134	-0.079	-0.059	1.159	1.157	-0.068
0.199	1.259	1.235	0.246	-0.070	1.131	1.128	-0.079	-0.060	1.159	1.157	-0.069
0.200	1.247	1.222	0.249	-0.070	1.131	1.128	-0.079	-0.060	1.149	1.147	-0.069
0.198	1.246	1.221	0.250	-0.070	1.131	1.128	-0.079	-0.060	1.149	1.147	-0.069
0.197	1.244	1.229	0.191	-0.070	1.131	1.128	-0.079	-0.060	1.146	1.144	-0.069
0.195	1.245	1.215	0.272	-0.071	1.124	1.121	-0.080	-0.060	1.145	1.143	-0.069
0.198	1.246	1.215	0.276	-0.071	1.124	1.121	-0.080	-0.060	1.146	1.144	-0.069
0.198	1.246	1.215	0.276	-0.071	1.124	1.121	-0.080	-0.060	1.146	1.144	-0.069
0.202	1.238	1.219	0.216	-0.071	1.124	1.121	-0.080	-0.060	1.141	1.139	-0.068
0.199	1.241	1.222	0.217	-0.070	1.124	1.121	-0.079	-0.060	1.142	1.140	-0.069
0.198	1.249	1.222	0.256	-0.070	1.124	1.121	-0.079	-0.060	1.148	1.146	-0.069
0.198	1.246	1.219	0.255	-0.070	1.130	1.128	-0.080	-0.060	1.148	1.146	-0.069
0.203	1.246	1.216	0.273	-0.070	1.130	1.128	-0.080	-0.060	1.149	1.147	-0.069
0.205	1.248	1.228	0.221	-0.070	1.137	1.134	-0.080	-0.060	1.151	1.149	-0.069
0.204	1.243	1.229	0.187	-0.072	1.137	1.134	-0.082	-0.063	1.148	1.146	-0.072
0.200	1.241	1.218	0.236	-0.072	1.137	1.134	-0.082	-0.062	1.147	1.145	-0.071
0.196	1.238	1.214	0.244	-0.075	1.138	1.134	-0.085	-0.064	1.145	1.143	-0.073
0.201	1.235	1.206	0.262	-0.072	1.137	1.134	-0.082	-0.062	1.147	1.145	-0.071
0.200	1.244	1.205	0.309	-0.075	1.137	1.134	-0.085	-0.064	1.147	1.145	-0.073
0.200	1.244	1.205	0.309	-0.075	1.137	1.134	-0.085	-0.064	1.147	1.145	-0.073
0.208	1.253	1.196	0.375	-0.072	1.137	1.134	-0.082	-0.061	1.157	1.155	-0.070
0.221	1.246	1.190	0.369	-0.072	1.137	1.134	-0.082	-0.060	1.152	1.150	-0.069
0.233	1.240	1.186	0.362	-0.072	1.137	1.134	-0.082	-0.060	1.148	1.146	-0.069
0.239	1.242	1.206	0.297	-0.072	1.137	1.134	-0.082	-0.061	1.148	1.146	-0.070
0.232	1.252	1.232	0.221	-0.072	1.137	1.134	-0.082	-0.061	1.148	1.146	-0.070
0.232	1.252	1.232	0.221	-0.070	1.137	1.134	-0.079	-0.060	1.154	1.152	-0.069
0.226	1.257	1.243	0.186	-0.070	1.137	1.134	-0.079	-0.060	1.157	1.155	-0.069
0.217	1.230	1.210	0.219	-0.070	1.136	1.134	-0.079	-0.059	1.146	1.144	-0.068
0.189	1.248	1.229	0.217	-0.068	1.136	1.134	-0.077	-0.060	1.139	1.137	-0.068
0.178	1.253	1.226	0.262	-0.068	1.136	1.134	-0.077	-0.058	1.156	1.154	-0.067
0.174	1.251	1.228	0.241	-0.067	1.136	1.134	-0.076	-0.056	1.154	1.152	-0.065
0.176	1.242	1.206	0.294	-0.067	1.136	1.134	-0.076	-0.056	1.148	1.146	-0.064
0.179	1.241	1.219	0.231	-0.067	1.136	1.134	-0.076	-0.057	1.146	1.144	-0.065
0.183	1.244	1.215	0.267	-0.067	1.136	1.134	-0.076	-0.057	1.149	1.147	-0.065
0.193	1.253	1.217	0.297	-0.067	1.136	1.134	-0.076	-0.056	1.155	1.153	-0.065
0.208	1.256	1.224	0.281	-0.067	1.136	1.134	-0.076	-0.056	1.159	1.157	-0.065
0.208	1.256	1.224	0.281	-0.068	1.129	1.127	-0.077	-0.058	1.155	1.153	-0.067
0.231	1.242	1.198	0.328	-0.070	1.129	1.126	-0.079	-0.059	1.152	1.150	-0.068
0.236	1.245	1.208	0.302	-0.071	1.135	1.133	-0.080	-0.060	1.150	1.148	-0.069
0.237	1.249	1.219	0.276	-0.071	1.135	1.133	-0.080	-0.060	1.153	1.151	-0.069
0.245	1.256	1.222	0.291	-0.073	1.134	1.131	-0.083	-0.062	1.153	1.151	-0.071
0.244	1.244	1.210	0.288	-0.074	1.134	1.131	-0.084	-0.063	1.148	1.146	-0.072
0.245	1.245	1.195	0.347	-0.075	1.134	1.131	-0.085	-0.064	1.145	1.143	-0.073
0.245	1.245	1.195	0.347	-0.075	1.134	1.131	-0.085	-0.063	1.149	1.147	-0.072
0.244	1.252	1.212	0.312	-0.075	1.134	1.131	-0.085	-0.063	1.151	1.149	-0.073
0.244	1.252	1.212	0.312	-0.076	1.134	1.131	-0.086	-0.064	1.154	1.152	-0.074
0.256	1.267	1.199	0.411	-0.076	1.134	1.131	-0.086	-0.063	1.166	1.164	-0.074
0.271	1.255	1.196	0.380	-0.077	1.134	1.130	-0.087	-0.064	1.164	1.162	-0.075
0.278	1.250	1.191	0.381	-0.079	1.134	1.130	-0.090	-0.067	1.155	1.152	-0.077
0.283	1.254	1.203	0.353	-0.079	1.134	1.130	-0.090	-0.067	1.157	1.154	-0.077
0.286	1.259	1.204	0.369	-0.079	1.134	1.130	-0.090	-0.066	1.161	1.158	-0.077
0.287	1.259	1.222	0.302	-0.079	1.134	1.130	-0.090	-0.067	1.159	1.156	-0.078
0.262	1.263	1.247	0.200	-0.080	1.127	1.124	-0.090	-0.068	1.165	1.162	-0.079
0.262	1.263	1.247	0.200	-0.080	1.127	1.124	-0.090	-0.068	1.159	1.156	-0.079
0.248	1.263	1.242	0.227	-0.080	1.127	1.124	-0.090	-0.068	1.159	1.156	-0.079
0.233	1.252	1.214	0.307	-0.080	1.127	1.124	-0.090	-0.068	1.153	1.150	-0.078
0.228	1.248	1.209	0.312	-0.080	1.128	1.124	-0.090	-0.068	1.150	1.147	-0.078
0.224	1.258	1.219	0.313	-0.080	1.134	1.131	-0.090	-0.067	1.159	1.156	-0.078
0.228	1.249	1.197	0.356	-0.080	1.134	1.131	-0.090	-0.067	1.162	1.159	-0.078
0.228	1.249	1.197	0.356	-0.080	1.134	1.131	-0.090	-0.067	1.162	1.159	-0.078
0.239	1.252	1.231	0.232	-0.072	1.134	1.131	-0.082	-0.067	1.154	1.151	-0.077
0.239	1.252	1.231	0.232	-0.072	1.134	1.131	-0.082	-0.067	1.154	1.151	-0.077
0.233	1.257	1.225	0.280	-0.072	1.134	1.131	-0.082	-0.061	1.157	1.155	-0.071
0.228	1.258	1.216	0.321	-0.072	1.134	1.131	-0.082	-0.061	1.158	1.156	-0.071
0.224	1.261	1.229	0.281	-0.072	1.134	1.131	-0.082	-0.061	1.160	1.158	-0.071
0.223	1.258	1.226	0.283	-0.072	1.134	1.131	-0.082	-0.061	1.158	1.156	-0.071
0.225	1.249	1.209	0.311	-0.072	1.134	1.131	-0.082	-0.061	1.152	1.150	-0.070
0.230	1.248	1.206	0.321	-0.071	1.134	1.131	-0.081	-0.060	1.152	1.150	-0.069
0.234	1.245	1.207	0.305	-0.071	1.134	1.131	-0.081	-0.061	1.154	1.152	-0.070
0.236	1.244	1.222	0.234	-0.073	1.134	1.131	-0.082	-0.060	1.149	1.147	-0.069
0.236	1.250	1.228	0.231	-0.073	1.134	1.131	-0.082	-0.063	1.151	1.149	-0.072
0.234	1.258	1.230	0.264	-0.073	1.134	1.131	-0.082	-0.062	1.158	1.156	-0.072
0.229	1.252	1.223	0.267	-0.073	1.127	1.124	-0.082	-0.063	1.151	1.149	-0.072
0.229	1.242	1.206	0.297	-0.074	1.120	1.117	-0.082	-0.063	1.146	1.144	-0.072
0.229	1.242	1.206	0.297	-0.074	1.120	1.117	-0.082	-0.062	1.143	1.141	-0.071
0.223	1.248	1.212	0.297	-0.074	1.120	1.117	-0.082	-0.062	1.144	1.142	-0.071
0.219	1.250	1.225	0.250	-0.071	1.120	1.117	-0.079	-0.061	1.147	1.145	-0.070
0.219	1.250	1.225	0.250	-0.071	1.120	1.117	-0.079	-0.060	1.148	1.146	-0.069
0.222	1.246	1.212	0.289	-0.071	1.120	1.117	-0.079	-0.059	1.145	1.143	-0.068
0.225	1.247	1.215	0.280	-0.071	1.120	1.117	-0.079	-0.059	1.146	1.144	-0.068
0.233	1.240	1.191	0.347	-0.071	1.120	1.117	-0.079	-0.060	1.143	1.141	-0.068
0.237	1.246	1.191	0.366	-0.071	1.120	1.117	-0.079	-0.059	1.147	1.145	-0.068
0.244	1.252	1.206	0.336	-0.071	1.120	1.117	-0.079	-0.059	1.150	1.148	-0.068
0.250	1.244	1.192	0.354	-0.071	1.120	1.117	-0.079	-0.059	1.145	1.143	-0.068
0.259	1.231	1.194	0.302	-0.071	1.120	1.117	-0.079	-0.060	1.139	1.137	-0.068
0.259	1.231	1.194	0.302	-0.071	1.120	1.118	-0.079	-0.060	1.136	1.134	-0.068
0.263	1.227	1.184	0.322	-0.071	1.120	1.118	-0.079	-0.059	1.133	1.131	-0.067
0.275	1.243	1.186	0.373	-0.070	1.127	1.124	-0.079	-0.059	1.140	1.138	-0.067
0.275	1.243	1.186	0.373	-0.070	1.127	1.124	-0.079	-0.058	1.147	1.145	-0.067
0.282	1.245	1.195	0.348	-0.070	1.127	1.124	-0.079	-0.058	1.148	1.146	-0.067
0.284	1.255	1.199	0.370	-0.070	1.133	1.131	-0.079	-0.058	1.157	1.155	-0.067
0.286	1.236	1.160	0.425	-0.070	1.134	1.131	-0.079	-0.058	1.140	1.138	-0.066
0.302	1.242	1.197	0.332	-0.070	1.134	1.131	-0.079	-0.058	1.145	1.143	-0.066
0.302	1.242	1.197	0.332	-0.070	1.134	1.131	-0.079	-0.059	1.148	1.146	-0.068
0.300	1.241	1.201	0.311	-0.070	1.134	1.131	-0.079	-0.059	1.147	1.145	-0.068
0.294	1.242	1.215	0.258	-0.070	1.134	1.131	-0.079	-0.059	1.147	1.145	-0.068
0.278	1.220	1.187	0.279	-0.070	1.134	1.131	-0.079	-0.060	1.138	1.136	-0.068
0.278	1.220	1.187	0.279	-0.070	1.134	1.131	-0.079	-0.059	1.132	1.130	-0.067
0.275	1.226	1.196	0.268	-0.072	1.134	1.131	-0.082	-0.061	1.136	1.134	-0.069
0.268	1.247	1.196	0.353	-0.074	1.134	1.131	-0.084	-0.062	1.144	1.142	-0.071
0.259	1.250	1.211	0.308	-0.074	1.134	1.131	-0.084	-0.063	1.152	1.150	-0.072
0.249	1.247	1.208	0.309	-0.074	1.133	1.130	-0.084	-0.063	1.150	1.148	-0.072
0.247	1.247	1.194	0.359	-0.074	1.133	1.130	-0.084	-0.063	1.151	1.149	-0.072
0.250	1.240	1.188	0.354	-0.075	1.133	1.130	-0.084	-0.063	1.146	1.144	-0.072
0.256	1.242	1.195	0.339	-0.075	1.127	1.123	-0.085	-0.063	1.146	1.144	-0.072
0.258	1.248	1.217	0.272	-0.075	1.127	1.123	-0.085	-0.064	1.148	1.146	-0.073
0.257	1.241	1.216	0.251	-0.075	1.127	1.123	-0.085	-0.064	1.144	1.142	-0.073
0.255	1.251	1.228	0.241	-0.075	1.127	1.123	-0.085	-0.064	1.150	1.148	-0.074
0.248	1.249	1.220	0.269	-0.075	1.127	1.123	-0.085	-0.064	1.149	1.147	-0.073
0.245	1.243	1.210	0.284	-0.075	1.127	1.123	-0.085	-0.064	1.145	1.143	-0.073
0.243	1.241	1.207	0.285	-0.075	1.127	1.123	-0.085	-0.064	1.143	1.141	-0.073
0.238	1.241	1.224	0.206	-0.075	1.127	1.124	-0.085	-0.065	1.143	1.141	-0.074
0.226	1.249	1.230	0.215	-0.075	1.121	1.118	-0.085	-0.065	1.146	1.144	-0.074
0.212	1.243	1.230	0.180	-0.075	1.121	1.118	-0.085	-0.065	1.142	1.140	-0.074
0.207	1.240	1.214	0.249	-0.075	1.121	1.118	-0.085	-0.064	1.140	1.138	-0.073
0.204	1.232	1.209	0.239	-0.075	1.121	1.118	-0.085	-0.064	1.136	1.134	-0.073
0.202	1.228	1.202	0.250	-0.075	1.121	1.118	-0.085	-0.064	1.135	1.133	-0.073
0.202	1.228	1.202	0.250	-0.075	1.122	1.118	-0.085	-0.064	1.133	1.131	-0.073
0.199	1.228	1.196	0.275	-0.073	1.121	1.118	-0.082	-0.062	1.133	1.131	-0.070
0.196	1.233	1.208	0.250	-0.071	1.127	1.124	-0.079	-0.060	1.139	1.137	-0.068
0.192	1.253	1.225	0.262	-0.071	1.127	1.124	-0.079	-0.060	1.152	1.150	-0.069
0.191	1.256	1.225	0.279	-0.070	1.127	1.124	-0.079	-0.060	1.155	1.153	-0.069
0.228	1.257	1.188	0.411	-0.070	1.121	1.118	-0.079	-0.059	1.152	1.150	-0.068
0.228	1.257	1.188	0.411	-0.070	1.121	1.118	-0.079	-0.058	1.155	1.153	-0.067
0.241	1.257	1.195	0.391	-0.070	1.121	1.118	-0.079	-0.058	1.155	1.153	-0.067
0.253	1.260	1.193	0.406	-0.070	1.121	1.118	-0.079	-0.058	1.157	1.155	-0.067
0.261	1.251	1.195	0.369	-0.070	1.121	1.118	-0.079	-0.058	1.150	1.148	-0.067
0.301	1.236	1.137	0.484	-0.070	1.121	1.119	-0.079	-0.059	1.153	1.151	-0.068
0.333	1.232	1.111	0.531	-0.070	1.121	1.118	-0.079	-0.059	1.153	1.151	-0.068
0.351	1.242	1.100	0.577	-0.070	1.121	1.118	-0.079	0.524	1.099	0.952	0.550
0.362	1.240	1.138	0.491	-0.070	1.121	1.118	-0.079	0.442	1.093	0.988	0.467
0.375	1.247	1.147	0.490	-0.070	1.121	1.118	-0.079	0.438	1.101	0.997	0.467
0.388	1.246	1.140	0.503	-0.070	1.121	1.118	-0.079	0.451	1.100	0.990	0.479
0.396	1.256	1.177	0.438	-0.070	1.121	1.118	-0.079	-0.058	1.155	1.153	-0.067
0.404	1.263	1.198	0.398	-0.070	1.121	1.118	-0.079	-0.058	1.159	1.157	-0.067
0.405	1.255	1.183	0.417	-0.070	1.121	1.118	-0.079	-0.058	1.154	1.152	-0.067
0.402	1.244	1.151	0.473	-0.070	1.121	1.118	-0.079	-0.058	1.148	1.146	-0.066
0.400	1.237	1.128	0.505	-0.070	1.121	1.118	-0.079	0.457	1.091	0.979	0.481
0.398	1.236	1.091	0.580	-0.070	1.121	1.118	-0.079	0.529	1.094	0.944	0.552
0.390	1.230	1.149	0.439	-0.070	1.128	1.125	-0.079	-0.058	1.140	1.138	-0.066
0.383	1.239	1.174	0.396	-0.073	1.121	1.118	-0.082	-0.060	1.143	1.141	-0.069
0.373	1.245	1.189	0.367	-0.073	1.121	1.118	-0.082	-0.061	1.146	1.144	-0.070
0.367	1.246	1.184	0.387	-0.076	1.122	1.118	-0.085	-0.064	1.147	1.145	-0.073
0.364	1.236	1.182	0.361	-0.076	1.122	1.118	-0.085	-0.064	1.140	1.138	-0.073
0.364	1.234	1.172	0.386	-0.076	1.128	1.125	-0.085	-0.063	1.141	1.139	-0.072
0.359	1.229	1.177	0.355	-0.076	1.128	1.125	-0.085	-0.063	1.138	1.136	-0.072
0.345	1.236	1.188	0.343	-0.075	1.135	1.131	-0.085	-0.063	1.144	1.142	-0.072
0.328	1.234	1.173	0.384	-0.075	1.135	1.131	-0.085	-0.063	1.144	1.142	-0.072
0.317	1.242	1.169	0.418	-0.075	1.135	1.131	-0.085	-0.063	1.149	1.147	-0.072
0.308	1.243	1.174	0.407	-0.075	1.135	1.131	-0.085	-0.063	1.150	1.148	-0.072
0.307	1.242	1.184	0.375	-0.078	1.128	1.125	-0.088	-0.065	1.145	1.143	-0.074
0.307	1.242	1.184	0.375	-0.078	1.128	1.125	-0.088	-0.065	1.146	1.144	-0.075
0.302	1.246	1.211	0.293	-0.080	1.122	1.118	-0.089	-0.067	1.146	1.143	-0.077
0.295	1.244	1.204	0.313	-0.080	1.122	1.118	-0.089	-0.067	1.145	1.142	-0.077
0.288	1.244	1.205	0.309	-0.080	1.122	1.118	-0.089	-0.067	1.147	1.144	-0.077
0.284	1.247	1.207	0.313	-0.080	1.122	1.118	-0.089	-0.067	1.145	1.142	-0.077
0.272	1.248	1.199	0.348	-0.077	1.121	1.118	-0.087	-0.065	1.147	1.145	-0.075
0.272	1.248	1.199	0.348	-0.076	1.121	1.118	-0.085	-0.064	1.148	1.146	-0.073
0.267	1.248	1.196	0.355	-0.076	1.121	1.118	-0.085	-0.064	1.148	1.146	-0.073
0.266	1.237	1.181	0.367	-0.076	1.121	1.118	-0.085	-0.063	1.141	1.139	-0.072
0.273	1.218	1.158	0.379	-0.075	1.121	1.118	-0.084	-0.063	1.129	1.127	-0.071
0.283	1.220	1.148	0.410	-0.075	1.121	1.118	-0.084	-0.063	1.130	1.128	-0.071
0.294	1.227	1.135	0.468	-0.073	1.121	1.118	-0.082	-0.060	1.137	1.135	-0.068
0.304	1.231	1.161	0.409	-0.073	1.121	1.118	-0.082	-0.061	1.138	1.136	-0.069
0.313	1.242	1.172	0.410	-0.071	1.121	1.118	-0.079	-0.059	1.145	1.143	-0.067
0.322	1.244	1.164	0.439	-0.070	1.121	1.118	-0.079	-0.058	1.147	1.145	-0.066
0.331	1.246	1.169	0.433	-0.070	1.121	1.118	-0.079	-0.058	1.149	1.147	-0.067
0.340	1.236	1.148	0.457	-0.070	1.121	1.118	-0.079	-0.058	1.142	1.140	-0.066
0.351	1.219	1.134	0.446	-0.070	1.121	1.118	-0.079	-0.058	1.131	1.129	-0.066
0.351	1.219	1.134	0.446	-0.070	1.121	1.118	-0.079	-0.058	1.130	1.128	-0.065
0.357	1.221	1.130	0.463	-0.070	1.121	1.119	-0.078	-0.057	1.133	1.131	-0.064
0.370	1.228	1.106	0.533	-0.067	1.121	1.119	-0.075	0.487	1.083	0.957	0.507
0.380	1.233	1.100	0.556	-0.067	1.121	1.119	-0.075	0.507	1.089	0.952	0.529
0.401	1.236	1.117	0.529	-0.066	1.121	1.119	-0.074	0.502	1.094	0.959	0.527
0.401	1.236	1.117	0.529	-0.066	1.121	1.119	-0.074	0.480	1.091	0.968	0.504
0.405	1.236	1.137	0.484	-0.065	1.127	1.125	-0.074	-0.053	1.145	1.143	-0.061
0.407	1.231	1.140	0.462	-0.065	1.127	1.124	-0.074	-0.054	1.141	1.139	-0.061
0.408	1.221	1.148	0.418	-0.065	1.127	1.124	-0.074	-0.054	1.134	1.132	-0.061
0.409	1.215	1.129	0.447	-0.065	1.127	1.124	-0.073	-0.053	1.130	1.128	-0.060
0.411	1.216	1.134	0.437	-0.065	1.127	1.124	-0.073	-0.053	1.130	1.128	-0.060
0.373	1.225	1.181	0.325	-0.065	1.127	1.125	-0.073	-0.053	1.135	1.133	-0.060
0.357	1.225	1.169	0.365	-0.065	1.121	1.118	-0.073	-0.054	1.133	1.131	-0.061
0.342	1.257	1.185	0.419	-0.065	1.121	1.118	-0.073	-0.054	1.147	1.145	-0.062
0.342	1.257	1.185	0.419	-0.065	1.121	1.118	-0.073	-0.054	1.156	1.154	-0.062
0.336	1.251	1.197	0.362	-0.065	1.121	1.118	-0.073	-0.054	1.150	1.148	-0.062
0.320	1.236	1.177	0.375	-0.065	1.120	1.118	-0.073	-0.054	1.146	1.144	-0.062
0.317	1.236	1.167	0.405	-0.065	1.120	1.118	-0.073	-0.054	1.141	1.139	-0.061
0.319	1.241	1.165	0.428	-0.065	1.120	1.117	-0.073	-0.053	1.145	1.143	-0.061
0.339	1.244	1.149	0.477	-0.065	1.107	1.105	-0.072	-0.053	1.144	1.142	-0.061
0.342	1.242	1.164	0.433	-0.065	1.107	1.104	-0.072	-0.053	1.142	1.140	-0.061
0.338	1.244	1.182	0.388	-0.066	1.094	1.091	-0.072	-0.054	1.134	1.132	-0.061
0.341	1.246	1.183	0.391	-0.065	1.094	1.091	-0.072	-0.054	1.139	1.137	-0.061
0.344	1.248	1.182	0.401	-0.065	1.094	1.091	-0.072	-0.054	1.141	1.139	-0.061
0.337	1.242	1.181	0.386	-0.065	1.094	1.091	-0.072	-0.054	1.142	1.140	-0.062
0.332	1.241	1.153	0.459	-0.065	1.094	1.091	-0.071	-0.054	1.137	1.135	-0.061
0.339	1.244	1.142	0.495	-0.065	1.093	1.091	-0.071	-0.054	1.137	1.135	-0.061
0.347	1.241	1.148	0.472	-0.065	1.093	1.091	-0.071	-0.053	1.138	1.136	-0.060
0.354	1.235	1.134	0.487	-0.065	1.093	1.091	-0.071	-0.053	1.133	1.131	-0.060
0.379	1.243	1.141	0.492	-0.065	1.093	1.091	-0.071	0.451	1.085	0.977	0.473
0.387	1.253	1.136	0.528	-0.065	1.093	1.091	-0.071	-0.053	1.133	1.131	-0.060
0.394	1.242	1.134	0.505	-0.065	1.093	1.091	-0.071	0.454	1.096	0.985	0.481
0.398	1.229	1.135	0.472	-0.065	1.094	1.091	-0.071	-0.053	1.130	1.128	-0.060
0.398	1.225	1.145	0.437	-0.065	1.094	1.091	-0.071	-0.053	1.126	1.124	-0.060
0.387	1.233	1.172	0.384	-0.065	1.094	1.091	-0.071	-0.054	1.130	1.128	-0.061
0.378	1.226	1.177	0.343	-0.065	1.093	1.091	-0.071	-0.054	1.125	1.123	-0.061
0.369	1.226	1.169	0.367	-0.065	1.093	1.091	-0.071	-0.054	1.125	1.123	-0.061
0.359	1.219	1.155	0.388	-0.065	1.094	1.091	-0.071	-0.054	1.121	1.119	-0.060
0.352	1.225	1.159	0.394	-0.065	1.094	1.091	-0.071	-0.053	1.124	1.122	-0.060
0.341	1.235	1.188	0.337	-0.065	1.094	1.091	-0.071	-0.054	1.131	1.129	-0.061
0.311	1.253	1.207	0.336	-0.064	1.119	1.117	-0.071	-0.053	1.147	1.145	-0.061
0.308	1.249	1.203	0.337	-0.064	1.120	1.117	-0.071	-0.053	1.149	1.147	-0.061
0.308	1.238	1.172	0.399	-0.064	1.120	1.117	-0.071	-0.053	1.142	1.140	-0.060
0.313	1.246	1.170	0.428	-0.064	1.120	1.118	-0.071	-0.053	1.143	1.141	-0.060
0.313	1.246	1.170	0.428	-0.064	1.120	1.118	-0.071	-0.052	1.148	1.146	-0.060
0.316	1.241	1.181	0.382	-0.064	1.120	1.118	-0.071	-0.052	1.144	1.142	-0.060
0.315	1.237	1.173	0.391	-0.064	1.120	1.118	-0.071	-0.053	1.142	1.140	-0.060
0.315	1.237	1.173	0.391	-0.064	1.120	1.118	-0.071	-0.053	1.142	1.140	-0.060
0.311	1.240	1.181	0.377	-0.065	1.108	1.105	-0.071	-0.054	1.139	1.137	-0.061
0.314	1.241	1.174	0.401	-0.065	1.108	1.105	-0.071	-0.054	1.140	1.138	-0.061
0.319	1.253	1.188	0.397	-0.065	1.108	1.105	-0.071	-0.053	1.148	1.146	-0.061
0.324	1.246	1.194	0.357	-0.065	1.108	1.105	-0.072	-0.054	1.143	1.141	-0.062
0.322	1.253	1.192	0.386	-0.065	1.108	1.105	-0.072	-0.054	1.148	1.146	-0.062
0.318	1.256	1.195	0.385	-0.067	1.095	1.093	-0.073	-0.055	1.146	1.144	-0.063
0.319	1.247	1.176	0.413	-0.068	1.095	1.093	-0.075	-0.057	1.140	1.138	-0.065
0.319	1.247	1.176	0.413	-0.068	1.095	1.093	-0.075	-0.056	1.140	1.138	-0.064
0.321	1.245	1.165	0.438	-0.070	1.095	1.093	-0.077	-0.058	1.139	1.137	-0.066
0.324	1.246	1.180	0.400	-0.070	1.095	1.093	-0.077	-0.058	1.139	1.137	-0.066
0.320	1.246	1.195	0.353	-0.070	1.095	1.093	-0.077	-0.059	1.139	1.137	-0.067
0.314	1.247	1.207	0.315	-0.070	1.095	1.093	-0.077	-0.059	1.139	1.137	-0.067
0.310	1.246	1.200	0.336	-0.070	1.095	1.093	-0.077	-0.059	1.138	1.136	-0.067
0.311	1.251	1.186	0.396	-0.070	1.095	1.093	-0.077	-0.059	1.142	1.140	-0.067
0.320	1.250	1.179	0.416	-0.070	1.096	1.093	-0.077	-0.058	1.143	1.141	-0.066
0.324	1.255	1.177	0.437	-0.070	1.096	1.093	-0.077	-0.058	1.147	1.145	-0.066
0.328	1.255	1.161	0.477	-0.070	1.096	1.093	-0.077	-0.058	1.148	1.146	-0.066
0.336	1.255	1.135	0.534	-0.070	1.096	1.093	-0.077	0.477	1.110	0.986	0.509
0.347	1.247	1.115	0.559	-0.070	1.096	1.093	-0.077	0.503	1.104	0.967	0.532
0.361	1.252	1.135	0.529	-0.070	1.096	1.093	-0.077	0.473	1.107	0.986	0.504
0.378	1.255	1.146	0.512	-0.070	1.096	1.093	-0.077	0.455	1.110	0.997	0.488
0.392	1.250	1.153	0.484	-0.069	1.096	1.093	-0.075	-0.056	1.145	1.143	-0.064
0.396	1.248	1.178	0.411	-0.066	1.096	1.093	-0.072	-0.054	1.141	1.139	-0.062
0.395	1.256	1.183	0.420	-0.066	1.096	1.093	-0.072	-0.054	1.147	1.145	-0.062
0.391	1.263	1.210	0.362	-0.065	1.096	1.093	-0.072	-0.054	1.151	1.149	-0.062
0.386	1.264	1.192	0.419	-0.065	1.096	1.093	-0.072	-0.054	1.152	1.150	-0.062
0.375	1.260	1.173	0.462	-0.065	1.096	1.093	-0.072	-0.053	1.151	1.149	-0.061
0.368	1.267	1.172	0.482	-0.065	1.096	1.094	-0.072	-0.053	1.156	1.154	-0.061
0.359	1.266	1.190	0.432	-0.065	1.096	1.094	-0.072	-0.054	1.154	1.152	-0.062
0.350	1.262	1.192	0.412	-0.065	1.096	1.094	-0.072	-0.054	1.151	1.149	-0.062
0.311	1.259	1.238	0.229	-0.065	1.096	1.094	-0.072	-0.055	1.151	1.149	-0.063
0.311	1.259	1.238	0.229	-0.065	1.096	1.094	-0.072	-0.055	1.148	1.146	-0.063
0.300	1.265	1.240	0.250	-0.065	1.096	1.094	-0.072	-0.056	1.150	1.148	-0.064
0.262	1.255	1.202	0.362	-0.066	1.097	1.094	-0.072	-0.055	1.155	1.153	-0.063
0.262	1.255	1.202	0.362	-0.066	1.097	1.094	-0.072	-0.055	1.155	1.153	-0.063
0.290	1.261	1.181	0.443	-0.066	1.097	1.094	-0.072	-0.054	1.144	1.142	-0.062
0.325	1.228	1.140	0.456	-0.066	1.097	1.094	-0.072	-0.054	1.151	1.149	-0.062
0.333	1.229	1.143	0.451	-0.066	1.097	1.094	-0.072	-0.053	1.129	1.127	-0.060
0.339	1.234	1.169	0.397	-0.066	1.097	1.094	-0.072	-0.053	1.130	1.128	-0.060
0.343	1.230	1.180	0.350	-0.063	1.096	1.094	-0.069	-0.052	1.133	1.131	-0.059
0.347	1.240	1.178	0.385	-0.063	1.096	1.094	-0.069	-0.052	1.135	1.133	-0.059
0.351	1.257	1.181	0.429	-0.061	1.096	1.094	-0.067	-0.050	1.147	1.146	-0.057
0.354	1.255	1.156	0.486	-0.061	1.096	1.094	-0.066	-0.049	1.147	1.146	-0.056
0.359	1.260	1.162	0.488	-0.061	1.096	1.094	-0.066	-0.049	1.151	1.150	-0.056
0.363	1.262	1.163	0.489	-0.061	1.096	1.094	-0.067	-0.049	1.152	1.151	-0.057
0.363	1.252	1.150	0.495	-0.061	1.096	1.094	-0.067	-0.049	1.145	1.144	-0.056
0.361	1.249	1.169	0.439	-0.061	1.096	1.094	-0.067	-0.050	1.142	1.141	-0.057
0.358	1.253	1.187	0.401	-0.061	1.096	1.094	-0.067	-0.050	1.144	1.143	-0.057
0.356	1.257	1.190	0.405	-0.061	1.096	1.094	-0.067	-0.050	1.147	1.146	-0.057
0.358	1.261	1.188	0.424	-0.061	1.096	1.094	-0.067	-0.050	1.150	1.149	-0.057
0.363	1.259	1.185	0.427	-0.064	1.096	1.094	-0.070	-0.052	1.148	1.146	-0.060
0.362	1.261	1.186	0.426	-0.064	1.096	1.094	-0.070	-0.052	1.150	1.148	-0.060
0.358	1.254	1.185	0.408	-0.066	1.096	1.094	-0.072	-0.054	1.145	1.143	-0.062
0.343	1.251	1.187	0.392	-0.068	1.096	1.094	-0.074	-0.054	1.143	1.141	-0.062
0.336	1.260	1.207	0.362	-0.068	1.096	1.094	-0.075	-0.057	1.149	1.147	-0.065
0.331	1.256	1.202	0.365	-0.068	1.096	1.094	-0.075	-0.057	1.146	1.144	-0.065
0.327	1.254	1.202	0.357	-0.070	1.096	1.094	-0.077	-0.059	1.144	1.142	-0.067
0.323	1.246	1.196	0.350	-0.070	1.097	1.094	-0.077	-0.059	1.139	1.137	-0.067
0.307	1.239	1.193	0.335	-0.068	1.096	1.094	-0.075	-0.058	1.134	1.132	-0.066
0.301	1.242	1.185	0.371	-0.068	1.096	1.094	-0.075	-0.058	1.134	1.132	-0.066
0.292	1.239	1.182	0.371	-0.066	1.096	1.094	-0.073	-0.057	1.134	1.132	-0.065
0.293	1.249	1.176	0.421	-0.066	1.096	1.094	-0.073	-0.054	1.143	1.141	-0.062
0.300	1.246	1.159	0.458	-0.066	1.096	1.094	-0.073	-0.054	1.141	1.139	-0.062
0.309	1.247	1.147	0.490	-0.067	1.096	1.094	-0.073	-0.054	1.143	1.141	-0.062
0.319	1.248	1.169	0.438	-0.066	1.096	1.094	-0.072	-0.054	1.142	1.140	-0.062
0.323	1.239	1.182	0.372	-0.066	1.096	1.094	-0.072	-0.055	1.135	1.133	-0.062
0.327	1.241	1.182	0.376	-0.066	1.096	1.094	-0.072	-0.055	1.136	1.134	-0.062
0.333	1.244	1.168	0.426	-0.066	1.096	1.094	-0.072	-0.054	1.139	1.137	-0.062
0.343	1.241	1.142	0.486	-0.066	1.096	1.094	-0.072	-0.053	1.139	1.137	-0.060
0.360	1.245	1.114	0.555	-0.066	1.096	1.094	-0.072	0.501	1.101	0.966	0.529
0.377	1.247	1.130	0.527	-0.066	1.096	1.094	-0.072	0.473	1.102	0.981	0.502
0.385	1.244	1.156	0.462	-0.065	1.096	1.094	-0.072	-0.054	1.140	1.138	-0.061
0.384	1.248	1.160	0.459	-0.065	1.096	1.094	-0.072	-0.053	1.142	1.140	-0.061
0.386	1.254	1.160	0.477	-0.065	1.096	1.094	-0.071	-0.053	1.147	1.145	-0.061
0.394	1.254	1.152	0.494	-0.063	1.096	1.094	-0.069	-0.051	1.146	1.145	-0.058
0.404	1.246	1.140	0.501	-0.063	1.096	1.094	-0.069	0.449	1.099	0.990	0.477
0.411	1.249	1.155	0.475	-0.063	1.096	1.094	-0.069	-0.051	1.143	1.142	-0.058
0.411	1.252	1.164	0.460	-0.063	1.096	1.094	-0.069	-0.051	1.144	1.143	-0.058
0.400	1.245	1.174	0.414	-0.061	1.096	1.094	-0.067	-0.050	1.139	1.138	-0.057
0.385	1.248	1.186	0.387	-0.060	1.096	1.094	-0.066	-0.050	1.140	1.139	-0.057
0.375	1.243	1.189	0.361	-0.060	1.096	1.094	-0.066	-0.050	1.136	1.135	-0.057
0.358	1.246	1.169	0.432	-0.060	1.096	1.094	-0.066	-0.049	1.142	1.141	-0.056
0.353	1.251	1.172	0.440	-0.061	1.096	1.094	-0.067	-0.049	1.144	1.143	-0.056
0.341	1.259	1.197	0.391	-0.061	1.096	1.094	-0.067	-0.050	1.146	1.145	-0.057
0.341	1.259	1.197	0.391	-0.061	1.096	1.094	-0.067	-0.050	1.146	1.145	-0.057
0.330	1.250	1.210	0.315	-0.062	1.096	1.094	-0.068	-0.052	1.142	1.140	-0.059
0.318	1.249	1.214	0.294	-0.062	1.096	1.094	-0.068	-0.052	1.141	1.139	-0.059
0.312	1.252	1.199	0.360	-0.062	1.096	1.094	-0.068	-0.051	1.143	1.142	-0.058
0.311	1.252	1.195	0.373	-0.062	1.096	1.094	-0.068	-0.051	1.143	1.142	-0.058
0.311	1.264	1.193	0.417	-0.062	1.096	1.094	-0.068	-0.050	1.152	1.151	-0.058
0.306	1.252	1.209	0.325	-0.062	1.096	1.094	-0.068	-0.052	1.151	1.149	-0.060
0.306	1.252	1.209	0.325	-0.062	1.096	1.094	-0.068	-0.052	1.143	1.141	-0.059
0.288	1.241	1.195	0.337	-0.062	1.096	1.094	-0.068	-0.051	1.135	1.134	-0.058
0.287	1.249	1.181	0.406	-0.061	1.096	1.094	-0.067	-0.050	1.141	1.140	-0.057
0.294	1.253	1.174	0.436	-0.061	1.096	1.094	-0.067	-0.050	1.144	1.143	-0.057
0.307	1.253	1.163	0.466	-0.061	1.096	1.094	-0.067	-0.049	1.145	1.144	-0.056
0.320	1.255	1.163	0.471	-0.060	1.095	1.094	-0.066	-0.049	1.147	1.146	-0.056
0.329	1.249	1.152	0.483	-0.060	1.095	1.094	-0.066	-0.049	1.143	1.142	-0.056
0.337	1.243	1.171	0.416	-0.060	1.095	1.093	-0.066	-0.049	1.143	1.142	-0.056
0.337	1.243	1.171	0.416	-0.060	1.095	1.093	-0.066	-0.049	1.137	1.136	-0.056
0.342	1.246	1.180	0.398	-0.060	1.095	1.093	-0.066	-0.049	1.139	1.138	-0.056
0.345	1.248	1.198	0.351	-0.060	1.095	1.093	-0.066	-0.050	1.140	1.139	-0.057
0.346	1.255	1.213	0.319	-0.060	1.095	1.093	-0.066	-0.050	1.143	1.142	-0.057
0.333	1.249	1.200	0.346	-0.060	1.095	1.093	-0.066	-0.050	1.140	1.139	-0.057
0.325	1.244	1.193	0.353	-0.060	1.095	1.093	-0.066	-0.050	1.137	1.136	-0.057
0.316	1.243	1.200	0.324	-0.060	1.095	1.093	-0.066	-0.050	1.136	1.135	-0.057
0.290	1.249	1.183	0.402	-0.060	1.095	1.093	-0.066	-0.050	1.134	1.133	-0.057
0.303	1.236	1.136	0.486	-0.060	1.095	1.093	-0.066	-0.048	1.135	1.134	-0.055
0.303	1.236	1.136	0.486	-0.060	1.095	1.093	-0.066	-0.049	1.134	1.133	-0.055
0.316	1.241	1.137	0.497	-0.061	1.095	1.093	-0.067	0.447	1.094	0.987	0.473
0.332	1.238	1.112	0.544	-0.061	1.095	1.093	-0.067	0.493	1.094	0.964	0.518
0.350	1.246	1.119	0.549	-0.061	1.095	1.093	-0.067	0.494	1.103	0.971	0.523
0.383	1.239	1.112	0.545	-0.061	1.095	1.093	-0.067	0.494	1.095	0.964	0.519
0.397	1.232	1.133	0.483	-0.061	1.095	1.093	-0.067	-0.050	1.131	1.130	-0.056
0.408	1.230	1.145	0.450	-0.061	1.095	1.093	-0.067	-0.050	1.130	1.129	-0.056
0.415	1.238	1.138	0.489	-0.061	1.108	1.106	-0.067	-0.049	1.140	1.139	-0.056
0.417	1.255	1.161	0.475	-0.061	1.108	1.106	-0.067	-0.049	1.151	1.150	-0.056
0.416	1.251	1.161	0.466	-0.060	1.121	1.119	-0.067	-0.049	1.152	1.151	-0.056
0.418	1.248	1.127	0.536	-0.060	1.121	1.119	-0.067	0.481	1.103	0.978	0.511
0.422	1.240	1.104	0.563	-0.060	1.122	1.120	-0.067	0.511	1.096	0.956	0.536
0.430	1.251	1.119	0.558	-0.060	1.122	1.120	-0.067	0.547	1.111	0.949	0.578
0.430	1.251	1.119	0.558	-0.060	1.122	1.120	-0.067	0.501	1.107	0.971	0.532
0.437	1.241	1.098	0.577	-0.060	1.122	1.120	-0.067	0.506	1.107	0.968	0.537
0.449	1.240	1.089	0.593	-0.060	1.122	1.120	-0.067	0.540	1.098	0.942	0.565
0.465	1.241	1.134	0.503	-0.060	1.122	1.120	-0.067	0.518	1.095	0.951	0.542
0.466	1.245	1.159	0.454	-0.060	1.122	1.120	-0.067	-0.049	1.148	1.147	-0.056
0.461	1.247	1.163	0.450	-0.060	1.122	1.120	-0.067	-0.049	1.149	1.148	-0.056
0.449	1.250	1.174	0.430	-0.060	1.121	1.119	-0.067	-0.049	1.151	1.150	-0.056
0.431	1.255	1.177	0.434	-0.060	1.121	1.119	-0.067	-0.049	1.154	1.153	-0.057
0.416	1.249	1.175	0.424	-0.060	1.121	1.119	-0.067	-0.049	1.150	1.149	-0.056
0.406	1.241	1.167	0.422	-0.060	1.121	1.119	-0.067	-0.049	1.145	1.144	-0.056
0.400	1.238	1.139	0.486	-0.060	1.121	1.119	-0.067	-0.048	1.144	1.143	-0.055
0.379	1.248	1.168	0.441	-0.060	1.121	1.119	-0.067	-0.049	1.150	1.149	-0.056
0.374	1.248	1.163	0.452	-0.060	1.121	1.119	-0.067	-0.049	1.150	1.149	-0.056
0.372	1.255	1.174	0.446	-0.060	1.121	1.119	-0.067	-0.049	1.155	1.154	-0.057
0.374	1.258	1.154	0.500	-0.060	1.121	1.119	-0.068	-0.048	1.158	1.157	-0.056
0.378	1.258	1.164	0.477	-0.060	1.121	1.119	-0.068	-0.048	1.157	1.156	-0.056
0.382	1.253	1.171	0.445	-0.060	1.121	1.119	-0.068	-0.049	1.153	1.152	-0.056
0.384	1.242	1.168	0.420	-0.062	1.121	1.119	-0.070	-0.051	1.145	1.144	-0.058
0.378	1.250	1.187	0.389	-0.062	1.121	1.119	-0.070	-0.051	1.150	1.148	-0.059
0.371	1.265	1.211	0.364	-0.065	1.109	1.107	-0.072	-0.054	1.156	1.154	-0.062
0.359	1.263	1.208	0.368	-0.065	1.109	1.107	-0.072	-0.054	1.155	1.153	-0.062
0.340	1.240	1.205	0.294	-0.065	1.109	1.107	-0.072	-0.054	1.151	1.149	-0.062
0.310	1.237	1.199	0.307	-0.065	1.109	1.106	-0.072	-0.055	1.134	1.132	-0.062
0.275	1.252	1.192	0.382	-0.063	1.095	1.093	-0.069	-0.055	1.138	1.136	-0.062
0.273	1.246	1.194	0.357	-0.060	1.095	1.093	-0.066	-0.050	1.138	1.137	-0.057
0.271	1.236	1.179	0.368	-0.060	1.095	1.093	-0.066	-0.050	1.131	1.130	-0.056
0.280	1.240	1.162	0.434	-0.060	1.095	1.093	-0.066	-0.049	1.138	1.137	-0.056
0.280	1.240	1.162	0.434	-0.060	1.095	1.093	-0.066	-0.049	1.136	1.135	-0.056
0.291	1.242	1.151	0.465	-0.060	1.095	1.093	-0.066	-0.048	1.137	1.136	-0.055
0.306	1.241	1.146	0.476	-0.060	1.095	1.093	-0.066	-0.048	1.137	1.136	-0.055
0.339	1.248	1.149	0.486	-0.060	1.095	1.093	-0.066	-0.048	1.142	1.141	-0.055
0.354	1.262	1.157	0.503	-0.060	1.095	1.093	-0.066	-0.049	1.152	1.151	-0.056
0.365	1.254	1.161	0.475	-0.060	1.088	1.086	-0.066	-0.049	1.144	1.143	-0.056
0.376	1.244	1.152	0.469	-0.060	1.088	1.086	-0.066	-0.048	1.137	1.136	-0.055
0.390	1.231	1.125	0.499	-0.060	1.088	1.086	-0.066	0.453	1.085	0.976	0.475
0.401	1.235	1.101	0.559	-0.060	1.088	1.086	-0.066	0.509	1.091	0.953	0.532
0.415	1.237	1.084	0.597	-0.060	1.088	1.086	-0.066	0.545	1.096	0.937	0.568
0.427	1.243	1.087	0.602	-0.060	1.088	1.086	-0.066	0.547	1.101	0.940	0.573
0.438	1.231	1.066	0.616	-0.060	1.088	1.086	-0.066	0.567	1.091	0.920	0.586
0.448	1.225	1.089	0.560	-0.060	1.088	1.086	-0.065	0.515	1.081	0.941	0.533
0.454	1.236	1.101	0.561	-0.060	1.088	1.086	-0.065	0.511	1.092	0.953	0.534
0.458	1.223	1.141	0.441	-0.060	1.088	1.086	-0.065	0.485	1.085	0.960	0.506
0.450	1.223	1.162	0.379	-0.060	1.088	1.086	-0.065	-0.049	1.121	1.120	-0.055
0.427	1.237	1.159	0.431	-0.060	1.095	1.093	-0.066	-0.049	1.121	1.120	-0.055
0.414	1.240	1.147	0.472	-0.060	1.095	1.093	-0.066	-0.048	1.137	1.136	-0.055
0.387	1.234	1.154	0.438	-0.060	1.095	1.093	-0.066	-0.049	1.133	1.132	-0.056
0.387	1.234	1.154	0.438	-0.060	1.095	1.093	-0.066	-0.049	1.133	1.132	-0.056
0.376	1.234	1.147	0.455	-0.060	1.095	1.093	-0.066	-0.049	1.132	1.131	-0.055
0.365	1.231	1.158	0.415	-0.060	1.095	1.093	-0.066	-0.049	1.129	1.128	-0.055
0.353	1.227	1.166	0.383	-0.060	1.095	1.093	-0.066	-0.050	1.126	1.125	-0.056
0.350	1.242	1.161	0.442	-0.060	1.095	1.093	-0.066	-0.049	1.137	1.136	-0.056
0.370	1.246	1.152	0.474	-0.060	1.094	1.092	-0.066	-0.048	1.140	1.139	-0.055
0.369	1.226	1.164	0.382	-0.060	1.094	1.092	-0.066	-0.049	1.132	1.131	-0.056
0.363	1.250	1.157	0.472	-0.060	1.094	1.092	-0.066	-0.049	1.130	1.129	-0.055
0.363	1.250	1.157	0.472	-0.060	1.094	1.092	-0.066	-0.049	1.143	1.142	-0.056
0.361	1.258	1.181	0.434	-0.060	1.094	1.092	-0.066	-0.049	1.148	1.147	-0.056
0.363	1.250	1.167	0.447	-0.060	1.094	1.092	-0.066	-0.049	1.142	1.141	-0.056
0.367	1.244	1.146	0.482	-0.060	1.094	1.092	-0.066	-0.048	1.139	1.138	-0.055
0.372	1.238	1.130	0.506	-0.060	1.094	1.092	-0.066	0.457	1.093	0.981	0.482
0.378	1.254	1.126	0.551	-0.060	1.094	1.092	-0.066	0.482	1.097	0.972	0.509
0.388	1.258	1.123	0.566	-0.060	1.094	1.092	-0.066	0.505	1.114	0.975	0.539
0.402	1.252	1.106	0.586	-0.060	1.094	1.092	-0.066	0.527	1.109	0.958	0.558
0.429	1.249	1.096	0.598	-0.060	1.094	1.092	-0.066	0.512	1.103	0.962	0.540
0.438	1.250	1.136	0.521	-0.060	1.094	1.092	-0.066	0.466	1.105	0.987	0.496
0.442	1.250	1.156	0.474	-0.060	1.094	1.092	-0.066	-0.049	1.143	1.142	-0.056
0.441	1.243	1.153	0.463	-0.060	1.094	1.092	-0.066	-0.048	1.138	1.137	-0.055
0.431	1.247	1.183	0.394	-0.060	1.094	1.092	-0.066	-0.049	1.141	1.140	-0.056
0.420	1.242	1.163	0.438	-0.060	1.094	1.092	-0.066	-0.049	1.137	1.136	-0.056
0.408	1.243	1.176	0.402	-0.060	1.094	1.092	-0.066	-0.049	1.137	1.136	-0.056
0.391	1.249	1.188	0.387	-0.060	1.095	1.093	-0.066	-0.049	1.141	1.140	-0.056
0.377	1.254	1.176	0.435	-0.060	1.095	1.093	-0.066	-0.049	1.145	1.144	-0.056
0.366	1.254	1.172	0.445	-0.060	1.095	1.093	-0.066	-0.049	1.145	1.144	-0.056
0.354	1.243	1.150	0.473	-0.060	1.095	1.093	-0.066	-0.048	1.139	1.138	-0.055
0.361	1.248	1.158	0.466	-0.060	1.095	1.093	-0.066	-0.048	1.143	1.142	-0.055
0.361	1.248	1.158	0.466	-0.060	1.095	1.093	-0.066	-0.048	1.143	1.142	-0.055
0.359	1.252	1.185	0.403	-0.060	1.095	1.093	-0.066	-0.049	1.143	1.142	-0.056
0.354	1.251	1.202	0.347	-0.060	1.095	1.093	-0.066	-0.050	1.141	1.140	-0.057
0.347	1.250	1.187	0.390	-0.060	1.095	1.093	-0.066	-0.050	1.142	1.141	-0.057
0.340	1.244	1.197	0.337	-0.060	1.095	1.093	-0.066	-0.049	1.141	1.140	-0.056
0.340	1.244	1.197	0.337	-0.060	1.095	1.093	-0.066	-0.050	1.136	1.135	-0.057
0.333	1.237	1.185	0.357	-0.060	1.095	1.093	-0.066	-0.049	1.132	1.131	-0.056
0.327	1.240	1.187	0.360	-0.060	1.095	1.093	-0.066	-0.049	1.134	1.133	-0.056
0.305	1.244	1.199	0.330	-0.060	1.095	1.093	-0.066	-0.049	1.135	1.134	-0.056
0.291	1.245	1.211	0.292	-0.060	1.095	1.093	-0.066	-0.050	1.137	1.136	-0.057
0.280	1.245	1.205	0.314	-0.060	1.095	1.093	-0.066	-0.050	1.137	1.136	-0.057
0.272	1.251	1.225	0.251	-0.063	1.095	1.093	-0.069	-0.053	1.140	1.138	-0.060
0.263	1.258	1.234	0.241	-0.063	1.095	1.093	-0.069	-0.053	1.145	1.143	-0.061
0.256	1.257	1.223	0.289	-0.065	1.095	1.093	-0.071	-0.054	1.145	1.143	-0.062
0.245	1.257	1.217	0.313	-0.065	1.095	1.093	-0.071	-0.054	1.148	1.146	-0.062
0.242	1.255	1.211	0.331	-0.065	1.095	1.093	-0.071	-0.054	1.145	1.143	-0.062
