phi_u	d_u	x_u	y_u	phi_v	d_v	x_v	y_v	phi_f	d_f	x_f	y_f
1.223	0.869	0.219	0.841	0.000	0.000	0.000	0.000	1.431	0.795	0.111	0.787
1.224	0.870	0.218	0.842	0.000	0.000	0.000	0.000	1.432	0.796	0.110	0.788
1.225	0.860	0.269	0.817	0.155	5.588	5.520	0.864	1.367	0.779	0.158	0.763
1.229	0.852	0.296	0.799	0.155	5.588	5.520	0.864	1.330	0.768	0.183	0.746
1.242	0.847	0.233	0.814	-0.146	5.736	5.676	0.832	1.409	0.770	0.124	0.760
1.253	0.855	0.250	0.818	-0.146	5.736	5.676	0.832	1.390	0.777	0.140	0.764
1.263	0.858	0.177	0.839	-0.146	5.736	5.676	0.832	1.479	0.787	0.072	0.784
1.283	0.866	0.059	0.864	-0.138	5.730	5.676	0.788	1.618	0.810	-0.038	0.809
1.344	0.868	0.000	0.868	-0.075	5.692	5.676	-0.426	1.598	0.801	-0.022	0.801
1.371	0.861	0.000	0.861	-0.075	5.692	5.676	-0.426	1.687	0.811	-0.094	0.806
1.383	0.855	0.160	0.840	-0.305	5.950	5.676	-1.785	1.500	0.787	0.056	0.785
1.387	0.855	0.298	0.801	-0.305	5.950	5.676	-1.785	1.328	0.771	0.185	0.748
1.382	0.864	0.205	0.839	-0.328	5.995	5.676	-1.929	1.338	0.777	0.179	0.756
1.379	0.860	0.290	0.810	-0.329	5.998	5.676	-1.939	1.341	0.776	0.177	0.756
1.366	0.863	0.314	0.803	-0.329	5.998	5.676	-1.939	1.310	0.776	0.200	0.750
1.340	0.862	0.366	0.781	0.000	0.000	0.000	0.000	1.243	0.770	0.248	0.729
1.300	0.863	0.383	0.774	0.000	0.000	0.000	0.000	1.220	0.769	0.264	0.722
1.259	0.854	0.352	0.778	0.000	0.000	0.000	0.000	1.258	0.763	0.235	0.726
1.221	0.852	0.300	0.798	0.000	0.000	0.000	0.000	1.325	0.768	0.187	0.745
1.199	0.859	0.254	0.821	0.328	5.995	5.676	-1.929	1.385	0.780	0.144	0.767
1.203	0.860	0.184	0.839	0.328	5.995	5.676	-1.929	1.470	0.788	0.079	0.784
1.227	0.860	0.094	0.855	0.328	5.995	5.676	-1.929	1.578	0.800	-0.006	0.800
1.251	0.867	0.000	0.867	0.328	5.995	5.676	-1.929	1.686	0.817	-0.094	0.812
1.284	0.871	0.000	0.871	0.328	5.995	5.676	-1.929	1.685	0.821	-0.094	0.816
1.323	0.865	0.000	0.865	0.328	5.995	5.676	-1.929	1.686	0.815	-0.094	0.810
1.364	0.861	0.000	0.861	0.328	5.995	5.676	-1.929	1.687	0.811	-0.094	0.806
1.403	0.865	0.163	0.849	0.000	0.000	0.000	0.000	1.497	0.796	0.059	0.794
1.431	0.867	0.140	0.856	0.000	0.000	0.000	0.000	1.525	0.802	0.037	0.801
1.449	0.870	0.194	0.848	0.000	0.000	0.000	0.000	1.460	0.798	0.088	0.793
1.457	0.874	0.319	0.814	0.000	0.000	0.000	0.000	1.308	0.788	0.205	0.761
1.439	0.882	0.348	0.811	0.000	0.000	0.000	0.000	1.274	0.793	0.232	0.758
1.379	0.867	0.316	0.808	0.000	0.000	0.000	0.000	1.279	0.780	0.224	0.747
1.379	0.867	0.316	0.808	0.000	0.000	0.000	0.000	1.279	0.780	0.224	0.747
1.348	0.867	0.275	0.822	0.000	0.000	0.000	0.000	1.360	0.785	0.164	0.768
1.315	0.863	0.264	0.821	0.000	0.000	0.000	0.000	1.374	0.782	0.153	0.767
1.282	0.862	0.313	0.803	0.000	0.000	0.000	0.000	1.311	0.776	0.199	0.750
1.252	0.859	0.348	0.785	0.000	0.000	0.000	0.000	1.266	0.769	0.231	0.733
1.228	0.858	0.242	0.823	0.328	5.995	5.676	-1.929	1.400	0.780	0.133	0.769
1.211	0.859	0.283	0.811	0.328	5.995	5.676	-1.929	1.349	0.776	0.171	0.757
1.218	0.855	0.178	0.836	0.089	5.698	5.676	-0.506	1.478	0.784	0.073	0.781
1.257	0.863	0.000	0.863	0.089	5.698	5.676	-0.506	1.687	0.813	-0.094	0.808
1.291	0.857	0.163	0.841	0.307	4.165	3.970	1.260	1.496	0.788	0.059	0.786
1.299	0.849	0.285	0.800	0.307	4.165	3.970	1.260	1.343	0.766	0.173	0.746
1.285	0.859	0.375	0.773	0.307	4.165	3.970	1.260	1.228	0.765	0.257	0.721
1.268	0.860	0.369	0.777	0.635	2.750	2.214	1.632	1.238	0.767	0.251	0.725
1.254	0.862	0.405	0.761	0.650	2.697	2.147	1.632	1.189	0.765	0.285	0.710
1.249	0.872	0.314	0.814	0.650	2.697	2.147	1.632	1.314	0.787	0.200	0.761
1.253	0.876	0.222	0.847	0.650	2.697	2.147	1.632	1.428	0.801	0.114	0.793
1.264	0.863	0.244	0.827	0.000	0.000	0.000	0.000	1.398	0.785	0.135	0.773
1.252	0.860	0.316	0.800	0.000	0.000	0.000	0.000	1.307	0.774	0.202	0.747
1.212	0.857	0.381	0.767	0.000	0.000	0.000	0.000	1.220	0.761	0.262	0.715
1.173	0.854	0.393	0.758	0.000	0.000	0.000	0.000	1.202	0.758	0.273	0.707
1.156	0.858	0.333	0.790	0.000	0.000	0.000	0.000	1.284	0.768	0.217	0.737
1.163	0.851	0.303	0.795	0.000	0.000	0.000	0.000	1.321	0.766	0.189	0.742
1.181	0.858	0.218	0.830	0.654	2.684	2.131	1.632	1.430	0.784	0.110	0.776
1.204	0.860	0.129	0.851	0.654	2.684	2.131	1.632	1.537	0.796	0.027	0.796
1.224	0.865	0.207	0.840	0.654	2.684	2.131	1.632	1.444	0.791	0.100	0.785
1.228	0.860	0.247	0.824	0.654	2.684	2.131	1.632	1.395	0.782	0.137	0.770
1.229	0.867	0.180	0.848	0.661	2.660	2.100	1.632	1.476	0.797	0.075	0.793
1.246	0.881	0.083	0.877	0.661	2.660	2.100	1.632	1.590	0.822	-0.016	0.822
1.280	0.893	0.000	0.893	0.000	0.000	0.000	0.000	1.683	0.843	-0.094	0.838
1.328	0.888	0.071	0.886	0.000	0.000	0.000	0.000	1.603	0.831	-0.027	0.831
1.360	0.878	0.146	0.866	0.000	0.000	0.000	0.000	1.518	0.812	0.043	0.811
1.371	0.864	0.206	0.839	0.000	0.000	0.000	0.000	1.445	0.790	0.099	0.784
1.383	0.859	0.211	0.832	0.000	0.000	0.000	0.000	1.438	0.784	0.104	0.777
1.392	0.865	0.110	0.858	0.000	0.000	0.000	0.000	1.560	0.803	0.009	0.803
1.393	0.865	0.213	0.838	0.000	0.000	0.000	0.000	1.436	0.790	0.106	0.783
1.389	0.863	0.343	0.791	0.662	2.624	2.070	1.614	1.272	0.772	0.227	0.738
1.374	0.864	0.320	0.802	0.662	2.624	2.070	1.614	1.304	0.777	0.205	0.749
1.354	0.854	0.312	0.795	0.662	2.624	2.070	1.614	1.310	0.768	0.198	0.742
1.323	0.859	0.289	0.809	0.662	2.624	2.070	1.614	1.342	0.775	0.176	0.755
1.293	0.856	0.280	0.809	0.661	2.622	2.069	1.610	1.352	0.773	0.168	0.755
1.271	0.864	0.312	0.805	0.661	2.622	2.069	1.610	1.313	0.778	0.198	0.752
1.256	0.866	0.328	0.802	0.661	2.622	2.069	1.610	1.294	0.779	0.213	0.749
1.236	0.870	0.383	0.781	-0.660	2.619	2.069	1.606	1.223	0.775	0.264	0.729
1.208	0.868	0.341	0.798	-0.660	2.619	2.069	1.606	1.277	0.778	0.225	0.745
1.187	0.863	0.327	0.799	0.000	0.000	0.000	0.000	1.294	0.776	0.212	0.746
1.178	0.860	0.355	0.783	0.000	0.000	0.000	0.000	1.256	0.769	0.238	0.731
1.177	0.866	0.277	0.820	0.000	0.000	0.000	0.000	1.359	0.784	0.165	0.766
1.182	0.867	0.230	0.836	0.000	0.000	0.000	0.000	1.416	0.791	0.122	0.782
1.192	0.866	0.241	0.832	0.000	0.000	0.000	0.000	1.403	0.789	0.132	0.778
1.197	0.863	0.196	0.840	0.000	0.000	0.000	0.000	1.457	0.790	0.090	0.785
1.198	0.855	0.314	0.796	0.660	2.619	2.069	1.606	1.308	0.769	0.200	0.743
1.200	0.851	0.334	0.783	0.660	2.619	2.069	1.606	1.281	0.762	0.218	0.730
1.203	0.853	0.277	0.806	0.660	2.619	2.069	1.606	1.355	0.770	0.165	0.752
1.210	0.855	0.306	0.799	0.659	2.617	2.069	1.602	1.319	0.770	0.192	0.746
1.220	0.867	0.315	0.808	0.659	2.617	2.069	1.602	1.311	0.781	0.201	0.755
1.230	0.874	0.268	0.831	0.659	2.617	2.069	1.602	1.371	0.793	0.157	0.777
1.235	0.872	0.251	0.835	-0.658	2.615	2.069	1.598	1.392	0.794	0.141	0.781
1.237	0.864	0.299	0.811	-0.658	2.615	2.069	1.598	1.330	0.780	0.186	0.758
1.234	0.868	0.252	0.830	-0.651	2.639	2.100	1.598	1.390	0.789	0.142	0.776
1.226	0.855	0.295	0.802	-0.651	2.639	2.100	1.598	1.332	0.771	0.182	0.749
1.219	0.854	0.368	0.771	-0.301	4.136	3.950	1.226	1.236	0.761	0.250	0.719
1.217	0.863	0.363	0.783	-0.301	4.136	3.950	1.226	1.247	0.771	0.245	0.731
1.210	0.872	0.370	0.789	-0.093	5.748	5.723	-0.533	1.241	0.779	0.252	0.737
1.207	0.874	0.330	0.809	-0.093	5.748	5.723	-0.533	1.294	0.786	0.215	0.756
1.198	0.866	0.360	0.787	-0.323	6.036	5.723	-1.918	1.251	0.774	0.243	0.735
1.189	0.855	0.357	0.777	-0.323	6.036	5.723	-1.918	1.251	0.764	0.240	0.725
1.184	0.847	0.315	0.787	-0.323	6.036	5.723	-1.918	1.304	0.761	0.201	0.734
1.174	0.848	0.346	0.773	-0.327	6.043	5.723	-1.939	1.263	0.756	0.229	0.721
1.166	0.846	0.327	0.781	-0.327	6.043	5.723	-1.939	1.287	0.758	0.212	0.728
1.158	0.849	0.347	0.775	0.000	0.000	0.000	0.000	1.263	0.759	0.230	0.723
1.158	0.859	0.322	0.797	0.000	0.000	0.000	0.000	1.299	0.772	0.207	0.744
1.165	0.863	0.234	0.830	0.000	0.000	0.000	0.000	1.411	0.786	0.125	0.776
1.189	0.863	0.197	0.840	0.000	0.000	0.000	0.000	1.455	0.790	0.091	0.785
1.205	0.859	0.255	0.820	0.326	5.992	5.676	-1.918	1.384	0.780	0.145	0.766
1.214	0.866	0.328	0.801	0.326	5.992	5.676	-1.918	1.293	0.778	0.213	0.748
1.216	0.857	0.379	0.768	0.326	5.992	5.676	-1.918	1.222	0.762	0.260	0.716
1.215	0.861	0.323	0.798	0.326	5.992	5.676	-1.918	1.299	0.773	0.208	0.745
1.225	0.872	0.270	0.829	0.326	5.992	5.676	-1.918	1.368	0.791	0.159	0.775
1.239	0.864	0.151	0.851	0.326	5.992	5.676	-1.918	1.511	0.797	0.048	0.796
1.256	0.855	0.212	0.828	0.326	5.992	5.676	-1.918	1.436	0.780	0.105	0.773
1.270	0.851	0.253	0.812	0.326	5.992	5.676	-1.918	1.384	0.771	0.143	0.758
1.260	0.855	0.274	0.810	0.000	0.000	0.000	0.000	1.298	0.768	0.207	0.740
1.260	0.855	0.274	0.810	0.000	0.000	0.000	0.000	1.360	0.773	0.162	0.756
1.252	0.861	0.236	0.827	0.000	0.000	0.000	0.000	1.408	0.783	0.127	0.773
1.242	0.844	0.377	0.755	0.000	0.000	0.000	0.000	1.260	0.756	0.231	0.720
1.237	0.857	0.408	0.753	0.000	0.000	0.000	0.000	1.183	0.758	0.287	0.702
1.221	0.854	0.400	0.754	0.000	0.000	0.000	0.000	1.192	0.757	0.280	0.703
1.193	0.855	0.410	0.751	0.097	5.703	5.676	-0.553	1.179	0.757	0.289	0.700
1.179	0.861	0.315	0.801	0.097	5.703	5.676	-0.553	1.308	0.775	0.201	0.748
1.189	0.871	0.000	0.871	0.298	4.100	3.919	1.205	1.685	0.821	-0.094	0.816
1.208	0.854	0.238	0.820	0.298	4.100	3.919	1.205	1.404	0.777	0.129	0.766
1.217	0.848	0.246	0.811	-0.298	4.100	3.919	1.205	1.393	0.769	0.136	0.757
1.224	0.853	0.198	0.829	-0.298	4.100	3.919	1.205	1.452	0.779	0.092	0.774
1.232	0.856	0.330	0.789	-0.298	4.100	3.919	1.205	1.287	0.767	0.215	0.736
1.242	0.855	0.322	0.792	0.625	2.730	2.213	1.598	1.298	0.767	0.207	0.739
1.243	0.848	0.404	0.745	0.640	2.676	2.147	1.598	1.184	0.749	0.283	0.694
1.247	0.845	0.329	0.778	0.640	2.676	2.147	1.598	1.285	0.756	0.213	0.725
1.273	0.841	0.179	0.822	0.640	2.676	2.147	1.598	1.475	0.771	0.074	0.767
1.309	0.878	0.000	0.878	0.652	2.641	2.100	1.602	1.685	0.828	-0.094	0.823
1.323	0.856	0.207	0.831	0.653	2.644	2.100	1.606	1.687	0.812	-0.094	0.807
1.321	0.850	0.263	0.808	0.653	2.644	2.100	1.606	1.372	0.769	0.152	0.754
1.323	0.857	0.208	0.831	0.000	0.000	0.000	0.000	1.441	0.783	0.101	0.776
1.340	0.870	0.000	0.870	0.000	0.000	0.000	0.000	1.686	0.820	-0.094	0.815
1.373	0.881	0.000	0.881	0.000	0.000	0.000	0.000	1.684	0.831	-0.094	0.826
1.459	0.882	0.000	0.882	0.000	0.000	0.000	0.000	1.683	0.840	-0.094	0.835
1.485	0.893	0.000	0.893	0.000	0.000	0.000	0.000	1.683	0.843	-0.094	0.838
1.488	0.875	0.000	0.875	0.000	0.000	0.000	0.000	1.685	0.825	-0.094	0.820
1.473	0.873	0.157	0.859	0.000	0.000	0.000	0.000	1.505	0.806	0.053	0.804
1.462	0.868	0.262	0.828	0.000	0.000	0.000	0.000	1.420	0.800	0.120	0.791
1.462	0.868	0.262	0.828	0.000	0.000	0.000	0.000	1.420	0.800	0.120	0.791
1.446	0.854	0.363	0.773	0.000	0.000	0.000	0.000	1.243	0.761	0.245	0.721
1.419	0.849	0.332	0.782	0.654	2.646	2.100	1.610	1.283	0.760	0.216	0.729
1.377	0.858	0.335	0.790	0.654	2.646	2.100	1.610	1.282	0.769	0.219	0.737
1.296	0.875	0.298	0.823	-0.643	2.683	2.147	1.610	1.230	0.771	0.258	0.727
1.254	0.871	0.346	0.800	-0.643	2.683	2.147	1.610	1.272	0.782	0.230	0.747
1.215	0.870	0.322	0.808	-0.643	2.683	2.147	1.610	1.303	0.783	0.207	0.755
1.188	0.863	0.377	0.776	-0.629	2.737	2.213	1.610	1.227	0.769	0.259	0.724
1.159	0.859	0.435	0.740	-0.629	2.737	2.213	1.610	1.146	0.757	0.312	0.690
1.141	0.866	0.364	0.786	-0.629	2.737	2.213	1.610	1.247	0.774	0.246	0.734
1.132	0.860	0.411	0.755	-0.042	3.973	3.970	-0.167	1.180	0.761	0.290	0.704
1.130	0.850	0.351	0.774	-0.042	3.973	3.970	-0.167	1.257	0.759	0.234	0.722
1.136	0.846	0.285	0.796	-0.042	3.973	3.970	-0.167	1.342	0.762	0.173	0.742
1.149	0.848	0.245	0.811	-0.042	3.973	3.970	-0.167	1.394	0.769	0.135	0.757
1.173	0.863	0.152	0.850	-0.328	5.995	5.676	-1.929	1.509	0.797	0.049	0.795
1.195	0.862	0.235	0.829	-0.328	5.995	5.676	-1.929	1.410	0.785	0.126	0.775
1.204	0.861	0.261	0.820	-0.328	5.995	5.676	-1.929	1.377	0.781	0.150	0.766
1.211	0.859	0.281	0.811	-0.328	5.995	5.676	-1.929	1.351	0.776	0.169	0.757
1.227	0.847	0.324	0.782	0.000	0.000	0.000	0.000	1.292	0.758	0.209	0.729
1.238	0.844	0.340	0.772	0.000	0.000	0.000	0.000	1.269	0.753	0.224	0.719
1.251	0.848	0.321	0.784	0.000	0.000	0.000	0.000	1.296	0.759	0.206	0.731
1.260	0.867	0.305	0.811	0.328	5.995	5.676	-1.929	1.323	0.782	0.192	0.758
1.282	0.886	0.000	0.886	0.328	5.995	5.676	-1.929	1.683	0.836	-0.094	0.831
1.305	0.876	0.000	0.876	0.328	5.995	5.676	-1.929	1.685	0.826	-0.094	0.821
1.313	0.872	0.150	0.859	0.328	5.995	5.676	-1.929	1.512	0.805	0.047	0.804
1.305	0.864	0.274	0.819	0.000	0.000	0.000	0.000	1.361	0.782	0.163	0.765
1.298	0.854	0.297	0.800	0.000	0.000	0.000	0.000	1.329	0.769	0.184	0.747
1.288	0.856	0.343	0.784	0.000	0.000	0.000	0.000	1.269	0.760	0.226	0.726
1.280	0.855	0.395	0.758	0.000	0.000	0.000	0.000	1.200	0.759	0.275	0.707
1.267	0.853	0.416	0.744	0.000	0.000	0.000	0.000	1.170	0.753	0.294	0.693
1.215	0.851	0.380	0.761	0.000	0.000	0.000	0.000	1.209	0.754	0.267	0.705
1.178	0.845	0.355	0.767	0.000	0.000	0.000	0.000	1.249	0.754	0.238	0.715
1.145	0.844	0.340	0.772	0.000	0.000	0.000	0.000	1.269	0.753	0.224	0.719
1.133	0.852	0.287	0.802	0.000	0.000	0.000	0.000	1.341	0.768	0.175	0.748
1.133	0.855	0.264	0.813	0.000	0.000	0.000	0.000	1.372	0.774	0.153	0.759
1.129	0.852	0.357	0.774	0.000	0.000	0.000	0.000	1.250	0.761	0.240	0.722
1.129	0.853	0.368	0.769	0.000	0.000	0.000	0.000	1.235	0.759	0.250	0.717
1.128	0.850	0.406	0.746	0.000	0.000	0.000	0.000	1.182	0.751	0.285	0.695
1.123	0.843	0.435	0.722	0.000	0.000	0.000	0.000	1.136	0.741	0.312	0.672
1.120	0.844	0.421	0.731	0.000	0.000	0.000	0.000	1.157	0.744	0.299	0.681
1.115	0.850	0.443	0.726	0.000	0.000	0.000	0.000	1.129	0.748	0.320	0.676
1.105	0.860	0.370	0.776	0.000	0.000	0.000	0.000	1.265	0.773	0.233	0.737
1.098	0.853	0.375	0.766	0.000	0.000	0.000	0.000	1.227	0.759	0.256	0.714
1.088	0.851	0.421	0.739	0.000	0.000	0.000	0.000	1.161	0.751	0.299	0.689
1.081	0.858	0.410	0.754	0.000	0.000	0.000	0.000	1.181	0.760	0.289	0.703
1.075	0.854	0.443	0.730	0.000	0.000	0.000	0.000	1.131	0.752	0.320	0.680
1.081	0.863	0.367	0.781	0.000	0.000	0.000	0.000	1.242	0.770	0.249	0.729
1.111	0.868	0.297	0.815	0.328	5.995	5.676	-1.929	1.342	0.785	0.178	0.765
1.111	0.868	0.297	0.815	0.328	5.995	5.676	-1.929	1.334	0.784	0.184	0.762
1.131	0.865	0.227	0.835	-0.328	5.995	5.676	-1.929	1.420	0.790	0.119	0.781
1.137	0.853	0.288	0.803	-0.328	5.995	5.676	-1.929	1.341	0.769	0.175	0.749
1.145	0.857	0.308	0.799	-0.328	5.995	5.676	-1.929	1.316	0.771	0.194	0.746
1.153	0.860	0.296	0.808	-0.328	5.995	5.676	-1.929	1.333	0.777	0.183	0.755
1.183	0.850	0.272	0.806	-0.328	5.995	5.676	-1.929	1.342	0.770	0.175	0.750
1.196	0.839	0.365	0.756	-0.328	5.995	5.676	-1.929	1.233	0.746	0.247	0.704
1.197	0.841	0.360	0.760	-0.328	5.995	5.676	-1.929	1.241	0.748	0.242	0.708
1.190	0.849	0.367	0.765	-0.328	5.995	5.676	-1.929	1.235	0.755	0.249	0.713
1.185	0.852	0.321	0.789	-0.328	5.995	5.676	-1.929	1.298	0.764	0.206	0.736
1.181	0.854	0.266	0.812	-0.328	5.995	5.676	-1.929	1.369	0.774	0.155	0.758
1.195	0.868	0.311	0.811	-0.331	6.002	5.676	-1.949	1.456	0.791	0.091	0.786
1.194	0.867	0.325	0.804	-0.331	6.002	5.676	-1.949	1.298	0.780	0.210	0.751
1.190	0.866	0.335	0.798	-0.331	6.118	5.786	-1.986	1.285	0.777	0.219	0.745
1.186	0.862	0.325	0.798	-0.331	6.118	5.786	-1.986	1.296	0.774	0.210	0.745
1.194	0.863	0.239	0.829	-0.331	6.118	5.786	-1.986	1.405	0.786	0.130	0.775
1.214	0.857	0.195	0.834	-0.331	6.118	5.786	-1.986	1.457	0.784	0.089	0.779
1.238	0.859	0.170	0.842	0.000	0.000	0.000	0.000	1.488	0.790	0.065	0.787
1.270	0.853	0.318	0.792	0.331	6.118	5.786	-1.986	1.507	0.783	0.050	0.781
1.260	0.856	0.342	0.785	0.331	6.118	5.786	-1.986	1.271	0.766	0.226	0.732
1.257	0.861	0.305	0.806	0.331	6.118	5.786	-1.986	1.322	0.777	0.191	0.753
1.262	0.862	0.242	0.827	0.331	6.118	5.786	-1.986	1.400	0.784	0.133	0.773
1.266	0.858	0.289	0.807	0.331	6.118	5.786	-1.986	1.341	0.773	0.176	0.753
1.261	0.860	0.327	0.795	-0.331	6.001	5.676	-1.949	1.292	0.772	0.212	0.742
1.252	0.871	0.269	0.828	-0.331	6.001	5.676	-1.949	1.369	0.790	0.158	0.774
1.253	0.881	0.108	0.875	-0.331	6.001	5.676	-1.949	1.562	0.820	0.007	0.820
1.248	0.885	0.165	0.869	-0.331	6.001	5.676	-1.949	1.496	0.816	0.061	0.814
1.250	0.882	0.124	0.873	-0.331	6.001	5.676	-1.949	1.544	0.818	0.022	0.818
1.259	0.867	0.245	0.832	-0.331	6.001	5.676	-1.949	1.398	0.790	0.136	0.778
1.281	0.864	0.000	0.864	0.000	0.000	0.000	0.000	1.305	0.775	0.204	0.748
1.317	0.872	0.000	0.872	0.331	6.001	5.676	-1.949	1.344	0.780	0.175	0.760
1.354	0.857	0.000	0.857	0.331	6.001	5.676	-1.949	1.687	0.807	-0.094	0.802
1.348	0.847	0.329	0.780	0.329	5.998	5.675	-1.939	1.508	0.786	0.049	0.784
1.348	0.847	0.329	0.780	0.329	5.998	5.675	-1.939	1.508	0.786	0.049	0.784
1.330	0.854	0.243	0.819	0.043	4.009	4.006	-0.170	1.397	0.777	0.134	0.765
1.327	0.861	0.230	0.830	0.043	4.009	4.006	-0.170	1.416	0.785	0.121	0.776
1.332	0.863	0.185	0.843	0.594	2.890	2.395	1.617	1.471	0.792	0.079	0.788
1.338	0.861	0.293	0.810	0.594	2.890	2.395	1.617	1.337	0.777	0.180	0.756
1.320	0.859	0.370	0.775	0.620	2.826	2.300	1.642	1.235	0.766	0.252	0.723
1.272	0.847	0.384	0.755	0.620	2.826	2.300	1.642	1.211	0.752	0.265	0.704
1.223	0.848	0.423	0.734	0.630	2.780	2.246	1.639	1.156	0.747	0.301	0.684
1.188	0.857	0.370	0.773	0.630	2.780	2.246	1.639	1.235	0.764	0.252	0.721
1.168	0.857	0.397	0.759	0.630	2.780	2.246	1.639	1.198	0.760	0.277	0.708
1.162	0.857	0.415	0.750	0.641	2.740	2.195	1.639	1.173	0.758	0.294	0.699
1.150	0.848	0.321	0.784	0.641	2.740	2.195	1.639	1.296	0.759	0.206	0.731
1.148	0.859	0.214	0.831	0.000	0.000	0.000	0.000	1.403	0.771	0.129	0.760
1.148	0.859	0.214	0.831	0.000	0.000	0.000	0.000	1.434	0.784	0.107	0.777
1.158	0.858	0.119	0.850	0.000	0.000	0.000	0.000	1.548	0.795	0.018	0.795
1.187	0.857	0.136	0.846	0.000	0.000	0.000	0.000	1.528	0.792	0.034	0.791
1.209	0.861	0.244	0.826	0.000	0.000	0.000	0.000	1.398	0.784	0.135	0.772
1.228	0.868	0.308	0.812	0.000	0.000	0.000	0.000	1.321	0.783	0.194	0.759
1.239	0.864	0.328	0.799	0.000	0.000	0.000	0.000	1.293	0.776	0.213	0.746
1.251	0.865	0.327	0.800	0.000	0.000	0.000	0.000	1.294	0.777	0.212	0.747
1.262	0.864	0.336	0.796	0.000	0.000	0.000	0.000	1.283	0.775	0.220	0.743
1.262	0.857	0.393	0.761	0.000	0.000	0.000	0.000	1.204	0.761	0.273	0.710
1.253	0.859	0.415	0.752	0.000	0.000	0.000	0.000	1.174	0.760	0.294	0.701
1.170	0.859	0.358	0.781	0.000	0.000	0.000	0.000	1.181	0.756	0.287	0.699
1.170	0.859	0.358	0.781	0.000	0.000	0.000	0.000	1.181	0.756	0.287	0.699
1.156	0.863	0.287	0.813	0.000	0.000	0.000	0.000	1.344	0.779	0.175	0.759
1.157	0.864	0.184	0.845	0.000	0.000	0.000	0.000	1.471	0.794	0.079	0.790
1.177	0.857	0.138	0.846	0.000	0.000	0.000	0.000	1.525	0.792	0.036	0.791
1.207	0.852	0.104	0.846	0.000	0.000	0.000	0.000	1.566	0.791	0.004	0.791
1.236	0.844	0.087	0.839	0.000	0.000	0.000	0.000	1.586	0.784	-0.012	0.784
1.257	0.838	0.225	0.808	0.000	0.000	0.000	0.000	1.417	0.763	0.117	0.754
1.271	0.840	0.263	0.798	0.000	0.000	0.000	0.000	1.369	0.759	0.152	0.744
1.285	0.843	0.279	0.795	0.000	0.000	0.000	0.000	1.349	0.760	0.167	0.741
1.305	0.848	0.213	0.821	0.000	0.000	0.000	0.000	1.433	0.774	0.106	0.767
1.327	0.843	0.282	0.794	-0.641	2.740	2.195	1.639	1.495	0.783	0.059	0.781
1.327	0.843	0.282	0.794	-0.641	2.740	2.195	1.639	1.495	0.783	0.059	0.781
1.306	0.838	0.300	0.782	-0.641	2.740	2.195	1.639	1.321	0.752	0.186	0.729
1.280	0.850	0.320	0.787	-0.641	2.740	2.195	1.639	1.298	0.762	0.205	0.734
1.255	0.860	0.201	0.836	0.000	0.000	0.000	0.000	1.451	0.787	0.094	0.781
1.265	0.869	0.000	0.869	0.000	0.000	0.000	0.000	1.686	0.819	-0.094	0.814
1.281	0.866	0.230	0.834	0.000	0.000	0.000	0.000	1.416	0.789	0.122	0.780
1.280	0.870	0.311	0.812	0.000	0.000	0.000	0.000	1.317	0.784	0.197	0.759
1.266	0.853	0.341	0.781	0.642	2.742	2.195	1.643	1.271	0.762	0.225	0.728
1.251	0.849	0.338	0.778	0.642	2.742	2.195	1.643	1.274	0.758	0.222	0.725
1.250	0.857	0.278	0.810	-0.634	2.767	2.229	1.639	1.416	0.780	0.120	0.771
1.250	0.857	0.278	0.810	-0.634	2.767	2.229	1.639	1.355	0.774	0.166	0.756
1.258	0.840	0.266	0.797	-0.634	2.767	2.229	1.639	1.365	0.759	0.155	0.743
1.263	0.844	0.281	0.796	-0.605	2.848	2.342	1.620	1.347	0.761	0.169	0.742
1.261	0.837	0.304	0.780	-0.605	2.848	2.342	1.620	1.315	0.751	0.190	0.727
1.243	0.838	0.340	0.766	0.608	2.852	2.342	1.628	1.267	0.748	0.224	0.714
1.220	0.850	0.297	0.796	0.608	2.852	2.342	1.628	1.328	0.765	0.184	0.743
1.218	0.858	0.279	0.811	0.608	2.852	2.342	1.628	1.354	0.775	0.167	0.757
1.231	0.853	0.312	0.794	0.625	2.750	2.229	1.610	1.310	0.767	0.198	0.741
1.247	0.855	0.261	0.814	0.625	2.750	2.229	1.610	1.376	0.775	0.150	0.760
1.251	0.856	0.233	0.823	0.000	0.000	0.000	0.000	1.411	0.779	0.124	0.769
1.258	0.855	0.199	0.832	0.000	0.000	0.000	0.000	1.452	0.783	0.093	0.777
1.272	0.857	0.096	0.852	-0.050	4.068	4.063	-0.203	1.576	0.797	-0.004	0.797
1.284	0.850	0.153	0.836	-0.050	4.068	4.063	-0.203	1.507	0.783	0.050	0.781
1.289	0.851	0.289	0.800	0.000	0.000	0.000	0.000	1.339	0.766	0.176	0.746
1.300	0.855	0.134	0.845	0.000	0.000	0.000	0.000	1.530	0.791	0.032	0.790
1.321	0.851	0.190	0.830	0.000	0.000	0.000	0.000	1.463	0.780	0.084	0.775
1.329	0.845	0.236	0.812	0.000	0.000	0.000	0.000	1.405	0.769	0.127	0.758
1.330	0.861	0.175	0.843	0.000	0.000	0.000	0.000	1.350	0.756	0.166	0.738
1.330	0.858	0.216	0.830	0.000	0.000	0.000	0.000	1.433	0.783	0.108	0.776
1.319	0.855	0.245	0.819	0.000	0.000	0.000	0.000	1.396	0.777	0.135	0.765
1.303	0.847	0.296	0.794	-0.327	6.228	5.897	-2.002	1.329	0.763	0.183	0.741
1.292	0.842	0.341	0.769	-0.327	6.228	5.897	-2.002	1.267	0.751	0.225	0.717
1.272	0.844	0.322	0.780	0.327	6.228	5.897	-2.002	1.293	0.756	0.207	0.727
1.254	0.842	0.308	0.784	0.327	6.228	5.897	-2.002	1.311	0.756	0.194	0.731
1.249	0.841	0.258	0.800	0.047	4.068	4.063	-0.193	1.376	0.760	0.147	0.746
1.246	0.850	0.271	0.805	0.047	4.068	4.063	-0.193	1.361	0.768	0.160	0.751
1.195	0.858	0.386	0.767	0.000	0.000	0.000	0.000	1.214	0.758	0.265	0.710
1.195	0.858	0.386	0.767	0.000	0.000	0.000	0.000	1.214	0.758	0.265	0.710
1.186	0.862	0.281	0.815	0.000	0.000	0.000	0.000	1.352	0.780	0.169	0.761
1.193	0.863	0.202	0.839	0.000	0.000	0.000	0.000	1.450	0.790	0.095	0.784
1.204	0.865	0.251	0.827	-0.042	3.923	3.919	-0.167	1.390	0.786	0.141	0.773
1.220	0.865	0.296	0.813	-0.042	3.923	3.919	-0.167	1.335	0.780	0.182	0.758
1.220	0.865	0.296	0.813	-0.042	3.923	3.919	-0.167	1.335	0.782	0.183	0.760
1.219	0.857	0.280	0.810	-0.042	3.923	3.919	-0.167	1.352	0.774	0.168	0.756
1.221	0.855	0.159	0.840	-0.042	3.923	3.919	-0.167	1.501	0.787	0.055	0.785
1.304	0.871	0.000	0.871	-0.327	6.111	5.786	-1.965	1.684	0.832	-0.094	0.827
1.350	0.862	0.000	0.862	-0.327	6.111	5.786	-1.965	1.687	0.812	-0.094	0.807
1.364	0.855	0.244	0.819	-0.327	6.228	5.897	-2.002	1.397	0.777	0.134	0.765
1.359	0.858	0.251	0.820	-0.327	6.228	5.897	-2.002	1.389	0.779	0.141	0.766
1.358	0.868	0.174	0.850	-0.327	6.228	5.897	-2.002	1.484	0.798	0.069	0.795
1.355	0.860	0.297	0.807	-0.327	6.228	5.897	-2.002	1.331	0.776	0.184	0.754
1.358	0.837	0.263	0.794	-0.327	6.228	5.897	-2.002	1.368	0.755	0.152	0.740
1.357	0.843	0.287	0.792	0.329	6.114	5.786	-1.976	1.339	0.758	0.174	0.738
1.352	0.840	0.261	0.798	0.329	6.114	5.786	-1.976	1.372	0.759	0.150	0.744
1.331	0.836	0.195	0.813	0.329	6.114	5.786	-1.976	1.454	0.763	0.089	0.758
1.287	0.854	0.144	0.841	0.329	6.114	5.786	-1.976	1.437	0.774	0.103	0.767
1.287	0.854	0.144	0.841	0.329	6.114	5.786	-1.976	1.437	0.774	0.103	0.767
1.284	0.861	0.176	0.842	0.329	6.114	5.786	-1.976	1.481	0.790	0.071	0.787
1.281	0.852	0.343	0.780	0.329	6.114	5.786	-1.976	1.268	0.762	0.227	0.727
1.254	0.840	0.349	0.765	0.327	6.158	5.832	-1.976	1.215	0.749	0.261	0.702
1.242	0.843	0.335	0.774	0.000	0.000	0.000	0.000	1.276	0.754	0.219	0.721
1.235	0.852	0.356	0.774	0.000	0.000	0.000	0.000	1.251	0.761	0.239	0.722
1.223	0.861	0.405	0.760	0.000	0.000	0.000	0.000	1.189	0.764	0.285	0.709
1.198	0.858	0.409	0.754	0.000	0.000	0.000	0.000	1.182	0.760	0.288	0.703
1.157	0.855	0.294	0.802	0.000	0.000	0.000	0.000	1.290	0.768	0.213	0.738
1.147	0.848	0.235	0.814	0.000	0.000	0.000	0.000	1.407	0.770	0.126	0.760
1.154	0.854	0.207	0.828	0.000	0.000	0.000	0.000	1.442	0.779	0.100	0.773
1.170	0.858	0.236	0.824	0.000	0.000	0.000	0.000	1.407	0.780	0.127	0.770
1.186	0.852	0.165	0.836	0.106	5.865	5.832	-0.621	1.493	0.783	0.061	0.781
1.193	0.843	0.315	0.782	0.106	5.865	5.832	-0.621	1.303	0.756	0.200	0.729
1.218	0.847	0.171	0.829	0.000	0.000	0.000	0.000	1.397	0.763	0.132	0.751
1.237	0.855	0.253	0.817	0.000	0.000	0.000	0.000	1.386	0.776	0.143	0.763
1.249	0.855	0.328	0.790	0.000	0.000	0.000	0.000	1.289	0.767	0.213	0.737
1.240	0.850	0.422	0.737	0.000	0.000	0.000	0.000	1.159	0.750	0.300	0.687
1.225	0.846	0.380	0.756	0.000	0.000	0.000	0.000	1.216	0.751	0.261	0.704
1.209	0.855	0.331	0.788	0.000	0.000	0.000	0.000	1.285	0.766	0.216	0.735
1.193	0.873	0.302	0.819	0.284	4.184	4.016	1.174	1.285	0.773	0.218	0.742
1.193	0.873	0.302	0.819	0.284	4.184	4.016	1.174	1.285	0.773	0.218	0.742
1.188	0.867	0.373	0.782	0.284	4.184	4.016	1.174	1.235	0.773	0.255	0.730
1.174	0.850	0.389	0.756	0.000	0.000	0.000	0.000	1.206	0.755	0.269	0.705
1.147	0.849	0.333	0.780	0.000	0.000	0.000	0.000	1.299	0.763	0.205	0.735
1.153	0.847	0.315	0.786	0.000	0.000	0.000	0.000	1.304	0.760	0.200	0.733
1.161	0.841	0.328	0.774	0.000	0.000	0.000	0.000	1.285	0.752	0.212	0.721
1.179	0.851	0.077	0.848	0.000	0.000	0.000	0.000	1.599	0.793	-0.022	0.793
1.193	0.850	0.211	0.824	0.000	0.000	0.000	0.000	1.436	0.776	0.104	0.769
1.204	0.848	0.171	0.830	0.613	2.747	2.247	1.581	1.486	0.778	0.066	0.775
1.214	0.846	0.255	0.807	0.613	2.747	2.247	1.581	1.381	0.767	0.145	0.753
1.234	0.852	0.229	0.820	0.613	2.747	2.247	1.581	1.415	0.775	0.120	0.766
1.246	0.859	0.219	0.830	0.617	2.755	2.247	1.595	1.429	0.784	0.111	0.776
1.251	0.861	0.274	0.816	0.617	2.755	2.247	1.595	1.360	0.779	0.163	0.762
1.246	0.846	0.378	0.757	0.000	0.000	0.000	0.000	1.247	0.761	0.242	0.722
1.246	0.846	0.378	0.757	0.000	0.000	0.000	0.000	1.247	0.761	0.242	0.722
1.247	0.839	0.350	0.763	0.000	0.000	0.000	0.000	1.254	0.748	0.233	0.711
1.240	0.839	0.216	0.810	0.000	0.000	0.000	0.000	1.429	0.764	0.108	0.756
1.248	0.849	0.000	0.849	0.000	0.000	0.000	0.000	1.689	0.800	-0.094	0.794
1.272	0.859	0.000	0.859	0.000	0.000	0.000	0.000	1.687	0.809	-0.094	0.804
1.301	0.861	0.000	0.861	0.000	0.000	0.000	0.000	1.687	0.811	-0.094	0.806
1.313	0.857	0.261	0.816	0.000	0.000	0.000	0.000	1.376	0.777	0.150	0.762
1.300	0.842	0.395	0.743	0.000	0.000	0.000	0.000	1.193	0.745	0.275	0.692
1.287	0.839	0.341	0.767	0.000	0.000	0.000	0.000	1.266	0.750	0.225	0.715
1.286	0.852	0.298	0.799	0.000	0.000	0.000	0.000	1.328	0.769	0.185	0.746
1.304	0.855	0.230	0.823	0.000	0.000	0.000	0.000	1.415	0.778	0.121	0.769
1.315	0.858	0.266	0.816	0.000	0.000	0.000	0.000	1.370	0.778	0.155	0.762
1.304	0.853	0.405	0.750	0.628	2.714	2.196	1.595	1.185	0.754	0.284	0.699
1.268	0.842	0.421	0.729	0.628	2.714	2.196	1.595	1.156	0.742	0.299	0.679
1.175	0.841	0.341	0.768	0.628	2.714	2.196	1.595	1.234	0.741	0.245	0.699
1.149	0.842	0.328	0.776	0.000	0.000	0.000	0.000	1.286	0.753	0.212	0.723
1.159	0.851	0.303	0.795	0.000	0.000	0.000	0.000	1.277	0.753	0.218	0.721
1.164	0.847	0.222	0.817	0.000	0.000	0.000	0.000	1.321	0.766	0.189	0.742
1.169	0.846	0.176	0.827	0.000	0.000	0.000	0.000	1.479	0.775	0.071	0.772
1.180	0.858	0.196	0.835	0.000	0.000	0.000	0.000	1.456	0.785	0.090	0.780
1.200	0.866	0.247	0.830	-0.613	2.747	2.247	1.581	1.396	0.788	0.137	0.776
1.224	0.861	0.309	0.803	-0.613	2.747	2.247	1.581	1.316	0.775	0.195	0.750
1.239	0.857	0.265	0.814	-0.613	2.747	2.247	1.581	1.371	0.775	0.154	0.760
1.241	0.859	0.361	0.779	-0.607	2.757	2.264	1.573	1.247	0.767	0.244	0.727
1.242	0.862	0.361	0.782	-0.607	2.757	2.264	1.573	1.248	0.770	0.244	0.730
1.250	0.863	0.302	0.808	-0.304	3.903	3.724	1.170	1.326	0.778	0.189	0.755
1.245	0.861	0.346	0.788	-0.304	3.903	3.724	1.170	1.326	0.778	0.189	0.755
1.214	0.854	0.345	0.781	0.000	0.000	0.000	0.000	1.226	0.757	0.256	0.712
1.197	0.845	0.234	0.812	0.000	0.000	0.000	0.000	1.407	0.768	0.125	0.758
1.187	0.848	0.279	0.801	0.000	0.000	0.000	0.000	1.351	0.765	0.167	0.747
1.177	0.858	0.313	0.799	0.000	0.000	0.000	0.000	1.351	0.765	0.167	0.747
1.168	0.856	0.437	0.735	0.000	0.000	0.000	0.000	1.141	0.754	0.314	0.685
1.165	0.869	0.334	0.802	0.000	0.000	0.000	0.000	1.286	0.780	0.219	0.749
1.179	0.868	0.221	0.840	-0.304	3.903	3.724	1.169	1.428	0.794	0.113	0.786
1.206	0.856	0.314	0.796	-0.105	5.460	5.430	-0.575	1.405	0.787	0.130	0.776
1.206	0.856	0.314	0.796	-0.105	5.460	5.430	-0.575	1.405	0.787	0.130	0.776
1.202	0.844	0.413	0.735	-0.105	5.460	5.430	-0.575	1.169	0.743	0.291	0.684
1.191	0.852	0.475	0.707	0.000	0.000	0.000	0.000	1.083	0.745	0.349	0.658
1.172	0.855	0.442	0.732	0.000	0.000	0.000	0.000	1.133	0.753	0.319	0.682
1.156	0.841	0.353	0.763	0.000	0.000	0.000	0.000	1.250	0.749	0.236	0.711
1.153	0.845	0.348	0.770	0.000	0.000	0.000	0.000	1.260	0.754	0.231	0.718
1.155	0.837	0.361	0.755	0.000	0.000	0.000	0.000	1.238	0.744	0.243	0.703
1.149	0.846	0.405	0.743	0.000	0.000	0.000	0.000	1.181	0.748	0.284	0.692
1.126	0.860	0.409	0.756	0.000	0.000	0.000	0.000	1.183	0.762	0.288	0.705
1.098	0.859	0.384	0.767	-0.327	6.112	5.787	-1.966	1.216	0.763	0.265	0.715
1.087	0.850	0.352	0.773	0.000	0.000	0.000	0.000	1.256	0.758	0.235	0.721
1.093	0.858	0.354	0.782	0.000	0.000	0.000	0.000	1.257	0.768	0.237	0.730
1.103	0.860	0.370	0.777	0.000	0.000	0.000	0.000	1.236	0.768	0.252	0.725
1.116	0.871	0.379	0.784	0.000	0.000	0.000	0.000	1.228	0.777	0.261	0.732
1.119	0.871	0.374	0.787	0.000	0.000	0.000	0.000	1.236	0.778	0.256	0.735
1.115	0.874	0.384	0.785	0.000	0.000	0.000	0.000	1.224	0.779	0.265	0.733
1.112	0.870	0.374	0.786	0.000	0.000	0.000	0.000	1.235	0.777	0.256	0.734
1.114	0.853	0.382	0.763	-0.327	6.228	5.897	-2.002	1.217	0.758	0.263	0.711
1.116	0.838	0.368	0.753	-0.327	6.228	5.897	-2.002	1.228	0.744	0.250	0.701
1.113	0.840	0.401	0.738	-0.329	6.231	5.897	-2.013	1.184	0.742	0.280	0.687
1.111	0.856	0.310	0.797	-0.329	6.231	5.897	-2.013	1.313	0.769	0.196	0.744
1.110	0.868	0.339	0.799	-0.329	6.231	5.897	-2.013	1.280	0.779	0.223	0.746
1.105	0.866	0.435	0.749	-0.329	6.231	5.897	-2.013	1.150	0.766	0.313	0.699
1.096	0.858	0.408	0.755	0.000	0.000	0.000	0.000	1.184	0.760	0.287	0.704
1.093	0.860	0.355	0.783	0.000	0.000	0.000	0.000	1.256	0.769	0.238	0.731
1.095	0.857	0.347	0.783	0.000	0.000	0.000	0.000	1.266	0.766	0.230	0.731
1.100	0.858	0.391	0.764	0.000	0.000	0.000	0.000	1.255	0.767	0.238	0.729
1.100	0.858	0.391	0.764	0.000	0.000	0.000	0.000	1.208	0.763	0.271	0.713
1.097	0.864	0.435	0.746	0.329	6.231	5.897	-2.013	1.149	0.763	0.312	0.696
1.093	0.860	0.463	0.725	0.329	6.231	5.897	-2.013	1.107	0.756	0.338	0.676
1.084	0.860	0.411	0.756	0.000	0.000	0.000	0.000	1.181	0.762	0.290	0.705
1.079	0.860	0.385	0.769	0.000	0.000	0.000	0.000	1.216	0.765	0.266	0.717
1.081	0.846	0.382	0.755	0.000	0.000	0.000	0.000	1.213	0.751	0.263	0.703
1.091	0.854	0.283	0.805	0.000	0.000	0.000	0.000	1.347	0.770	0.171	0.751
1.108	0.871	0.290	0.821	0.000	0.000	0.000	0.000	1.343	0.787	0.178	0.767
1.125	0.872	0.105	0.865	0.000	0.000	0.000	0.000	1.565	0.810	0.005	0.810
1.152	0.868	0.000	0.868	-0.329	6.231	5.897	-2.013	1.686	0.818	-0.094	0.813
1.186	0.854	0.195	0.832	-0.329	6.231	5.897	-2.013	1.457	0.782	0.089	0.777
1.211	0.852	0.275	0.806	-0.329	6.231	5.897	-2.013	1.357	0.769	0.163	0.752
1.235	0.846	0.262	0.804	-0.327	6.228	5.897	-2.002	1.372	0.765	0.151	0.750
1.272	0.851	0.285	0.802	-0.327	6.228	5.897	-2.002	1.385	0.768	0.142	0.755
1.280	0.849	0.309	0.791	-0.327	6.228	5.897	-2.002	1.312	0.763	0.195	0.738
1.282	0.850	0.314	0.790	-0.327	6.228	5.897	-2.002	1.306	0.764	0.200	0.737
1.278	0.838	0.282	0.789	-0.327	6.228	5.897	-2.002	1.344	0.754	0.170	0.735
1.277	0.837	0.227	0.806	-0.326	6.224	5.897	-1.991	1.415	0.761	0.118	0.752
1.255	0.845	0.316	0.784	-0.327	6.111	5.787	-1.965	1.302	0.758	0.201	0.731
1.225	0.855	0.398	0.756	-0.327	6.111	5.787	-1.965	1.302	0.758	0.201	0.731
1.199	0.859	0.448	0.732	-0.327	6.111	5.787	-1.965	1.127	0.755	0.324	0.682
1.176	0.861	0.417	0.753	-0.327	6.111	5.787	-1.965	1.172	0.762	0.296	0.702
1.164	0.859	0.346	0.786	-0.327	6.111	5.787	-1.965	1.267	0.769	0.230	0.734
1.180	0.852	0.190	0.831	-0.329	6.001	5.679	-1.939	1.385	0.773	0.143	0.760
1.180	0.852	0.190	0.831	-0.329	6.001	5.679	-1.939	1.385	0.773	0.143	0.760
1.196	0.854	0.239	0.819	-0.329	6.001	5.679	-1.939	1.402	0.776	0.130	0.765
1.205	0.859	0.270	0.816	0.000	0.000	0.000	0.000	1.365	0.778	0.159	0.762
1.200	0.857	0.287	0.807	0.000	0.000	0.000	0.000	1.342	0.773	0.175	0.753
1.194	0.872	0.392	0.778	0.000	0.000	0.000	0.000	1.230	0.762	0.255	0.718
1.218	0.861	0.267	0.818	0.000	0.000	0.000	0.000	1.233	0.773	0.256	0.729
1.237	0.837	0.258	0.796	0.000	0.000	0.000	0.000	1.426	0.777	0.112	0.769
1.237	0.837	0.258	0.796	0.000	0.000	0.000	0.000	1.426	0.777	0.112	0.769
1.224	0.841	0.358	0.761	0.000	0.000	0.000	0.000	1.244	0.749	0.240	0.709
1.205	0.855	0.361	0.775	0.000	0.000	0.000	0.000	1.247	0.763	0.243	0.723
1.183	0.851	0.415	0.743	0.000	0.000	0.000	0.000	1.169	0.752	0.294	0.692
1.166	0.850	0.412	0.743	0.000	0.000	0.000	0.000	1.173	0.751	0.291	0.692
1.157	0.851	0.428	0.735	0.000	0.000	0.000	0.000	1.151	0.750	0.306	0.685
1.156	0.855	0.358	0.776	0.000	0.000	0.000	0.000	1.249	0.763	0.241	0.724
1.162	0.856	0.301	0.801	0.000	0.000	0.000	0.000	1.249	0.763	0.241	0.724
1.163	0.854	0.325	0.790	-0.329	5.998	5.676	-1.939	1.293	0.766	0.210	0.737
1.151	0.847	0.322	0.783	-0.329	5.998	5.676	-1.939	1.294	0.759	0.207	0.730
1.144	0.853	0.299	0.798	-0.329	6.001	5.679	-1.939	1.326	0.768	0.186	0.745
1.138	0.852	0.367	0.769	-0.329	6.001	5.679	-1.939	1.237	0.759	0.249	0.717
1.140	0.853	0.316	0.792	-0.329	6.117	5.789	-1.976	1.304	0.766	0.202	0.739
1.156	0.845	0.292	0.793	-0.329	6.117	5.789	-1.976	1.333	0.761	0.179	0.740
1.171	0.855	0.270	0.811	-0.329	6.231	5.897	-2.013	1.364	0.774	0.159	0.757
1.186	0.857	0.298	0.804	-0.329	6.231	5.897	-2.013	1.329	0.773	0.185	0.751
1.190	0.859	0.368	0.776	0.000	0.000	0.000	0.000	1.238	0.766	0.250	0.724
1.179	0.848	0.413	0.741	0.000	0.000	0.000	0.000	1.170	0.749	0.292	0.690
1.161	0.851	0.442	0.727	0.000	0.000	0.000	0.000	1.130	0.748	0.319	0.677
1.144	0.855	0.443	0.731	0.000	0.000	0.000	0.000	1.132	0.752	0.320	0.681
1.097	0.855	0.491	0.700	0.000	0.000	0.000	0.000	1.022	0.738	0.385	0.630
1.073	0.846	0.506	0.677	0.000	0.000	0.000	0.000	1.030	0.735	0.378	0.630
1.046	0.852	0.476	0.707	0.000	0.000	0.000	0.000	1.082	0.745	0.350	0.658
1.029	0.854	0.410	0.749	0.000	0.000	0.000	0.000	1.178	0.755	0.289	0.698
1.014	0.853	0.404	0.751	-0.329	6.231	5.897	-2.013	1.187	0.755	0.283	0.700
1.011	0.863	0.367	0.781	-0.329	6.231	5.897	-2.013	1.242	0.770	0.249	0.729
1.017	0.859	0.389	0.765	-0.329	6.231	5.897	-2.013	1.209	0.763	0.270	0.714
1.028	0.866	0.329	0.801	-0.329	6.231	5.897	-2.013	1.292	0.778	0.214	0.748
1.052	0.856	0.282	0.808	-0.329	6.231	5.897	-2.013	1.349	0.773	0.170	0.754
1.080	0.848	0.332	0.780	-0.329	6.231	5.897	-2.013	1.282	0.758	0.216	0.727
1.096	0.837	0.396	0.737	-0.329	6.231	5.897	-2.013	1.188	0.739	0.276	0.686
1.108	0.843	0.448	0.714	-0.329	6.231	5.897	-2.013	1.117	0.740	0.324	0.665
1.114	0.856	0.421	0.744	-0.329	6.231	5.897	-2.013	1.163	0.755	0.299	0.693
1.117	0.864	0.394	0.768	-0.329	6.231	5.897	-2.013	1.206	0.768	0.274	0.717
1.121	0.862	0.386	0.770	-0.329	6.231	5.897	-2.013	1.215	0.766	0.267	0.718
1.121	0.862	0.375	0.776	-0.329	6.231	5.897	-2.013	1.230	0.768	0.257	0.724
1.118	0.854	0.379	0.765	-0.329	6.231	5.897	-2.013	1.221	0.759	0.260	0.713
1.096	0.844	0.394	0.747	-0.329	6.231	5.897	-2.013	1.194	0.751	0.276	0.698
1.084	0.847	0.370	0.761	-0.329	6.231	5.897	-2.013	1.196	0.748	0.274	0.696
1.085	0.840	0.367	0.755	-0.329	6.231	5.897	-2.013	1.229	0.752	0.252	0.709
1.095	0.836	0.314	0.775	-0.329	6.231	5.897	-2.013	1.302	0.749	0.199	0.722
1.110	0.835	0.328	0.767	-0.329	6.231	5.897	-2.013	1.282	0.745	0.212	0.714
1.111	0.843	0.354	0.765	-0.327	6.228	5.897	-2.002	1.219	0.732	0.252	0.687
1.118	0.852	0.332	0.785	-0.327	6.228	5.897	-2.002	1.219	0.732	0.252	0.687
1.124	0.861	0.350	0.786	-0.326	6.224	5.897	-1.991	1.263	0.770	0.233	0.734
1.132	0.859	0.338	0.790	-0.326	6.224	5.897	-1.991	1.278	0.770	0.222	0.737
1.131	0.852	0.382	0.761	-0.322	6.218	5.897	-1.970	1.216	0.756	0.263	0.709
1.133	0.850	0.348	0.776	-0.322	6.218	5.897	-1.970	1.262	0.760	0.231	0.724
1.138	0.848	0.280	0.800	-0.322	6.218	5.897	-1.970	1.349	0.765	0.168	0.746
1.158	0.867	0.094	0.862	-0.322	6.218	5.897	-1.970	1.578	0.807	-0.006	0.807
1.194	0.869	0.154	0.855	0.000	0.000	0.000	0.000	1.507	0.802	0.051	0.800
1.216	0.862	0.269	0.819	0.000	0.000	0.000	0.000	1.367	0.781	0.158	0.765
1.222	0.833	0.394	0.734	0.000	0.000	0.000	0.000	1.274	0.755	0.221	0.722
1.216	0.840	0.407	0.735	0.000	0.000	0.000	0.000	1.175	0.741	0.286	0.684
1.205	0.854	0.401	0.754	0.000	0.000	0.000	0.000	1.191	0.757	0.281	0.703
1.198	0.858	0.422	0.746	0.000	0.000	0.000	0.000	1.191	0.757	0.281	0.703
1.188	0.852	0.390	0.757	-0.317	6.206	5.897	-1.933	1.206	0.756	0.270	0.706
1.183	0.849	0.274	0.803	-0.317	6.206	5.897	-1.933	1.358	0.766	0.162	0.749
1.175	0.850	0.281	0.802	-0.321	6.215	5.898	-1.959	1.349	0.767	0.169	0.748
1.155	0.857	0.217	0.829	-0.321	6.215	5.898	-1.959	1.431	0.783	0.109	0.775
1.144	0.860	0.333	0.793	-0.321	6.214	5.897	-1.959	1.286	0.771	0.217	0.740
1.138	0.855	0.389	0.762	-0.321	6.214	5.897	-1.959	1.209	0.760	0.269	0.711
1.133	0.853	0.449	0.725	-0.322	6.104	5.789	-1.933	1.122	0.749	0.325	0.675
1.123	0.858	0.491	0.703	-0.322	6.104	5.789	-1.933	1.064	0.749	0.364	0.655
1.116	0.855	0.475	0.710	-0.322	6.104	5.789	-1.933	1.085	0.747	0.349	0.661
1.116	0.864	0.390	0.771	-0.324	5.993	5.681	-1.908	1.211	0.769	0.271	0.720
1.128	0.868	0.291	0.817	-0.324	5.993	5.681	-1.908	1.342	0.783	0.178	0.763
1.143	0.863	0.195	0.840	-0.324	5.992	5.680	-1.908	1.458	0.790	0.089	0.785
1.147	0.865	0.323	0.802	-0.326	5.995	5.680	-1.918	1.359	0.778	0.164	0.761
1.147	0.866	0.306	0.810	-0.326	5.995	5.680	-1.918	1.359	0.778	0.164	0.761
1.142	0.859	0.411	0.754	-0.326	5.995	5.680	-1.918	1.180	0.760	0.290	0.703
1.144	0.848	0.396	0.750	-0.326	5.995	5.680	-1.918	1.195	0.752	0.276	0.699
1.168	0.843	0.368	0.758	-0.326	5.995	5.680	-1.918	1.218	0.752	0.260	0.706
1.182	0.844	0.312	0.784	-0.326	5.995	5.680	-1.918	1.306	0.757	0.198	0.731
1.181	0.844	0.365	0.761	-0.326	5.995	5.680	-1.918	1.236	0.751	0.247	0.709
1.163	0.834	0.387	0.738	-0.324	6.107	5.789	-1.944	1.200	0.737	0.267	0.687
1.141	0.830	0.426	0.712	-0.324	6.107	5.789	-1.944	1.142	0.728	0.303	0.662
1.129	0.834	0.278	0.786	-0.326	6.110	5.789	-1.955	1.251	0.744	0.234	0.706
1.144	0.837	0.218	0.808	-0.326	6.224	5.897	-1.991	1.348	0.751	0.166	0.732
1.163	0.849	0.362	0.768	-0.326	6.224	5.897	-1.991	1.285	0.757	0.213	0.726
1.162	0.864	0.374	0.778	-0.326	6.224	5.897	-1.991	1.232	0.770	0.256	0.726
1.151	0.862	0.432	0.746	-0.326	6.224	5.897	-1.991	1.232	0.770	0.256	0.726
1.141	0.856	0.440	0.734	-0.326	6.225	5.898	-1.991	1.137	0.754	0.317	0.684
1.129	0.851	0.467	0.711	-0.326	6.225	5.898	-1.991	1.094	0.745	0.342	0.662
1.121	0.839	0.458	0.703	-0.326	6.225	5.898	-1.991	1.100	0.734	0.333	0.654
1.113	0.836	0.415	0.726	-0.326	6.225	5.898	-1.991	1.162	0.737	0.293	0.676
1.103	0.840	0.340	0.768	-0.326	6.225	5.898	-1.991	1.268	0.750	0.224	0.716
1.085	0.852	0.371	0.767	0.000	0.000	0.000	0.000	1.268	0.750	0.224	0.716
1.077	0.850	0.431	0.733	0.000	0.000	0.000	0.000	1.147	0.749	0.308	0.683
1.071	0.846	0.434	0.726	0.000	0.000	0.000	0.000	1.140	0.744	0.311	0.676
1.073	0.832	0.378	0.741	0.000	0.000	0.000	0.000	1.212	0.737	0.259	0.690
1.078	0.837	0.353	0.759	0.000	0.000	0.000	0.000	1.249	0.745	0.236	0.707
1.090	0.840	0.379	0.750	0.000	0.000	0.000	0.000	1.214	0.745	0.260	0.698
1.100	0.845	0.377	0.756	0.000	0.000	0.000	0.000	1.214	0.745	0.260	0.698
1.109	0.845	0.349	0.769	0.000	0.000	0.000	0.000	1.258	0.754	0.232	0.717
1.116	0.842	0.254	0.802	0.000	0.000	0.000	0.000	1.258	0.754	0.232	0.717
1.121	0.848	0.305	0.791	0.000	0.000	0.000	0.000	1.318	0.762	0.191	0.738
1.129	0.850	0.339	0.779	0.000	0.000	0.000	0.000	1.318	0.762	0.191	0.738
1.157	0.861	0.325	0.798	-0.326	6.225	5.898	-1.991	1.310	0.768	0.198	0.742
1.176	0.850	0.167	0.834	-0.326	6.225	5.898	-1.991	1.490	0.782	0.063	0.779
1.192	0.846	0.300	0.791	-0.326	6.225	5.898	-1.991	1.490	0.782	0.063	0.779
1.201	0.843	0.348	0.768	-0.326	6.224	5.897	-1.991	1.323	0.761	0.187	0.738
1.197	0.842	0.411	0.735	-0.326	6.224	5.897	-1.991	1.259	0.752	0.231	0.716
1.182	0.844	0.431	0.725	-0.326	6.224	5.897	-1.991	1.170	0.743	0.290	0.684
1.165	0.847	0.455	0.715	-0.326	6.224	5.897	-1.991	1.143	0.742	0.308	0.675
1.138	0.859	0.362	0.779	-0.326	6.224	5.897	-1.991	1.148	0.748	0.307	0.682
1.137	0.846	0.332	0.778	0.000	0.000	0.000	0.000	1.281	0.756	0.216	0.725
1.130	0.846	0.262	0.804	0.000	0.000	0.000	0.000	1.372	0.765	0.151	0.750
1.109	0.845	0.435	0.724	0.000	0.000	0.000	0.000	1.372	0.765	0.151	0.750
1.098	0.854	0.417	0.744	0.000	0.000	0.000	0.000	1.204	0.758	0.272	0.708
1.098	0.854	0.417	0.744	0.000	0.000	0.000	0.000	1.168	0.753	0.295	0.693
1.105	0.843	0.398	0.743	-0.326	6.224	5.897	-1.991	1.189	0.746	0.278	0.692
1.112	0.843	0.359	0.762	-0.326	6.224	5.897	-1.991	1.189	0.746	0.278	0.692
1.125	0.837	0.350	0.760	-0.326	6.224	5.897	-1.991	1.244	0.750	0.241	0.710
1.118	0.844	0.386	0.750	0.000	0.000	0.000	0.000	1.246	0.748	0.239	0.709
1.113	0.841	0.341	0.768	0.000	0.000	0.000	0.000	1.207	0.748	0.266	0.699
1.116	0.847	0.316	0.786	0.000	0.000	0.000	0.000	1.303	0.760	0.201	0.733
1.130	0.848	0.204	0.823	0.000	0.000	0.000	0.000	1.445	0.774	0.097	0.768
1.161	0.846	0.321	0.783	0.000	0.000	0.000	0.000	1.371	0.766	0.152	0.751
1.162	0.834	0.370	0.748	-0.326	6.224	5.897	-1.991	1.225	0.740	0.251	0.696
1.157	0.833	0.415	0.722	-0.326	6.224	5.897	-1.991	1.160	0.733	0.293	0.672
1.145	0.838	0.410	0.731	-0.327	6.114	5.789	-1.965	1.169	0.739	0.289	0.680
1.136	0.852	0.404	0.750	-0.327	6.114	5.789	-1.965	1.186	0.754	0.283	0.699
1.138	0.848	0.298	0.793	0.000	0.000	0.000	0.000	1.212	0.757	0.266	0.709
1.149	0.845	0.243	0.809	0.000	0.000	0.000	0.000	1.396	0.767	0.133	0.755
1.151	0.849	0.290	0.798	0.000	0.000	0.000	0.000	1.337	0.765	0.177	0.744
1.144	0.854	0.359	0.775	0.000	0.000	0.000	0.000	1.248	0.762	0.242	0.723
1.140	0.847	0.407	0.742	0.329	6.001	5.679	-1.939	1.178	0.748	0.286	0.691
1.132	0.845	0.415	0.736	0.329	6.001	5.679	-1.939	1.167	0.745	0.293	0.685
1.127	0.846	0.427	0.731	0.329	6.001	5.679	-1.939	1.150	0.746	0.305	0.681
1.129	0.849	0.417	0.739	0.329	6.001	5.679	-1.939	1.166	0.749	0.295	0.688
1.131	0.857	0.403	0.756	0.329	6.001	5.679	-1.939	1.166	0.749	0.295	0.688
1.129	0.853	0.399	0.753	0.328	5.995	5.676	-1.929	1.193	0.755	0.279	0.702
1.125	0.849	0.314	0.789	0.328	5.995	5.676	-1.929	1.305	0.763	0.200	0.736
1.121	0.847	0.231	0.815	0.000	0.000	0.000	0.000	1.305	0.763	0.200	0.736
1.119	0.844	0.326	0.778	0.000	0.000	0.000	0.000	1.288	0.755	0.211	0.725
1.115	0.842	0.348	0.767	-0.314	5.971	5.679	-1.846	1.288	0.755	0.211	0.725
1.116	0.843	0.421	0.730	-0.311	5.966	5.680	-1.825	1.221	0.749	0.257	0.704
1.117	0.848	0.429	0.731	-0.311	5.966	5.680	-1.825	1.148	0.747	0.306	0.681
1.113	0.845	0.483	0.694	-0.311	5.966	5.680	-1.825	1.067	0.738	0.356	0.646
1.105	0.848	0.457	0.714	-0.311	5.963	5.677	-1.825	1.108	0.743	0.332	0.665
1.101	0.855	0.337	0.786	-0.304	5.953	5.679	-1.784	1.201	0.752	0.272	0.701
1.101	0.855	0.337	0.786	-0.304	5.953	5.679	-1.784	1.201	0.752	0.272	0.701
1.104	0.853	0.242	0.817	-0.304	5.953	5.679	-1.784	1.398	0.775	0.133	0.763
1.103	0.839	0.304	0.781	-0.304	5.952	5.678	-1.784	1.316	0.752	0.190	0.728
1.102	0.846	0.346	0.772	-0.304	5.952	5.678	-1.784	1.263	0.756	0.229	0.720
1.103	0.841	0.433	0.722	-0.304	5.951	5.677	-1.784	1.165	0.754	0.298	0.693
1.103	0.841	0.433	0.722	-0.304	5.951	5.677	-1.784	1.165	0.754	0.298	0.693
1.107	0.843	0.427	0.726	0.000	0.000	0.000	0.000	1.148	0.741	0.304	0.676
1.111	0.848	0.452	0.717	0.000	0.000	0.000	0.000	1.114	0.744	0.328	0.668
1.117	0.866	0.305	0.811	0.000	0.000	0.000	0.000	1.209	0.773	0.274	0.723
1.110	0.857	0.307	0.800	0.000	0.000	0.000	0.000	1.318	0.772	0.193	0.747
1.103	0.855	0.385	0.763	0.000	0.000	0.000	0.000	1.264	0.764	0.231	0.728
1.103	0.855	0.385	0.763	0.305	5.950	5.676	-1.784	1.213	0.759	0.266	0.711
1.089	0.839	0.477	0.690	0.305	5.950	5.676	-1.784	1.113	0.745	0.329	0.668
1.077	0.840	0.465	0.699	0.000	0.000	0.000	0.000	1.070	0.732	0.351	0.642
1.067	0.848	0.490	0.692	0.000	0.000	0.000	0.000	1.058	0.739	0.363	0.644
1.071	0.876	0.295	0.825	0.000	0.000	0.000	0.000	1.154	0.756	0.306	0.691
1.082	0.874	0.203	0.850	0.000	0.000	0.000	0.000	1.451	0.801	0.096	0.795
