phi_u	d_u	x_u	y_u	phi_v	d_v	x_v	y_v	phi_f	d_f	x_f	y_f
-0.115	1.993	1.988	-0.140	-0.052	1.630	1.628	-0.085	-0.049	1.812	1.810	-0.088
-0.113	1.991	1.983	-0.176	-0.052	1.630	1.628	-0.085	-0.049	1.813	1.811	-0.088
-0.114	1.995	1.986	-0.188	-0.052	1.630	1.628	-0.085	-0.048	1.816	1.814	-0.088
-0.114	2.001	1.993	-0.177	-0.052	1.630	1.628	-0.085	-0.048	1.820	1.818	-0.088
-0.115	1.992	1.984	-0.178	-0.053	1.631	1.628	-0.086	-0.049	1.814	1.812	-0.089
-0.118	1.996	1.982	-0.239	-0.054	1.631	1.629	-0.087	-0.050	1.817	1.815	-0.091
-0.118	2.009	1.998	-0.211	-0.054	1.631	1.629	-0.087	-0.050	1.826	1.824	-0.091
-0.107	2.011	2.007	-0.132	-0.054	1.631	1.629	-0.087	-0.050	1.825	1.823	-0.091
-0.107	2.011	2.007	-0.132	-0.051	1.631	1.629	-0.083	-0.047	1.828	1.826	-0.086
-0.091	1.996	1.996	0.006	-0.054	1.632	1.629	-0.087	-0.049	1.817	1.815	-0.089
-0.084	1.992	1.991	-0.047	-0.054	1.632	1.629	-0.087	-0.049	1.814	1.812	-0.089
-0.079	1.983	1.976	-0.163	-0.055	1.632	1.630	-0.090	-0.051	1.808	1.806	-0.093
-0.074	1.983	1.972	-0.209	-0.057	1.632	1.630	-0.093	-0.052	1.803	1.801	-0.093
-0.068	1.991	1.980	-0.210	-0.057	1.633	1.630	-0.093	-0.053	1.812	1.809	-0.096
-0.068	1.991	1.980	-0.210	-0.057	1.633	1.630	-0.093	-0.053	1.815	1.812	-0.096
-0.066	2.000	1.987	-0.231	-0.057	1.633	1.630	-0.093	-0.053	1.821	1.818	-0.097
-0.111	2.001	1.982	-0.274	-0.057	1.632	1.629	-0.093	-0.053	1.820	1.817	-0.097
-0.117	1.992	1.968	-0.301	-0.058	1.632	1.629	-0.094	-0.055	1.815	1.812	-0.099
-0.129	1.998	1.975	-0.302	-0.060	1.619	1.616	-0.097	-0.057	1.818	1.815	-0.103
-0.134	2.008	1.998	-0.198	-0.060	1.619	1.616	-0.097	-0.056	1.812	1.809	-0.102
-0.129	2.005	2.000	-0.151	-0.062	1.606	1.603	-0.100	-0.058	1.816	1.813	-0.105
-0.127	2.001	1.983	-0.268	-0.065	1.606	1.602	-0.104	-0.061	1.813	1.810	-0.110
-0.131	1.999	1.970	-0.339	-0.065	1.606	1.602	-0.104	-0.061	1.811	1.808	-0.111
-0.134	1.993	1.962	-0.351	-0.067	1.605	1.602	-0.107	-0.063	1.808	1.804	-0.114
-0.135	1.991	1.976	-0.243	-0.067	1.605	1.602	-0.107	-0.062	1.805	1.802	-0.112
-0.123	2.001	1.995	-0.161	-0.067	1.605	1.602	-0.107	-0.062	1.806	1.803	-0.112
-0.117	2.006	1.994	-0.219	-0.067	1.605	1.601	-0.107	-0.062	1.816	1.812	-0.113
-0.113	2.006	1.997	-0.189	-0.067	1.605	1.601	-0.107	-0.062	1.816	1.812	-0.113
-0.116	2.001	1.990	-0.205	-0.067	1.605	1.601	-0.107	-0.062	1.813	1.810	-0.112
-0.116	2.001	1.990	-0.205	-0.067	1.605	1.601	-0.107	-0.062	1.811	1.808	-0.112
-0.113	1.991	1.986	-0.135	-0.067	1.605	1.601	-0.107	-0.062	1.804	1.801	-0.111
-0.105	1.991	1.986	-0.137	-0.067	1.605	1.601	-0.107	-0.062	1.805	1.802	-0.111
-0.095	1.987	1.983	-0.131	-0.067	1.605	1.601	-0.107	-0.062	1.802	1.799	-0.111
-0.088	1.989	1.987	-0.087	-0.067	1.605	1.601	-0.107	-0.062	1.803	1.800	-0.111
-0.085	1.993	1.991	-0.094	-0.067	1.605	1.601	-0.107	-0.061	1.806	1.803	-0.111
-0.082	1.990	1.988	-0.082	-0.067	1.605	1.601	-0.107	-0.062	1.804	1.801	-0.111
-0.073	1.995	1.991	-0.115	-0.067	1.605	1.601	-0.107	-0.061	1.806	1.803	-0.111
-0.068	1.997	1.990	-0.163	-0.067	1.605	1.601	-0.107	-0.062	1.805	1.802	-0.112
-0.068	1.997	1.990	-0.163	-0.067	1.605	1.601	-0.107	-0.062	1.805	1.802	-0.112
-0.067	1.984	1.974	-0.193	-0.067	1.605	1.601	-0.107	-0.062	1.800	1.797	-0.112
-0.071	1.980	1.971	-0.184	-0.067	1.605	1.601	-0.107	-0.062	1.797	1.794	-0.111
-0.075	1.987	1.974	-0.226	-0.067	1.605	1.601	-0.107	-0.062	1.802	1.799	-0.112
-0.078	1.996	1.985	-0.211	-0.067	1.605	1.601	-0.107	-0.062	1.808	1.805	-0.112
-0.082	2.002	1.997	-0.146	-0.067	1.604	1.601	-0.107	-0.062	1.812	1.809	-0.112
-0.089	2.007	1.989	-0.266	-0.067	1.604	1.601	-0.107	-0.062	1.817	1.813	-0.113
-0.101	2.011	1.981	-0.345	-0.067	1.604	1.601	-0.107	-0.063	1.820	1.816	-0.114
-0.112	2.004	1.980	-0.309	-0.067	1.604	1.601	-0.107	-0.063	1.815	1.811	-0.114
-0.123	2.007	1.999	-0.171	-0.067	1.604	1.601	-0.107	-0.062	1.813	1.809	-0.113
-0.122	2.013	2.006	-0.167	-0.067	1.604	1.601	-0.107	-0.062	1.820	1.817	-0.112
-0.120	2.007	2.000	-0.160	-0.067	1.604	1.601	-0.107	-0.062	1.815	1.812	-0.112
-0.116	1.997	1.991	-0.155	-0.067	1.604	1.601	-0.107	-0.062	1.809	1.806	-0.112
-0.111	1.992	1.988	-0.125	-0.067	1.604	1.601	-0.107	-0.062	1.805	1.802	-0.111
-0.099	1.989	1.986	-0.094	-0.066	1.604	1.600	-0.105	-0.061	1.798	1.795	-0.109
-0.089	1.985	1.980	-0.148	-0.066	1.604	1.600	-0.105	-0.060	1.803	1.800	-0.109
-0.089	1.985	1.980	-0.148	-0.066	1.604	1.600	-0.105	-0.061	1.801	1.798	-0.110
-0.079	1.985	1.977	-0.181	-0.066	1.604	1.600	-0.105	-0.061	1.801	1.798	-0.110
-0.074	1.993	1.988	-0.142	-0.067	1.578	1.575	-0.105	-0.062	1.798	1.795	-0.111
-0.066	2.001	2.000	-0.087	-0.064	1.578	1.575	-0.102	-0.059	1.802	1.799	-0.107
-0.062	2.001	2.000	-0.061	-0.061	1.578	1.575	-0.096	-0.059	1.804	1.801	-0.107
-0.062	1.997	1.993	-0.120	-0.061	1.578	1.575	-0.096	-0.056	1.803	1.800	-0.101
-0.062	1.997	1.993	-0.120	-0.061	1.578	1.575	-0.096	-0.056	1.801	1.798	-0.101
-0.066	1.991	1.982	-0.186	-0.055	1.577	1.575	-0.086	-0.051	1.796	1.794	-0.091
-0.066	1.987	1.984	-0.109	-0.055	1.577	1.575	-0.086	-0.051	1.793	1.791	-0.091
-0.064	1.995	1.990	-0.135	-0.047	1.576	1.575	-0.074	-0.044	1.799	1.797	-0.079
-0.062	1.990	1.980	-0.198	-0.047	1.576	1.575	-0.074	-0.044	1.796	1.794	-0.079
-0.063	1.989	1.983	-0.159	-0.047	1.576	1.575	-0.074	-0.044	1.795	1.793	-0.079
-0.066	1.987	1.979	-0.183	-0.044	1.615	1.614	-0.072	-0.042	1.807	1.805	-0.075
-0.067	1.985	1.983	-0.084	-0.043	1.658	1.656	-0.072	-0.040	1.817	1.816	-0.073
-0.064	1.982	1.982	-0.050	-0.043	1.686	1.685	-0.072	-0.040	1.819	1.818	-0.073
-0.063	1.982	1.979	-0.093	-0.043	1.686	1.685	-0.072	-0.039	1.825	1.824	-0.072
-0.063	1.983	1.968	-0.244	-0.043	1.687	1.685	-0.072	-0.041	1.826	1.825	-0.074
-0.068	1.982	1.968	-0.237	-0.045	1.688	1.686	-0.075	-0.042	1.827	1.825	-0.077
-0.077	1.988	1.964	-0.307	-0.045	1.688	1.686	-0.075	-0.043	1.831	1.829	-0.078
-0.082	1.979	1.966	-0.224	-0.045	1.688	1.686	-0.075	-0.042	1.824	1.822	-0.077
-0.082	1.961	1.957	-0.126	-0.047	1.688	1.686	-0.079	-0.044	1.812	1.810	-0.079
-0.082	1.964	1.958	-0.157	-0.047	1.688	1.686	-0.080	-0.044	1.814	1.812	-0.080
-0.084	1.982	1.975	-0.158	-0.047	1.688	1.686	-0.080	-0.044	1.826	1.824	-0.081
-0.106	2.001	1.988	-0.230	-0.052	1.689	1.687	-0.087	-0.046	1.834	1.832	-0.085
-0.108	1.981	1.972	-0.184	-0.052	1.689	1.687	-0.087	-0.049	1.847	1.845	-0.090
-0.104	1.968	1.961	-0.173	-0.052	1.689	1.687	-0.087	-0.048	1.825	1.823	-0.088
-0.097	1.974	1.966	-0.184	-0.052	1.689	1.687	-0.087	-0.048	1.821	1.819	-0.088
-0.093	1.983	1.971	-0.211	-0.052	1.689	1.687	-0.087	-0.049	1.826	1.824	-0.089
-0.099	1.992	1.969	-0.302	-0.054	1.689	1.687	-0.091	-0.051	1.833	1.831	-0.094
-0.109	2.004	1.972	-0.355	-0.054	1.689	1.687	-0.091	-0.052	1.841	1.839	-0.095
-0.119	1.993	1.986	-0.176	-0.057	1.690	1.687	-0.095	-0.053	1.840	1.837	-0.098
-0.115	1.989	1.981	-0.180	-0.057	1.690	1.687	-0.095	-0.053	1.835	1.832	-0.097
-0.115	1.989	1.981	-0.180	-0.057	1.690	1.687	-0.095	-0.053	1.832	1.829	-0.097
-0.107	1.975	1.974	-0.046	-0.057	1.690	1.687	-0.095	-0.052	1.821	1.819	-0.095
-0.101	1.999	1.987	-0.216	-0.057	1.690	1.687	-0.095	-0.052	1.836	1.833	-0.096
-0.104	2.004	1.991	-0.227	-0.056	1.690	1.687	-0.094	-0.052	1.838	1.835	-0.096
-0.108	1.998	1.991	-0.176	-0.056	1.690	1.688	-0.094	-0.052	1.842	1.839	-0.096
-0.098	1.987	1.986	-0.058	-0.056	1.690	1.688	-0.094	-0.051	1.829	1.827	-0.094
-0.081	1.986	1.985	0.058	-0.056	1.691	1.688	-0.094	-0.051	1.829	1.827	-0.093
-0.064	1.987	1.987	0.011	-0.056	1.691	1.688	-0.094	-0.051	1.830	1.828	-0.093
-0.049	1.999	1.998	-0.032	-0.057	1.665	1.662	-0.096	-0.052	1.831	1.829	-0.095
-0.049	1.999	1.998	-0.032	-0.057	1.665	1.662	-0.096	-0.052	1.831	1.829	-0.095
-0.039	1.996	1.994	-0.096	-0.058	1.638	1.635	-0.096	-0.054	1.823	1.820	-0.098
-0.034	1.995	1.992	-0.116	-0.060	1.637	1.634	-0.098	-0.055	1.819	1.816	-0.100
-0.034	1.995	1.992	-0.116	-0.061	1.637	1.634	-0.100	-0.056	1.819	1.816	-0.102
-0.048	1.984	1.969	-0.241	-0.061	1.637	1.634	-0.100	-0.057	1.811	1.808	-0.103
-0.056	1.995	1.995	-0.013	-0.061	1.638	1.635	-0.100	-0.056	1.811	1.808	-0.102
-0.056	1.995	1.995	-0.013	-0.061	1.638	1.635	-0.100	-0.056	1.811	1.808	-0.102
-0.057	2.004	2.001	-0.118	-0.061	1.638	1.635	-0.100	-0.056	1.814	1.811	-0.101
-0.057	1.995	1.985	-0.202	-0.061	1.638	1.635	-0.100	-0.057	1.819	1.816	-0.103
-0.059	1.984	1.974	-0.191	-0.061	1.638	1.635	-0.100	-0.057	1.811	1.808	-0.103
-0.061	1.981	1.963	-0.268	-0.061	1.638	1.635	-0.100	-0.057	1.810	1.807	-0.103
-0.065	1.982	1.960	-0.291	-0.061	1.638	1.635	-0.100	-0.057	1.810	1.807	-0.104
-0.074	1.998	1.992	-0.150	-0.061	1.638	1.635	-0.100	-0.057	1.821	1.818	-0.104
-0.079	1.999	1.996	-0.097	-0.061	1.639	1.636	-0.100	-0.057	1.821	1.818	-0.103
-0.084	2.000	1.997	-0.107	-0.061	1.639	1.636	-0.100	-0.057	1.822	1.819	-0.103
-0.091	2.005	1.998	-0.163	-0.060	1.639	1.636	-0.099	-0.055	1.821	1.818	-0.101
-0.091	2.005	1.998	-0.163	-0.060	1.639	1.636	-0.099	-0.056	1.826	1.823	-0.102
-0.089	2.009	2.001	-0.181	-0.060	1.640	1.637	-0.099	-0.056	1.829	1.826	-0.102
-0.088	2.007	1.978	-0.337	-0.060	1.640	1.637	-0.099	-0.057	1.828	1.825	-0.104
-0.088	2.005	1.974	-0.350	-0.060	1.640	1.637	-0.099	-0.057	1.827	1.824	-0.104
-0.095	2.002	1.994	-0.179	-0.060	1.640	1.637	-0.099	-0.056	1.830	1.827	-0.103
-0.096	2.004	1.999	-0.130	-0.059	1.667	1.664	-0.099	-0.055	1.833	1.830	-0.101
-0.095	1.998	1.995	-0.092	-0.059	1.667	1.664	-0.099	-0.055	1.830	1.827	-0.100
-0.096	1.987	1.984	-0.123	-0.060	1.640	1.637	-0.099	-0.056	1.814	1.811	-0.101
-0.095	1.979	1.974	-0.136	-0.058	1.667	1.664	-0.096	-0.053	1.817	1.814	-0.097
-0.096	1.972	1.963	-0.187	-0.057	1.695	1.692	-0.096	-0.053	1.822	1.819	-0.096
-0.096	1.993	1.981	-0.217	-0.057	1.695	1.692	-0.096	-0.054	1.818	1.815	-0.098
-0.096	1.993	1.981	-0.217	-0.057	1.695	1.692	-0.096	-0.053	1.836	1.833	-0.097
-0.092	1.998	1.984	-0.239	-0.057	1.695	1.692	-0.096	-0.053	1.840	1.837	-0.098
-0.089	2.000	1.984	-0.252	-0.057	1.695	1.692	-0.096	-0.053	1.841	1.838	-0.098
-0.086	1.999	1.992	-0.159	-0.057	1.695	1.692	-0.096	-0.053	1.840	1.837	-0.097
-0.085	1.997	1.996	-0.064	-0.057	1.695	1.692	-0.096	-0.052	1.839	1.836	-0.096
-0.082	1.988	1.985	-0.108	-0.057	1.695	1.692	-0.096	-0.052	1.832	1.829	-0.096
-0.083	1.980	1.975	-0.130	-0.057	1.695	1.692	-0.096	-0.053	1.827	1.824	-0.096
-0.079	1.978	1.975	-0.119	-0.057	1.695	1.692	-0.096	-0.053	1.826	1.823	-0.096
-0.073	1.986	1.984	-0.089	-0.057	1.695	1.692	-0.096	-0.052	1.831	1.828	-0.096
-0.070	1.993	1.985	-0.181	-0.057	1.695	1.692	-0.096	-0.053	1.836	1.833	-0.097
-0.069	2.008	1.985	-0.301	-0.057	1.695	1.692	-0.096	-0.054	1.846	1.843	-0.099
-0.071	2.000	1.988	-0.223	-0.057	1.695	1.692	-0.096	-0.053	1.848	1.845	-0.098
-0.071	2.000	1.988	-0.223	-0.057	1.695	1.692	-0.096	-0.053	1.841	1.838	-0.098
-0.076	1.994	1.976	-0.265	-0.057	1.695	1.692	-0.096	-0.053	1.837	1.834	-0.098
-0.084	1.981	1.971	-0.200	-0.057	1.695	1.692	-0.096	-0.053	1.828	1.825	-0.097
-0.090	1.999	1.988	-0.211	-0.057	1.694	1.691	-0.096	-0.053	1.840	1.837	-0.098
-0.094	2.010	1.999	-0.204	-0.057	1.694	1.691	-0.096	-0.053	1.847	1.844	-0.098
-0.115	1.998	1.969	-0.338	-0.058	1.666	1.663	-0.096	-0.055	1.831	1.828	-0.100
-0.130	1.983	1.956	-0.326	-0.059	1.638	1.636	-0.096	-0.055	1.821	1.818	-0.100
-0.130	1.983	1.956	-0.326	-0.059	1.638	1.636	-0.096	-0.055	1.821	1.818	-0.100
-0.136	1.989	1.953	-0.379	-0.060	1.638	1.635	-0.098	-0.057	1.816	1.813	-0.103
-0.139	2.006	1.984	-0.295	-0.060	1.638	1.635	-0.098	-0.056	1.827	1.824	-0.103
-0.140	1.999	1.993	-0.158	-0.061	1.638	1.635	-0.100	-0.057	1.822	1.819	-0.103
-0.136	1.997	1.996	-0.063	-0.061	1.638	1.635	-0.100	-0.056	1.820	1.817	-0.102
-0.127	1.991	1.988	-0.107	-0.061	1.626	1.623	-0.100	-0.057	1.812	1.809	-0.103
-0.123	1.990	1.985	-0.142	-0.061	1.626	1.623	-0.100	-0.057	1.811	1.808	-0.103
-0.123	2.005	1.987	-0.269	-0.061	1.626	1.623	-0.100	-0.058	1.822	1.819	-0.105
-0.122	2.011	1.988	-0.304	-0.062	1.613	1.610	-0.100	-0.058	1.822	1.819	-0.106
-0.114	1.998	1.989	-0.182	-0.059	1.613	1.610	-0.096	-0.055	1.812	1.809	-0.100
-0.103	1.993	1.987	-0.152	-0.059	1.613	1.610	-0.096	-0.055	1.809	1.806	-0.100
-0.093	1.997	1.995	-0.091	-0.055	1.612	1.610	-0.088	-0.050	1.811	1.809	-0.091
-0.085	2.002	2.001	-0.078	-0.052	1.612	1.610	-0.084	-0.048	1.815	1.813	-0.087
-0.084	2.002	1.997	-0.138	-0.052	1.612	1.610	-0.084	-0.049	1.815	1.813	-0.088
-0.088	2.004	1.998	-0.149	-0.052	1.612	1.610	-0.084	-0.048	1.816	1.814	-0.088
-0.091	2.017	2.001	-0.251	-0.052	1.612	1.610	-0.084	-0.049	1.816	1.814	-0.089
-0.091	2.020	1.995	-0.314	-0.052	1.612	1.610	-0.084	-0.049	1.828	1.826	-0.090
-0.090	2.008	1.990	-0.262	-0.052	1.612	1.610	-0.084	-0.049	1.819	1.817	-0.089
-0.093	2.015	2.003	-0.217	-0.049	1.624	1.622	-0.080	-0.047	1.828	1.826	-0.085
-0.103	2.002	1.988	-0.237	-0.048	1.637	1.635	-0.078	-0.045	1.824	1.822	-0.082
-0.123	2.020	1.999	-0.291	-0.047	1.637	1.635	-0.077	-0.045	1.827	1.825	-0.082
-0.123	2.020	1.999	-0.291	-0.047	1.637	1.635	-0.077	-0.045	1.836	1.834	-0.082
-0.128	2.016	2.002	-0.233	-0.047	1.637	1.635	-0.077	-0.044	1.833	1.831	-0.081
-0.130	2.005	1.996	-0.196	-0.047	1.637	1.635	-0.077	-0.044	1.826	1.824	-0.080
-0.127	1.995	1.981	-0.235	-0.047	1.637	1.635	-0.077	-0.044	1.819	1.817	-0.080
-0.126	1.993	1.962	-0.347	-0.047	1.637	1.635	-0.077	-0.045	1.818	1.816	-0.082
-0.128	1.990	1.964	-0.320	-0.048	1.638	1.636	-0.078	-0.045	1.816	1.814	-0.082
-0.130	2.003	1.978	-0.312	-0.047	1.666	1.664	-0.078	-0.045	1.833	1.831	-0.082
-0.131	2.002	1.991	-0.207	-0.047	1.666	1.664	-0.078	-0.044	1.833	1.831	-0.081
-0.123	2.000	1.995	-0.138	-0.047	1.709	1.707	-0.080	-0.044	1.843	1.841	-0.081
-0.112	2.001	1.997	-0.127	-0.046	1.724	1.722	-0.080	-0.043	1.846	1.844	-0.080
-0.104	2.006	2.005	-0.068	-0.046	1.724	1.722	-0.080	-0.043	1.854	1.852	-0.079
-0.094	2.009	2.002	-0.172	-0.046	1.724	1.722	-0.080	-0.043	1.855	1.853	-0.080
-0.089	2.009	2.004	-0.146	-0.046	1.724	1.722	-0.080	-0.043	1.856	1.854	-0.080
-0.078	2.004	1.998	-0.154	-0.047	1.724	1.722	-0.080	-0.044	1.855	1.853	-0.082
-0.078	2.004	1.998	-0.154	-0.047	1.724	1.722	-0.080	-0.044	1.853	1.851	-0.081
-0.076	1.995	1.983	-0.211	-0.047	1.724	1.722	-0.080	-0.044	1.846	1.844	-0.081
-0.074	1.999	1.992	-0.168	-0.047	1.723	1.722	-0.080	-0.044	1.849	1.847	-0.081
-0.071	1.996	1.995	-0.047	-0.047	1.723	1.722	-0.080	-0.043	1.847	1.845	-0.080
-0.068	2.007	2.006	-0.062	-0.047	1.723	1.722	-0.080	-0.043	1.854	1.852	-0.080
-0.077	2.007	1.988	-0.273	-0.047	1.722	1.721	-0.080	-0.044	1.854	1.852	-0.082
-0.086	2.008	1.971	-0.384	-0.047	1.722	1.720	-0.080	-0.045	1.856	1.854	-0.083
-0.098	2.003	1.963	-0.396	-0.047	1.722	1.720	-0.080	-0.045	1.852	1.850	-0.083
-0.106	2.015	1.985	-0.350	-0.047	1.722	1.720	-0.080	-0.045	1.861	1.859	-0.083
-0.111	2.014	1.996	-0.267	-0.047	1.722	1.720	-0.080	-0.044	1.859	1.857	-0.082
-0.115	2.013	1.999	-0.235	-0.047	1.722	1.720	-0.080	-0.044	1.858	1.856	-0.082
-0.118	2.016	2.008	-0.176	-0.047	1.722	1.720	-0.080	-0.044	1.860	1.858	-0.081
-0.141	2.010	1.994	-0.247	-0.045	1.784	1.783	-0.080	-0.044	1.857	1.855	-0.082
-0.131	2.000	1.997	-0.103	-0.045	1.784	1.783	-0.080	-0.042	1.869	1.867	-0.078
-0.120	1.992	1.991	-0.062	-0.045	1.784	1.783	-0.080	-0.042	1.864	1.862	-0.078
-0.110	1.988	1.985	-0.105	-0.045	1.785	1.783	-0.080	-0.042	1.861	1.859	-0.078
-0.103	1.989	1.988	-0.059	-0.045	1.785	1.783	-0.080	-0.042	1.862	1.860	-0.078
-0.098	1.990	1.986	-0.127	-0.045	1.785	1.783	-0.080	-0.042	1.863	1.861	-0.079
-0.096	1.998	1.986	-0.212	-0.045	1.785	1.783	-0.080	-0.043	1.868	1.866	-0.080
-0.092	1.991	1.969	-0.293	-0.046	1.785	1.783	-0.082	-0.044	1.869	1.867	-0.082
-0.092	1.991	1.969	-0.293	-0.046	1.785	1.783	-0.082	-0.044	1.864	1.862	-0.082
-0.082	2.003	1.996	-0.168	-0.046	1.785	1.783	-0.082	-0.043	1.863	1.861	-0.080
-0.085	2.025	2.021	-0.132	-0.047	1.785	1.783	-0.084	-0.044	1.886	1.884	-0.083
-0.091	2.021	2.007	-0.232	-0.047	1.785	1.783	-0.084	-0.045	1.883	1.881	-0.084
-0.100	2.025	2.001	-0.306	-0.049	1.754	1.752	-0.087	-0.047	1.876	1.874	-0.088
-0.110	2.022	1.997	-0.318	-0.052	1.724	1.722	-0.090	-0.050	1.865	1.863	-0.093
-0.118	2.008	1.980	-0.335	-0.052	1.724	1.722	-0.090	-0.050	1.856	1.854	-0.093
-0.125	2.002	1.979	-0.301	-0.054	1.724	1.721	-0.093	-0.051	1.856	1.854	-0.095
-0.125	2.002	1.979	-0.301	-0.054	1.724	1.721	-0.093	-0.051	1.851	1.849	-0.094
-0.138	2.008	1.969	-0.393	-0.054	1.724	1.721	-0.093	-0.051	1.859	1.857	-0.095
-0.148	2.008	1.985	-0.298	-0.055	1.709	1.706	-0.095	-0.053	1.852	1.849	-0.098
-0.148	2.008	1.985	-0.298	-0.055	1.709	1.706	-0.095	-0.052	1.851	1.848	-0.097
-0.160	2.009	1.986	-0.303	-0.057	1.694	1.691	-0.096	-0.054	1.847	1.844	-0.099
-0.158	2.004	1.995	-0.188	-0.057	1.693	1.690	-0.096	-0.053	1.843	1.840	-0.098
-0.150	2.003	1.995	-0.177	-0.057	1.693	1.690	-0.096	-0.053	1.842	1.839	-0.098
-0.142	2.000	1.993	-0.156	-0.057	1.693	1.690	-0.096	-0.053	1.839	1.836	-0.097
-0.134	2.008	1.996	-0.217	-0.057	1.693	1.690	-0.096	-0.053	1.846	1.843	-0.098
-0.131	2.011	1.977	-0.370	-0.057	1.693	1.690	-0.096	-0.054	1.849	1.846	-0.100
-0.131	2.011	1.979	-0.355	-0.057	1.693	1.690	-0.096	-0.054	1.848	1.845	-0.100
-0.131	2.016	1.989	-0.327	-0.057	1.693	1.690	-0.096	-0.054	1.851	1.848	-0.100
-0.130	2.020	1.999	-0.291	-0.059	1.665	1.662	-0.098	-0.055	1.845	1.842	-0.102
-0.126	2.031	2.018	-0.233	-0.059	1.665	1.662	-0.098	-0.055	1.852	1.849	-0.102
-0.133	2.016	1.977	-0.391	-0.060	1.665	1.662	-0.100	-0.057	1.851	1.848	-0.106
-0.142	2.005	1.974	-0.351	-0.062	1.636	1.633	-0.101	-0.059	1.826	1.823	-0.107
-0.147	1.996	1.983	-0.233	-0.062	1.636	1.633	-0.101	-0.058	1.819	1.816	-0.105
-0.147	2.000	1.996	-0.129	-0.062	1.636	1.633	-0.101	-0.057	1.821	1.818	-0.104
-0.140	1.999	1.995	-0.126	-0.062	1.636	1.633	-0.101	-0.057	1.821	1.818	-0.104
-0.128	2.002	1.996	-0.146	-0.062	1.636	1.633	-0.101	-0.057	1.822	1.819	-0.104
-0.119	2.003	1.996	-0.167	-0.062	1.636	1.633	-0.101	-0.058	1.823	1.820	-0.105
-0.113	2.001	1.996	-0.148	-0.062	1.636	1.633	-0.101	-0.057	1.822	1.819	-0.104
-0.112	2.018	2.004	-0.240	-0.062	1.636	1.633	-0.101	-0.058	1.834	1.831	-0.106
-0.112	2.020	1.994	-0.323	-0.062	1.636	1.633	-0.101	-0.058	1.836	1.833	-0.107
-0.111	2.019	1.992	-0.325	-0.062	1.636	1.633	-0.101	-0.058	1.834	1.831	-0.107
-0.146	2.037	2.011	-0.321	-0.059	1.636	1.633	-0.096	-0.058	1.835	1.832	-0.106
-0.146	2.044	2.017	-0.331	-0.059	1.636	1.633	-0.096	-0.058	1.835	1.832	-0.106
-0.146	2.044	2.017	-0.331	-0.059	1.636	1.633	-0.096	-0.058	1.838	1.835	-0.106
-0.148	2.043	2.016	-0.331	-0.059	1.636	1.633	-0.096	-0.056	1.851	1.848	-0.103
-0.147	2.032	2.015	-0.265	-0.059	1.635	1.633	-0.096	-0.055	1.844	1.841	-0.101
-0.144	2.013	2.006	-0.164	-0.056	1.621	1.619	-0.090	-0.052	1.825	1.823	-0.095
-0.137	2.005	1.996	-0.191	-0.055	1.621	1.619	-0.089	-0.052	1.820	1.818	-0.095
-0.134	2.018	1.988	-0.344	-0.055	1.621	1.619	-0.089	-0.052	1.829	1.827	-0.095
-0.134	2.030	1.994	-0.382	-0.055	1.621	1.619	-0.089	-0.052	1.839	1.836	-0.096
-0.137	2.024	1.980	-0.423	-0.055	1.621	1.619	-0.089	-0.052	1.835	1.832	-0.096
-0.145	2.028	1.950	-0.557	-0.055	1.621	1.619	-0.089	-0.053	1.839	1.836	-0.098
-0.153	2.019	1.977	-0.410	-0.055	1.621	1.619	-0.089	-0.052	1.831	1.828	-0.096
-0.161	2.022	1.988	-0.366	-0.052	1.609	1.607	-0.084	-0.049	1.821	1.819	-0.090
-0.161	2.022	1.988	-0.366	-0.052	1.609	1.607	-0.084	-0.050	1.828	1.826	-0.091
-0.179	2.024	1.980	-0.419	-0.052	1.609	1.607	-0.084	-0.049	1.826	1.824	-0.090
-0.179	2.024	1.980	-0.419	-0.052	1.609	1.607	-0.084	-0.050	1.830	1.828	-0.091
-0.195	2.027	1.968	-0.487	-0.052	1.622	1.620	-0.084	-0.050	1.837	1.835	-0.092
-0.209	2.013	1.989	-0.310	-0.052	1.622	1.620	-0.084	-0.049	1.826	1.824	-0.089
-0.202	2.013	1.998	-0.241	-0.052	1.635	1.633	-0.084	-0.049	1.830	1.828	-0.089
-0.189	2.008	1.985	-0.299	-0.052	1.635	1.633	-0.084	-0.049	1.827	1.825	-0.089
-0.177	2.018	1.997	-0.288	-0.052	1.636	1.634	-0.084	-0.049	1.834	1.832	-0.089
-0.171	2.016	1.983	-0.361	-0.053	1.636	1.634	-0.086	-0.050	1.833	1.831	-0.092
-0.169	2.006	1.978	-0.336	-0.053	1.636	1.634	-0.086	-0.050	1.826	1.824	-0.091
-0.172	2.021	1.980	-0.404	-0.053	1.636	1.634	-0.086	-0.051	1.837	1.835	-0.093
-0.171	2.023	1.987	-0.381	-0.053	1.636	1.634	-0.086	-0.050	1.838	1.836	-0.092
-0.164	2.016	1.995	-0.289	-0.053	1.636	1.634	-0.086	-0.050	1.833	1.831	-0.091
-0.141	2.007	2.004	-0.107	-0.053	1.636	1.634	-0.086	-0.049	1.829	1.827	-0.090
-0.132	2.000	1.999	-0.063	-0.053	1.636	1.634	-0.086	-0.049	1.826	1.824	-0.089
-0.127	2.001	1.990	-0.213	-0.053	1.636	1.634	-0.086	-0.049	1.822	1.820	-0.090
-0.134	2.011	1.970	-0.406	-0.054	1.663	1.661	-0.090	-0.052	1.840	1.837	-0.096
-0.141	2.010	1.961	-0.443	-0.054	1.663	1.661	-0.090	-0.052	1.839	1.836	-0.096
-0.149	2.012	1.984	-0.336	-0.054	1.663	1.661	-0.090	-0.053	1.848	1.845	-0.097
-0.149	2.012	1.984	-0.336	-0.053	1.690	1.687	-0.090	-0.051	1.847	1.845	-0.094
-0.148	2.020	1.984	-0.378	-0.053	1.690	1.687	-0.090	-0.051	1.853	1.851	-0.095
-0.146	2.022	2.006	-0.251	-0.056	1.690	1.687	-0.094	-0.052	1.854	1.851	-0.097
-0.148	2.019	1.996	-0.303	-0.056	1.690	1.687	-0.094	-0.053	1.853	1.850	-0.098
-0.155	2.023	2.010	-0.226	-0.057	1.662	1.660	-0.094	-0.053	1.846	1.843	-0.098
-0.161	2.011	2.004	-0.170	-0.057	1.662	1.660	-0.094	-0.053	1.838	1.835	-0.097
-0.162	2.014	2.003	-0.205	-0.058	1.635	1.632	-0.094	-0.054	1.831	1.828	-0.099
-0.139	2.000	1.990	-0.205	-0.057	1.634	1.632	-0.093	-0.053	1.822	1.819	-0.097
-0.106	2.020	2.007	-0.224	-0.056	1.634	1.631	-0.092	-0.054	1.830	1.827	-0.098
-0.101	2.008	2.000	-0.182	-0.056	1.633	1.631	-0.092	-0.053	1.827	1.824	-0.096
-0.096	2.015	2.010	-0.143	-0.056	1.633	1.630	-0.091	-0.052	1.830	1.828	-0.095
-0.095	2.016	2.007	-0.189	-0.056	1.633	1.630	-0.091	-0.052	1.832	1.829	-0.096
-0.099	2.015	1.992	-0.305	-0.056	1.632	1.630	-0.092	-0.054	1.832	1.829	-0.098
-0.105	2.018	2.000	-0.271	-0.056	1.632	1.630	-0.092	-0.053	1.834	1.831	-0.097
-0.114	2.027	2.011	-0.252	-0.057	1.620	1.617	-0.092	-0.054	1.834	1.831	-0.099
-0.113	2.021	2.011	-0.200	-0.057	1.607	1.604	-0.091	-0.053	1.827	1.824	-0.097
-0.114	2.022	2.010	-0.219	-0.057	1.607	1.604	-0.091	-0.053	1.828	1.825	-0.097
-0.114	2.024	2.005	-0.273	-0.057	1.607	1.604	-0.091	-0.054	1.829	1.826	-0.098
-0.119	2.022	2.002	-0.283	-0.057	1.607	1.604	-0.091	-0.054	1.828	1.825	-0.098
-0.128	2.035	2.003	-0.362	-0.057	1.606	1.604	-0.091	-0.054	1.837	1.834	-0.099
-0.135	2.039	2.010	-0.342	-0.057	1.606	1.604	-0.091	-0.054	1.839	1.836	-0.099
-0.135	2.013	1.998	-0.241	-0.057	1.606	1.604	-0.091	-0.053	1.828	1.825	-0.097
-0.135	2.013	1.998	-0.241	-0.057	1.606	1.603	-0.091	-0.053	1.821	1.818	-0.097
-0.131	2.007	1.985	-0.293	-0.057	1.606	1.603	-0.091	-0.053	1.817	1.814	-0.097
-0.131	2.010	1.991	-0.276	-0.057	1.606	1.603	-0.091	-0.053	1.819	1.816	-0.097
-0.138	2.019	1.990	-0.340	-0.057	1.606	1.603	-0.091	-0.054	1.826	1.823	-0.098
-0.149	2.023	2.004	-0.276	-0.057	1.606	1.603	-0.091	-0.054	1.829	1.826	-0.099
-0.139	2.019	2.011	-0.176	-0.057	1.580	1.578	-0.090	-0.053	1.820	1.817	-0.097
-0.132	2.018	2.003	-0.251	-0.056	1.580	1.578	-0.089	-0.053	1.820	1.817	-0.097
-0.132	2.018	2.003	-0.251	-0.056	1.580	1.578	-0.089	-0.053	1.817	1.814	-0.096
-0.130	2.007	1.993	-0.240	-0.056	1.580	1.578	-0.089	-0.053	1.808	1.806	-0.095
-0.131	2.021	1.996	-0.317	-0.056	1.580	1.578	-0.089	-0.053	1.819	1.816	-0.096
-0.132	2.021	2.005	-0.257	-0.056	1.580	1.578	-0.089	-0.053	1.819	1.816	-0.096
-0.133	2.025	2.002	-0.305	-0.055	1.580	1.577	-0.086	-0.052	1.821	1.819	-0.094
-0.127	2.028	2.015	-0.229	-0.055	1.580	1.577	-0.086	-0.051	1.822	1.820	-0.093
-0.121	2.038	2.013	-0.315	-0.055	1.580	1.577	-0.086	-0.051	1.829	1.827	-0.094
-0.127	2.037	1.987	-0.449	-0.055	1.580	1.577	-0.086	-0.052	1.830	1.828	-0.095
-0.139	2.050	1.966	-0.579	-0.055	1.605	1.603	-0.089	-0.054	1.848	1.845	-0.099
-0.171	2.019	1.979	-0.400	-0.056	1.619	1.616	-0.091	-0.054	1.830	1.827	-0.098
-0.176	2.013	1.985	-0.337	-0.057	1.632	1.629	-0.093	-0.054	1.830	1.827	-0.098
-0.175	2.012	1.995	-0.261	-0.057	1.632	1.629	-0.093	-0.053	1.829	1.826	-0.097
-0.173	2.023	2.014	-0.193	-0.057	1.632	1.629	-0.093	-0.053	1.836	1.833	-0.097
-0.171	2.040	2.014	-0.323	-0.057	1.632	1.629	-0.093	-0.053	1.845	1.842	-0.098
-0.171	2.040	2.014	-0.323	-0.057	1.632	1.629	-0.093	-0.054	1.848	1.845	-0.099
-0.175	2.036	2.010	-0.325	-0.057	1.632	1.629	-0.093	-0.054	1.846	1.843	-0.099
-0.172	2.026	1.991	-0.370	-0.057	1.632	1.629	-0.093	-0.054	1.838	1.835	-0.099
-0.160	2.015	2.003	-0.223	-0.057	1.632	1.629	-0.093	-0.053	1.831	1.828	-0.097
-0.140	2.012	2.010	-0.095	-0.057	1.632	1.629	-0.093	-0.053	1.829	1.826	-0.096
-0.124	2.008	1.999	-0.181	-0.057	1.632	1.629	-0.093	-0.053	1.825	1.822	-0.096
-0.110	2.016	2.010	-0.165	-0.057	1.632	1.629	-0.093	-0.053	1.832	1.829	-0.097
-0.106	2.014	2.009	-0.143	-0.056	1.632	1.629	-0.092	-0.052	1.830	1.827	-0.096
-0.102	2.013	2.011	-0.077	-0.056	1.632	1.629	-0.092	-0.052	1.828	1.826	-0.095
-0.097	2.011	2.005	-0.152	-0.056	1.632	1.629	-0.092	-0.053	1.828	1.825	-0.096
-0.084	2.002	1.984	-0.273	-0.056	1.632	1.629	-0.092	-0.053	1.827	1.824	-0.096
-0.084	2.002	1.984	-0.273	-0.056	1.632	1.629	-0.092	-0.053	1.823	1.820	-0.097
-0.083	2.001	1.991	-0.202	-0.056	1.632	1.629	-0.092	-0.053	1.821	1.818	-0.096
-0.083	2.007	2.001	-0.164	-0.057	1.632	1.629	-0.093	-0.053	1.826	1.823	-0.096
-0.084	2.004	1.994	-0.197	-0.057	1.632	1.629	-0.093	-0.053	1.823	1.820	-0.096
-0.085	2.005	1.996	-0.190	-0.056	1.632	1.629	-0.092	-0.053	1.824	1.821	-0.096
-0.085	2.006	1.997	-0.191	-0.056	1.632	1.629	-0.092	-0.053	1.825	1.822	-0.096
-0.091	2.013	2.007	-0.153	-0.057	1.632	1.629	-0.093	-0.053	1.829	1.826	-0.096
-0.090	2.010	2.004	-0.162	-0.057	1.620	1.617	-0.093	-0.053	1.824	1.821	-0.097
-0.087	2.011	2.004	-0.165	-0.057	1.620	1.617	-0.093	-0.053	1.824	1.821	-0.097
-0.084	2.019	2.013	-0.162	-0.057	1.620	1.617	-0.093	-0.053	1.830	1.827	-0.097
-0.083	2.023	2.011	-0.218	-0.058	1.608	1.605	-0.093	-0.054	1.832	1.829	-0.098
-0.087	2.028	2.015	-0.227	-0.058	1.608	1.605	-0.093	-0.054	1.832	1.829	-0.099
-0.090	2.033	2.021	-0.216	-0.058	1.608	1.605	-0.093	-0.054	1.835	1.832	-0.099
-0.092	2.027	2.017	-0.197	-0.058	1.608	1.605	-0.093	-0.054	1.831	1.828	-0.098
-0.093	2.025	2.015	-0.200	-0.060	1.608	1.605	-0.096	-0.056	1.830	1.827	-0.102
-0.095	2.025	2.004	-0.286	-0.060	1.608	1.605	-0.096	-0.056	1.830	1.827	-0.103
-0.104	2.017	2.008	-0.196	-0.060	1.608	1.605	-0.096	-0.055	1.825	1.822	-0.101
-0.104	2.007	2.003	-0.120	-0.060	1.608	1.605	-0.096	-0.055	1.817	1.814	-0.100
-0.102	2.002	1.996	-0.145	-0.060	1.608	1.605	-0.096	-0.055	1.814	1.811	-0.100
-0.104	1.994	1.975	-0.268	-0.060	1.608	1.605	-0.096	-0.056	1.808	1.805	-0.101
-0.109	2.011	1.968	-0.412	-0.057	1.608	1.605	-0.092	-0.054	1.821	1.818	-0.099
-0.118	2.023	1.982	-0.403	-0.057	1.607	1.605	-0.091	-0.055	1.829	1.826	-0.100
-0.125	2.020	1.998	-0.299	-0.057	1.607	1.605	-0.091	-0.054	1.827	1.824	-0.098
-0.131	2.024	1.999	-0.319	-0.057	1.607	1.605	-0.091	-0.054	1.830	1.827	-0.098
-0.134	2.018	1.996	-0.297	-0.057	1.607	1.605	-0.091	-0.054	1.825	1.822	-0.098
-0.137	2.013	1.982	-0.352	-0.057	1.608	1.605	-0.091	-0.054	1.822	1.819	-0.098
-0.146	2.001	1.991	-0.191	-0.056	1.607	1.605	-0.090	-0.053	1.816	1.813	-0.096
-0.146	2.001	1.991	-0.191	-0.056	1.607	1.605	-0.090	-0.052	1.812	1.810	-0.095
-0.127	2.014	2.012	-0.098	-0.055	1.634	1.631	-0.090	-0.051	1.815	1.813	-0.093
-0.115	2.030	2.019	-0.206	-0.055	1.634	1.631	-0.090	-0.052	1.840	1.838	-0.095
-0.107	2.022	2.013	-0.183	-0.055	1.635	1.632	-0.090	-0.051	1.835	1.833	-0.094
-0.099	2.008	2.004	-0.132	-0.055	1.635	1.632	-0.090	-0.051	1.826	1.824	-0.093
-0.091	2.003	2.001	-0.104	-0.055	1.635	1.632	-0.090	-0.051	1.823	1.821	-0.093
-0.080	2.012	2.007	-0.145	-0.054	1.634	1.632	-0.088	-0.050	1.829	1.827	-0.092
-0.075	2.022	2.006	-0.253	-0.054	1.634	1.632	-0.088	-0.051	1.836	1.834	-0.093
-0.089	2.022	1.992	-0.348	-0.054	1.634	1.632	-0.088	-0.051	1.837	1.835	-0.094
-0.089	2.022	1.992	-0.348	-0.054	1.634	1.632	-0.088	-0.051	1.836	1.834	-0.094
-0.106	2.008	1.996	-0.221	-0.054	1.634	1.632	-0.088	-0.050	1.826	1.824	-0.092
-0.105	2.002	1.996	-0.148	-0.056	1.583	1.581	-0.088	-0.052	1.805	1.803	-0.093
-0.104	2.000	1.997	-0.105	-0.056	1.583	1.581	-0.088	-0.052	1.804	1.802	-0.093
-0.103	2.015	2.008	-0.167	-0.055	1.570	1.568	-0.086	-0.051	1.802	1.800	-0.091
-0.107	2.029	2.019	-0.193	-0.055	1.570	1.568	-0.086	-0.051	1.810	1.808	-0.092
-0.107	2.029	2.019	-0.193	-0.055	1.570	1.568	-0.086	-0.051	1.819	1.817	-0.093
-0.107	2.025	2.016	-0.186	-0.055	1.532	1.529	-0.084	-0.051	1.804	1.802	-0.092
-0.100	2.016	2.008	-0.181	-0.055	1.532	1.529	-0.084	-0.051	1.799	1.797	-0.091
-0.092	2.022	2.009	-0.231	-0.054	1.508	1.506	-0.082	-0.051	1.794	1.792	-0.091
-0.092	2.022	2.009	-0.231	-0.054	1.508	1.506	-0.082	-0.051	1.796	1.794	-0.091
-0.097	2.026	2.006	-0.284	-0.054	1.508	1.506	-0.082	-0.051	1.798	1.796	-0.092
-0.101	2.022	2.012	-0.206	-0.054	1.508	1.506	-0.082	-0.051	1.796	1.794	-0.091
-0.103	2.021	2.012	-0.186	-0.054	1.569	1.567	-0.085	-0.051	1.794	1.792	-0.091
-0.103	2.021	2.012	-0.186	-0.054	1.569	1.567	-0.085	-0.051	1.794	1.792	-0.091
-0.103	2.013	2.003	-0.200	-0.054	1.569	1.567	-0.085	-0.050	1.809	1.807	-0.091
-0.106	1.999	1.987	-0.216	-0.054	1.569	1.567	-0.085	-0.051	1.799	1.797	-0.091
-0.107	1.995	1.981	-0.233	-0.054	1.569	1.567	-0.085	-0.051	1.796	1.794	-0.091
-0.103	2.003	2.000	-0.112	-0.054	1.569	1.567	-0.085	-0.050	1.802	1.800	-0.090
-0.097	1.992	1.990	-0.085	-0.057	1.508	1.506	-0.085	-0.052	1.774	1.772	-0.092
-0.084	1.992	1.992	-0.018	-0.057	1.508	1.506	-0.085	-0.051	1.775	1.773	-0.091
-0.073	2.005	2.005	-0.005	-0.057	1.508	1.506	-0.085	-0.052	1.783	1.781	-0.092
-0.061	2.010	2.007	-0.121	-0.057	1.509	1.507	-0.085	-0.052	1.784	1.782	-0.092
-0.061	2.003	1.996	-0.169	-0.057	1.509	1.507	-0.085	-0.052	1.788	1.786	-0.093
-0.059	2.013	2.005	-0.175	-0.057	1.510	1.508	-0.085	-0.053	1.785	1.783	-0.094
-0.052	2.015	2.014	-0.084	-0.056	1.487	1.484	-0.083	-0.051	1.784	1.782	-0.091
-0.047	2.024	2.023	-0.039	-0.053	1.486	1.484	-0.079	-0.049	1.789	1.787	-0.087
-0.043	2.025	2.025	-0.006	-0.053	1.487	1.485	-0.079	-0.049	1.790	1.788	-0.087
-0.047	2.025	2.020	-0.140	-0.053	1.487	1.485	-0.079	-0.049	1.790	1.788	-0.088
-0.054	2.028	2.022	-0.157	-0.053	1.487	1.485	-0.079	-0.049	1.792	1.790	-0.088
-0.064	2.023	2.007	-0.258	-0.053	1.487	1.485	-0.079	-0.050	1.790	1.788	-0.089
-0.076	2.025	1.995	-0.348	-0.053	1.510	1.508	-0.079	-0.049	1.799	1.797	-0.089
-0.082	2.027	2.010	-0.263	-0.053	1.510	1.508	-0.079	-0.049	1.800	1.798	-0.088
-0.080	2.020	2.014	-0.154	-0.053	1.571	1.569	-0.083	-0.049	1.814	1.812	-0.089
-0.083	2.028	2.018	-0.194	-0.054	1.622	1.620	-0.088	-0.051	1.835	1.833	-0.093
-0.090	2.024	2.015	-0.187	-0.057	1.637	1.634	-0.093	-0.053	1.838	1.835	-0.097
-0.097	2.028	2.021	-0.162	-0.062	1.637	1.634	-0.101	-0.058	1.840	1.837	-0.106
-0.098	2.028	2.027	-0.066	-0.062	1.637	1.634	-0.101	-0.057	1.841	1.838	-0.105
-0.095	2.021	2.019	-0.092	-0.062	1.637	1.634	-0.101	-0.057	1.836	1.833	-0.105
-0.089	2.018	2.013	-0.131	-0.062	1.637	1.634	-0.101	-0.057	1.834	1.831	-0.105
-0.080	2.014	2.011	-0.099	-0.062	1.637	1.634	-0.101	-0.057	1.831	1.828	-0.104
-0.071	2.002	1.998	-0.127	-0.062	1.637	1.634	-0.101	-0.057	1.823	1.820	-0.104
-0.071	2.009	1.996	-0.229	-0.062	1.637	1.634	-0.101	-0.058	1.828	1.825	-0.106
-0.080	2.017	1.991	-0.321	-0.063	1.637	1.634	-0.103	-0.058	1.830	1.827	-0.107
-0.085	2.010	1.988	-0.296	-0.062	1.637	1.634	-0.101	-0.058	1.829	1.826	-0.106
-0.089	2.007	1.992	-0.248	-0.062	1.637	1.634	-0.101	-0.058	1.827	1.824	-0.106
-0.095	2.010	1.996	-0.236	-0.062	1.637	1.634	-0.101	-0.058	1.829	1.826	-0.106
-0.099	1.999	1.995	-0.135	-0.062	1.637	1.634	-0.101	-0.057	1.821	1.818	-0.104
-0.100	2.000	1.998	-0.087	-0.062	1.637	1.634	-0.101	-0.057	1.822	1.819	-0.104
-0.098	2.007	2.007	-0.059	-0.062	1.637	1.634	-0.101	-0.057	1.827	1.824	-0.104
-0.086	2.009	2.003	-0.155	-0.059	1.664	1.661	-0.098	-0.057	1.827	1.824	-0.104
-0.086	2.009	2.003	-0.155	-0.059	1.664	1.661	-0.098	-0.055	1.837	1.834	-0.101
-0.083	2.010	1.994	-0.254	-0.059	1.664	1.661	-0.098	-0.056	1.838	1.835	-0.102
-0.078	2.013	2.005	-0.184	-0.061	1.663	1.660	-0.101	-0.057	1.838	1.835	-0.105
-0.070	2.006	2.005	-0.057	-0.061	1.663	1.660	-0.101	-0.057	1.838	1.835	-0.105
-0.070	2.006	2.005	-0.057	-0.061	1.663	1.660	-0.101	-0.056	1.834	1.831	-0.103
-0.071	2.017	2.012	-0.132	-0.062	1.636	1.632	-0.101	-0.057	1.832	1.829	-0.105
-0.075	2.012	2.004	-0.175	-0.062	1.635	1.632	-0.101	-0.057	1.829	1.826	-0.105
-0.083	2.012	1.997	-0.245	-0.062	1.635	1.632	-0.101	-0.058	1.829	1.826	-0.106
-0.089	1.999	1.976	-0.298	-0.062	1.635	1.632	-0.101	-0.058	1.820	1.817	-0.106
-0.091	1.990	1.975	-0.249	-0.062	1.635	1.632	-0.101	-0.058	1.815	1.812	-0.105
-0.095	2.010	2.002	-0.177	-0.062	1.635	1.632	-0.101	-0.058	1.817	1.814	-0.105
-0.098	2.013	2.008	-0.150	-0.062	1.635	1.632	-0.101	-0.057	1.828	1.825	-0.105
-0.102	2.016	2.016	-0.044	-0.061	1.635	1.632	-0.100	-0.057	1.830	1.827	-0.105
-0.097	2.014	2.009	-0.145	-0.061	1.635	1.632	-0.100	-0.056	1.832	1.829	-0.103
-0.097	2.014	2.009	-0.145	-0.061	1.635	1.632	-0.100	-0.057	1.831	1.828	-0.104
-0.097	2.020	2.004	-0.253	-0.061	1.635	1.632	-0.100	-0.057	1.835	1.832	-0.105
-0.088	2.026	2.019	-0.168	-0.061	1.635	1.632	-0.100	-0.057	1.845	1.842	-0.106
-0.088	2.026	2.019	-0.168	-0.061	1.635	1.632	-0.100	-0.057	1.839	1.836	-0.104
-0.082	2.021	2.013	-0.178	-0.060	1.636	1.633	-0.098	-0.057	1.836	1.833	-0.104
-0.081	2.014	2.008	-0.158	-0.060	1.636	1.633	-0.098	-0.056	1.831	1.828	-0.102
-0.081	2.010	2.007	-0.111	-0.058	1.635	1.633	-0.094	-0.054	1.828	1.825	-0.098
-0.081	2.002	1.999	-0.108	-0.058	1.635	1.633	-0.094	-0.053	1.823	1.820	-0.097
-0.083	2.006	2.002	-0.129	-0.060	1.636	1.633	-0.098	-0.055	1.825	1.822	-0.101
-0.079	1.992	1.986	-0.142	-0.060	1.636	1.633	-0.098	-0.056	1.815	1.812	-0.101
-0.073	1.985	1.979	-0.150	-0.058	1.635	1.632	-0.094	-0.056	1.811	1.808	-0.101
-0.073	2.001	1.997	-0.116	-0.057	1.635	1.632	-0.093	-0.054	1.812	1.809	-0.097
-0.073	2.001	1.997	-0.116	-0.057	1.635	1.632	-0.093	-0.053	1.822	1.819	-0.096
-0.070	2.012	2.009	-0.115	-0.057	1.636	1.633	-0.093	-0.052	1.830	1.827	-0.096
-0.069	2.011	2.010	-0.080	-0.057	1.636	1.633	-0.093	-0.052	1.830	1.827	-0.096
-0.068	2.020	2.019	-0.062	-0.056	1.636	1.633	-0.092	-0.052	1.834	1.832	-0.095
-0.070	2.014	2.008	-0.153	-0.055	1.635	1.632	-0.090	-0.051	1.830	1.828	-0.094
-0.071	2.013	2.005	-0.170	-0.055	1.635	1.632	-0.090	-0.051	1.829	1.827	-0.094
-0.075	2.011	2.002	-0.188	-0.054	1.635	1.632	-0.088	-0.050	1.828	1.826	-0.092
-0.081	2.006	1.998	-0.182	-0.054	1.635	1.632	-0.088	-0.050	1.825	1.823	-0.092
-0.077	2.004	2.003	-0.076	-0.054	1.635	1.632	-0.088	-0.050	1.824	1.822	-0.091
-0.071	2.009	2.006	-0.099	-0.054	1.635	1.633	-0.088	-0.050	1.826	1.824	-0.091
-0.072	2.013	2.009	-0.132	-0.054	1.635	1.633	-0.088	-0.050	1.830	1.828	-0.092
-0.084	2.008	1.997	-0.212	-0.054	1.635	1.633	-0.088	-0.050	1.828	1.826	-0.092
-0.084	2.008	1.997	-0.212	-0.053	1.622	1.620	-0.086	-0.050	1.822	1.820	-0.091
-0.087	2.009	2.004	-0.127	-0.053	1.622	1.620	-0.086	-0.049	1.822	1.820	-0.090
-0.083	2.023	2.012	-0.207	-0.056	1.546	1.544	-0.086	-0.050	1.823	1.821	-0.091
-0.083	2.023	2.012	-0.207	-0.056	1.546	1.544	-0.086	-0.052	1.808	1.806	-0.094
-0.084	2.027	2.012	-0.243	-0.055	1.532	1.530	-0.084	-0.051	1.806	1.804	-0.092
-0.099	2.026	2.015	-0.207	-0.055	1.532	1.530	-0.084	-0.051	1.805	1.803	-0.092
-0.103	2.028	2.016	-0.217	-0.053	1.509	1.507	-0.079	-0.049	1.799	1.797	-0.088
-0.103	2.021	2.012	-0.196	-0.052	1.509	1.507	-0.079	-0.048	1.795	1.793	-0.087
-0.099	2.012	2.006	-0.159	-0.052	1.509	1.507	-0.079	-0.049	1.789	1.787	-0.087
-0.096	2.001	1.996	-0.137	-0.052	1.509	1.506	-0.079	-0.048	1.781	1.779	-0.086
-0.094	1.996	1.991	-0.144	-0.052	1.508	1.506	-0.078	-0.048	1.778	1.776	-0.085
-0.097	2.010	1.998	-0.223	-0.052	1.508	1.506	-0.078	-0.048	1.788	1.786	-0.086
-0.102	2.021	1.993	-0.337	-0.052	1.508	1.506	-0.078	-0.049	1.796	1.794	-0.088
-0.109	2.037	2.000	-0.382	-0.052	1.508	1.506	-0.078	-0.049	1.806	1.804	-0.089
-0.114	2.035	2.008	-0.331	-0.052	1.508	1.506	-0.078	-0.049	1.805	1.803	-0.088
-0.116	2.024	2.012	-0.217	-0.051	1.531	1.529	-0.078	-0.048	1.804	1.802	-0.086
-0.113	2.014	2.008	-0.163	-0.051	1.531	1.529	-0.078	-0.047	1.798	1.796	-0.085
-0.114	2.019	2.012	-0.171	-0.051	1.531	1.529	-0.078	-0.047	1.801	1.799	-0.085
-0.121	2.027	2.007	-0.285	-0.051	1.531	1.529	-0.078	-0.048	1.807	1.805	-0.087
-0.128	2.020	2.005	-0.243	-0.051	1.532	1.530	-0.078	-0.048	1.802	1.800	-0.086
-0.129	2.015	2.009	-0.146	-0.049	1.532	1.530	-0.076	-0.046	1.798	1.796	-0.082
-0.119	2.009	2.008	-0.077	-0.049	1.532	1.530	-0.076	-0.045	1.794	1.792	-0.081
-0.106	2.008	2.005	-0.109	-0.050	1.532	1.530	-0.077	-0.046	1.793	1.791	-0.083
-0.096	2.015	2.009	-0.155	-0.050	1.532	1.530	-0.076	-0.046	1.798	1.796	-0.083
-0.091	2.020	2.014	-0.157	-0.050	1.532	1.530	-0.076	-0.046	1.802	1.800	-0.083
-0.086	2.014	2.012	-0.093	-0.048	1.531	1.529	-0.073	-0.044	1.798	1.796	-0.079
-0.084	2.028	2.023	-0.143	-0.049	1.543	1.541	-0.076	-0.045	1.811	1.809	-0.082
-0.087	2.015	1.984	-0.351	-0.049	1.543	1.541	-0.076	-0.047	1.803	1.801	-0.084
-0.090	2.015	1.989	-0.322	-0.050	1.531	1.529	-0.076	-0.047	1.799	1.797	-0.084
-0.094	2.001	1.989	-0.217	-0.051	1.531	1.529	-0.078	-0.048	1.788	1.786	-0.085
-0.095	2.018	2.017	-0.048	-0.053	1.485	1.483	-0.078	-0.048	1.783	1.781	-0.085
-0.092	2.021	2.018	-0.103	-0.053	1.485	1.483	-0.078	-0.048	1.787	1.785	-0.086
-0.093	2.009	2.003	-0.155	-0.053	1.485	1.483	-0.078	-0.049	1.784	1.782	-0.087
-0.093	2.009	2.003	-0.155	-0.053	1.485	1.483	-0.078	-0.048	1.779	1.777	-0.086
-0.092	2.013	2.006	-0.161	-0.053	1.485	1.483	-0.078	-0.049	1.781	1.779	-0.087
-0.087	2.007	1.994	-0.230	-0.052	1.508	1.506	-0.078	-0.048	1.785	1.783	-0.086
-0.072	2.002	2.000	-0.096	-0.052	1.531	1.529	-0.079	-0.048	1.790	1.788	-0.086
-0.067	2.003	2.000	-0.116	-0.052	1.531	1.529	-0.079	-0.048	1.790	1.788	-0.085
-0.066	2.005	2.005	-0.060	-0.052	1.531	1.529	-0.079	-0.047	1.792	1.790	-0.085
-0.063	2.014	2.011	-0.109	-0.052	1.532	1.530	-0.080	-0.048	1.795	1.793	-0.086
-0.063	2.014	2.011	-0.109	-0.052	1.532	1.530	-0.080	-0.048	1.797	1.795	-0.087
-0.062	2.016	2.012	-0.123	-0.052	1.532	1.530	-0.080	-0.048	1.799	1.797	-0.087
-0.063	2.017	2.003	-0.236	-0.052	1.532	1.530	-0.080	-0.049	1.800	1.798	-0.088
-0.065	2.005	1.987	-0.263	-0.052	1.532	1.530	-0.080	-0.049	1.791	1.789	-0.088
-0.068	2.007	1.993	-0.237	-0.052	1.532	1.530	-0.080	-0.049	1.793	1.791	-0.088
-0.068	2.001	1.991	-0.205	-0.052	1.532	1.530	-0.080	-0.049	1.789	1.787	-0.087
-0.074	2.008	1.988	-0.282	-0.052	1.569	1.567	-0.082	-0.049	1.806	1.804	-0.089
-0.097	2.006	1.986	-0.282	-0.052	1.569	1.567	-0.082	-0.049	1.804	1.802	-0.089
-0.109	2.017	2.011	-0.153	-0.052	1.532	1.530	-0.080	-0.049	1.796	1.794	-0.088
-0.109	2.017	2.011	-0.153	-0.052	1.532	1.530	-0.080	-0.048	1.799	1.797	-0.087
-0.109	2.019	2.009	-0.193	-0.054	1.530	1.528	-0.082	-0.050	1.807	1.805	-0.090
-0.109	2.019	2.009	-0.193	-0.054	1.530	1.528	-0.082	-0.050	1.800	1.798	-0.090
-0.105	2.018	2.011	-0.169	-0.054	1.530	1.528	-0.082	-0.049	1.800	1.798	-0.089
-0.097	2.016	2.009	-0.164	-0.054	1.483	1.481	-0.080	-0.049	1.791	1.789	-0.088
-0.097	2.016	2.009	-0.164	-0.054	1.483	1.481	-0.080	-0.050	1.783	1.781	-0.089
-0.091	2.026	2.020	-0.162	-0.053	1.482	1.480	-0.079	-0.049	1.790	1.788	-0.088
-0.073	2.018	2.017	-0.062	-0.053	1.482	1.480	-0.079	-0.049	1.787	1.785	-0.087
-0.074	2.029	2.000	-0.339	-0.053	1.482	1.480	-0.078	-0.048	1.784	1.782	-0.086
-0.081	2.021	2.010	-0.205	-0.053	1.482	1.480	-0.078	-0.048	1.779	1.777	-0.086
-0.086	2.027	2.011	-0.251	-0.053	1.482	1.480	-0.079	-0.050	1.790	1.788	-0.089
-0.089	2.016	2.007	-0.197	-0.053	1.482	1.480	-0.079	-0.049	1.783	1.781	-0.088
-0.092	2.018	2.005	-0.234	-0.053	1.482	1.480	-0.079	-0.050	1.785	1.783	-0.089
-0.098	2.011	1.996	-0.244	-0.053	1.482	1.480	-0.079	-0.049	1.780	1.778	-0.088
-0.103	2.013	2.003	-0.206	-0.053	1.482	1.480	-0.078	-0.049	1.781	1.779	-0.087
-0.112	2.013	1.994	-0.279	-0.053	1.482	1.480	-0.078	-0.049	1.781	1.779	-0.088
-0.117	2.021	2.006	-0.246	-0.053	1.482	1.480	-0.078	-0.049	1.786	1.784	-0.088
-0.111	2.024	2.021	-0.099	-0.053	1.482	1.480	-0.078	-0.048	1.788	1.786	-0.086
-0.100	2.014	2.006	-0.181	-0.054	1.505	1.503	-0.081	-0.048	1.786	1.784	-0.086
-0.100	2.014	2.006	-0.181	-0.054	1.505	1.503	-0.081	-0.050	1.789	1.787	-0.089
-0.099	2.005	2.000	-0.140	-0.053	1.528	1.526	-0.082	-0.049	1.790	1.788	-0.088
-0.098	1.992	1.985	-0.165	-0.053	1.528	1.526	-0.082	-0.049	1.781	1.779	-0.088
-0.091	1.997	1.996	-0.047	-0.053	1.528	1.526	-0.082	-0.049	1.784	1.782	-0.087
-0.087	2.004	2.001	-0.120	-0.053	1.566	1.564	-0.083	-0.049	1.802	1.800	-0.089
-0.082	2.015	2.001	-0.238	-0.054	1.566	1.564	-0.084	-0.050	1.822	1.820	-0.091
-0.082	2.015	2.001	-0.238	-0.054	1.566	1.564	-0.084	-0.050	1.809	1.807	-0.091
-0.088	2.017	1.996	-0.288	-0.054	1.566	1.564	-0.084	-0.051	1.811	1.809	-0.092
-0.096	2.026	2.013	-0.221	-0.053	1.604	1.602	-0.084	-0.049	1.828	1.826	-0.090
-0.095	2.021	2.015	-0.165	-0.053	1.604	1.602	-0.084	-0.049	1.826	1.824	-0.089
-0.094	2.010	2.005	-0.143	-0.053	1.605	1.603	-0.084	-0.049	1.818	1.816	-0.089
-0.100	2.016	1.998	-0.273	-0.053	1.606	1.604	-0.084	-0.049	1.823	1.821	-0.090
-0.109	2.025	2.001	-0.305	-0.053	1.606	1.604	-0.084	-0.050	1.828	1.826	-0.091
-0.114	2.015	1.996	-0.280	-0.052	1.606	1.604	-0.083	-0.049	1.823	1.821	-0.089
-0.119	1.996	1.985	-0.210	-0.052	1.605	1.603	-0.083	-0.049	1.809	1.807	-0.088
-0.116	1.994	1.988	-0.153	-0.052	1.605	1.603	-0.083	-0.048	1.807	1.805	-0.087
-0.101	2.004	2.000	-0.130	-0.052	1.605	1.603	-0.083	-0.048	1.810	1.808	-0.087
-0.101	2.004	2.000	-0.130	-0.052	1.605	1.603	-0.083	-0.048	1.814	1.812	-0.087
-0.096	2.006	2.003	-0.097	-0.052	1.606	1.604	-0.083	-0.048	1.815	1.813	-0.087
-0.097	2.016	2.005	-0.210	-0.053	1.606	1.604	-0.084	-0.049	1.823	1.821	-0.089
-0.098	2.023	2.006	-0.260	-0.053	1.606	1.604	-0.084	-0.049	1.827	1.825	-0.090
-0.098	2.029	2.003	-0.326	-0.053	1.606	1.604	-0.084	-0.050	1.832	1.830	-0.091
-0.100	2.018	1.995	-0.305	-0.054	1.607	1.604	-0.087	-0.051	1.830	1.828	-0.094
-0.100	2.018	1.995	-0.305	-0.054	1.607	1.604	-0.087	-0.052	1.825	1.823	-0.094
-0.102	2.006	1.996	-0.199	-0.052	1.619	1.617	-0.084	-0.048	1.820	1.818	-0.088
-0.105	2.004	2.002	-0.086	-0.052	1.619	1.617	-0.084	-0.048	1.818	1.816	-0.087
-0.099	2.010	2.010	-0.058	-0.059	1.632	1.629	-0.096	-0.050	1.826	1.824	-0.091
-0.099	2.010	2.010	-0.058	-0.059	1.632	1.630	-0.096	-0.054	1.828	1.825	-0.099
-0.094	2.014	2.014	-0.042	-0.059	1.632	1.630	-0.096	-0.054	1.830	1.827	-0.099
-0.080	1.997	1.991	-0.152	-0.059	1.632	1.630	-0.096	-0.054	1.818	1.815	-0.099
-0.074	1.996	1.979	-0.258	-0.059	1.632	1.630	-0.096	-0.055	1.818	1.815	-0.100
-0.070	1.993	1.979	-0.233	-0.057	1.632	1.630	-0.093	-0.053	1.816	1.813	-0.097
-0.069	2.011	1.995	-0.252	-0.057	1.632	1.630	-0.093	-0.054	1.828	1.825	-0.098
-0.068	2.008	2.000	-0.185	-0.057	1.632	1.630	-0.093	-0.053	1.827	1.824	-0.097
-0.069	2.014	2.006	-0.176	-0.057	1.632	1.630	-0.093	-0.053	1.830	1.827	-0.097
-0.074	2.014	2.010	-0.129	-0.057	1.619	1.617	-0.092	-0.053	1.826	1.823	-0.096
-0.079	2.023	2.020	-0.119	-0.057	1.619	1.617	-0.092	-0.052	1.832	1.829	-0.096
-0.087	2.018	2.014	-0.122	-0.057	1.619	1.617	-0.093	-0.053	1.834	1.831	-0.097
-0.087	2.018	2.014	-0.122	-0.057	1.607	1.604	-0.092	-0.053	1.824	1.821	-0.097
-0.087	2.007	2.004	-0.106	-0.057	1.607	1.604	-0.092	-0.053	1.817	1.814	-0.096
-0.066	1.995	1.993	0.081	-0.057	1.607	1.605	-0.092	-0.052	1.810	1.808	-0.094
-0.052	2.011	2.011	-0.051	-0.057	1.607	1.605	-0.092	-0.052	1.819	1.817	-0.095
-0.049	2.019	2.013	-0.147	-0.057	1.607	1.605	-0.092	-0.053	1.825	1.822	-0.096
-0.048	2.014	2.008	-0.149	-0.057	1.607	1.605	-0.092	-0.053	1.822	1.819	-0.096
-0.042	2.010	2.009	0.031	-0.057	1.607	1.605	-0.092	-0.053	1.824	1.821	-0.096
-0.040	2.009	2.006	-0.110	-0.057	1.607	1.605	-0.092	-0.053	1.819	1.816	-0.096
-0.042	2.009	1.998	-0.215	-0.057	1.607	1.605	-0.092	-0.053	1.819	1.816	-0.097
-0.047	2.009	2.000	-0.183	-0.057	1.607	1.604	-0.092	-0.053	1.818	1.815	-0.096
-0.052	2.015	2.012	-0.105	-0.057	1.607	1.604	-0.092	-0.053	1.822	1.819	-0.096
-0.057	2.012	2.012	-0.041	-0.057	1.607	1.605	-0.092	-0.052	1.820	1.818	-0.095
-0.058	2.010	2.008	-0.093	-0.057	1.607	1.605	-0.092	-0.053	1.819	1.816	-0.096
-0.058	2.004	1.997	-0.160	-0.057	1.607	1.605	-0.092	-0.053	1.815	1.812	-0.097
-0.066	2.019	2.000	-0.277	-0.057	1.607	1.605	-0.092	-0.053	1.816	1.813	-0.097
-0.076	2.041	2.018	-0.304	-0.058	1.607	1.604	-0.093	-0.054	1.841	1.838	-0.100
-0.081	2.038	2.021	-0.260	-0.060	1.607	1.604	-0.096	-0.056	1.838	1.835	-0.103
-0.085	2.032	2.016	-0.254	-0.060	1.607	1.604	-0.096	-0.056	1.834	1.831	-0.103
-0.088	2.027	2.010	-0.261	-0.062	1.607	1.604	-0.099	-0.058	1.831	1.828	-0.106
-0.097	2.018	2.001	-0.261	-0.062	1.607	1.604	-0.099	-0.058	1.825	1.822	-0.106
-0.107	2.015	1.997	-0.273	-0.060	1.607	1.604	-0.096	-0.056	1.823	1.820	-0.102
-0.119	2.015	2.007	-0.170	-0.060	1.607	1.604	-0.096	-0.055	1.822	1.819	-0.101
-0.116	1.999	1.996	-0.109	-0.060	1.607	1.604	-0.096	-0.055	1.812	1.809	-0.100
-0.101	2.000	1.995	-0.145	-0.060	1.607	1.604	-0.096	-0.055	1.807	1.804	-0.099
-0.101	2.000	1.995	-0.145	-0.060	1.607	1.604	-0.096	-0.055	1.807	1.804	-0.099
-0.096	2.008	1.997	-0.209	-0.062	1.607	1.604	-0.099	-0.058	1.818	1.815	-0.105
-0.097	2.038	2.017	-0.291	-0.062	1.607	1.604	-0.099	-0.058	1.836	1.833	-0.106
-0.097	2.038	2.017	-0.291	-0.062	1.607	1.604	-0.099	-0.058	1.838	1.835	-0.107
-0.092	2.019	2.016	-0.103	-0.062	1.607	1.604	-0.099	-0.058	1.836	1.833	-0.106
-0.092	2.019	2.016	-0.103	-0.062	1.607	1.604	-0.099	-0.058	1.836	1.833	-0.106
-0.081	2.004	2.004	-0.014	-0.060	1.607	1.604	-0.096	-0.055	1.815	1.812	-0.099
-0.068	1.998	1.995	0.106	-0.060	1.607	1.604	-0.096	-0.054	1.811	1.808	-0.098
-0.067	2.005	1.996	-0.190	-0.060	1.607	1.604	-0.097	-0.055	1.811	1.808	-0.100
-0.070	2.027	2.018	-0.186	-0.063	1.606	1.603	-0.101	-0.059	1.823	1.820	-0.107
-0.064	2.028	2.021	-0.163	-0.063	1.606	1.603	-0.101	-0.058	1.830	1.827	-0.107
-0.064	2.028	2.021	-0.163	-0.063	1.606	1.603	-0.101	-0.058	1.830	1.827	-0.107
-0.066	2.018	2.008	-0.208	-0.062	1.606	1.603	-0.100	-0.058	1.825	1.822	-0.106
-0.073	2.013	2.000	-0.232	-0.062	1.606	1.603	-0.099	-0.058	1.821	1.818	-0.105
-0.084	2.006	2.000	-0.151	-0.062	1.606	1.603	-0.099	-0.057	1.816	1.813	-0.104
-0.093	2.012	2.005	-0.168	-0.062	1.606	1.603	-0.099	-0.057	1.820	1.817	-0.104
-0.093	2.009	2.006	-0.118	-0.062	1.606	1.603	-0.099	-0.057	1.818	1.815	-0.104
-0.078	1.998	1.998	-0.048	-0.062	1.606	1.603	-0.099	-0.057	1.816	1.813	-0.103
-0.070	1.996	1.996	-0.021	-0.062	1.606	1.603	-0.099	-0.056	1.809	1.806	-0.102
-0.063	2.003	2.001	-0.082	-0.062	1.606	1.603	-0.099	-0.057	1.814	1.811	-0.103
-0.060	2.001	1.999	-0.107	-0.062	1.606	1.603	-0.099	-0.057	1.813	1.810	-0.103
-0.056	2.014	2.008	-0.149	-0.062	1.606	1.603	-0.099	-0.057	1.821	1.818	-0.104
-0.056	2.026	2.019	-0.169	-0.060	1.606	1.603	-0.096	-0.055	1.830	1.827	-0.101
-0.047	2.015	2.013	-0.075	-0.059	1.619	1.616	-0.096	-0.055	1.830	1.827	-0.100
-0.047	2.015	2.013	-0.075	-0.059	1.619	1.616	-0.096	-0.055	1.826	1.823	-0.100
-0.043	2.010	2.010	-0.033	-0.059	1.632	1.629	-0.096	-0.054	1.827	1.824	-0.099
-0.043	1.997	1.996	-0.065	-0.059	1.632	1.629	-0.096	-0.054	1.818	1.815	-0.098
-0.045	2.002	2.000	-0.090	-0.059	1.632	1.629	-0.096	-0.054	1.822	1.819	-0.099
-0.051	2.009	2.006	-0.103	-0.061	1.632	1.629	-0.100	-0.056	1.826	1.823	-0.103
-0.052	2.023	2.018	-0.129	-0.062	1.633	1.630	-0.101	-0.057	1.828	1.825	-0.104
