phi_u	d_u	x_u	y_u	phi_v	d_v	x_v	y_v	phi_f	d_f	x_f	y_f
-0.189	2.092	2.039	-0.471	-0.592	2.030	1.685	-1.133	-0.554	2.020	1.718	-1.063
-0.198	2.102	2.033	-0.536	-0.592	2.030	1.685	-1.133	-0.554	2.013	1.712	-1.059
-0.218	2.082	1.985	-0.627	-0.588	2.027	1.686	-1.125	-0.551	2.004	1.707	-1.049
-0.252	2.092	1.993	-0.637	-0.585	2.023	1.687	-1.117	-0.551	1.999	1.703	-1.046
-0.268	2.099	1.969	-0.725	-0.585	2.022	1.686	-1.116	-0.548	2.009	1.715	-1.047
-0.277	2.096	2.000	-0.626	-0.583	2.020	1.686	-1.112	-0.546	2.006	1.715	-1.041
-0.286	2.091	1.951	-0.753	-0.583	2.020	1.686	-1.112	-0.546	2.005	1.713	-1.042
-0.298	2.089	1.974	-0.681	-0.582	2.019	1.687	-1.110	-0.545	1.998	1.709	-1.035
-0.303	2.098	1.964	-0.737	-0.582	2.019	1.687	-1.110	-0.545	2.008	1.717	-1.041
-0.302	2.094	2.003	-0.610	-0.582	2.019	1.687	-1.110	-0.544	2.005	1.715	-1.038
-0.304	2.089	2.020	-0.529	-0.582	2.019	1.687	-1.110	-0.544	2.000	1.711	-1.035
-0.304	2.094	2.044	-0.456	-0.582	2.020	1.688	-1.110	-0.543	2.004	1.715	-1.036
-0.299	2.082	2.031	-0.461	-0.582	2.020	1.688	-1.110	-0.544	1.996	1.708	-1.032
-0.292	2.080	2.012	-0.528	-0.582	2.021	1.689	-1.110	-0.544	1.995	1.707	-1.032
-0.272	2.095	1.977	-0.693	-0.581	2.022	1.690	-1.111	-0.544	1.981	1.695	-1.026
-0.276	2.087	2.013	-0.551	-0.583	2.025	1.690	-1.115	-0.546	2.000	1.710	-1.038
-0.279	2.081	2.025	-0.479	-0.583	2.025	1.690	-1.115	-0.545	1.996	1.707	-1.035
-0.282	2.076	2.028	-0.443	-0.585	2.028	1.691	-1.119	-0.547	1.997	1.705	-1.039
-0.282	2.076	2.028	-0.443	-0.585	2.028	1.691	-1.119	-0.547	1.993	1.703	-1.036
-0.282	2.077	1.996	-0.576	-0.585	2.028	1.691	-1.119	-0.548	1.996	1.704	-1.039
-0.279	2.079	1.986	-0.614	-0.585	2.028	1.691	-1.120	-0.548	1.997	1.705	-1.040
-0.286	2.079	1.941	-0.747	-0.585	2.028	1.691	-1.120	-0.548	1.999	1.706	-1.042
-0.290	2.091	1.957	-0.736	-0.585	2.028	1.691	-1.120	-0.548	2.006	1.712	-1.046
-0.294	2.090	1.946	-0.762	-0.585	2.028	1.691	-1.120	-0.548	2.006	1.712	-1.046
-0.299	2.088	1.962	-0.713	-0.585	2.028	1.691	-1.120	-0.548	2.004	1.710	-1.044
-0.304	2.092	1.994	-0.632	-0.585	2.028	1.691	-1.120	-0.548	2.006	1.712	-1.045
-0.305	2.087	2.024	-0.509	-0.585	2.028	1.691	-1.120	-0.547	2.001	1.709	-1.041
-0.304	2.085	2.025	-0.497	-0.587	2.031	1.691	-1.124	-0.548	2.000	1.707	-1.043
-0.306	2.092	1.991	-0.641	-0.586	2.048	1.706	-1.133	-0.549	2.012	1.716	-1.050
-0.311	2.092	1.987	-0.652	-0.586	2.048	1.706	-1.133	-0.549	2.012	1.716	-1.050
-0.269	2.082	2.040	-0.418	-0.584	2.064	1.722	-1.138	-0.547	2.016	1.722	-1.049
-0.273	2.092	1.990	-0.643	-0.584	2.067	1.724	-1.140	-0.546	2.018	1.724	-1.048
-0.273	2.092	1.990	-0.643	-0.584	2.067	1.724	-1.140	-0.546	2.018	1.724	-1.048
-0.271	2.094	2.019	-0.556	-0.584	2.067	1.725	-1.140	-0.547	2.019	1.725	-1.050
-0.270	2.089	2.010	-0.568	-0.584	2.067	1.725	-1.140	-0.547	2.016	1.721	-1.049
-0.273	2.084	2.023	-0.501	-0.584	2.067	1.725	-1.140	-0.547	2.012	1.719	-1.046
-0.278	2.078	2.026	-0.461	-0.584	2.068	1.725	-1.140	-0.546	2.007	1.715	-1.043
-0.282	2.080	2.003	-0.559	-0.584	2.068	1.725	-1.140	-0.547	2.009	1.716	-1.045
-0.289	2.103	1.996	-0.662	-0.584	2.068	1.725	-1.140	-0.548	2.026	1.730	-1.055
-0.293	2.107	1.968	-0.754	-0.584	2.068	1.725	-1.140	-0.548	2.030	1.733	-1.058
-0.294	2.103	1.986	-0.692	-0.584	2.068	1.725	-1.140	-0.547	2.027	1.731	-1.055
-0.310	2.090	1.963	-0.715	-0.583	2.141	1.788	-1.178	-0.547	2.033	1.736	-1.058
-0.316	2.096	1.986	-0.668	-0.583	2.141	1.788	-1.178	-0.547	2.045	1.746	-1.064
-0.315	2.084	1.999	-0.590	-0.583	2.141	1.788	-1.178	-0.547	2.037	1.740	-1.059
-0.299	2.096	2.009	-0.599	-0.583	2.141	1.788	-1.178	-0.547	2.046	1.747	-1.064
-0.294	2.097	2.012	-0.589	-0.583	2.142	1.789	-1.178	-0.547	2.045	1.747	-1.063
-0.295	2.105	2.004	-0.643	-0.583	2.142	1.789	-1.178	-0.547	2.051	1.752	-1.067
-0.296	2.096	2.006	-0.609	-0.583	2.142	1.789	-1.178	-0.547	2.046	1.747	-1.064
-0.297	2.091	2.020	-0.540	-0.583	2.106	1.758	-1.160	-0.547	2.029	1.733	-1.055
-0.296	2.087	1.976	-0.673	-0.583	2.106	1.758	-1.160	-0.548	2.029	1.732	-1.056
-0.296	2.090	1.926	-0.813	-0.583	2.106	1.758	-1.160	-0.548	2.032	1.734	-1.059
-0.302	2.089	1.941	-0.770	-0.583	2.106	1.758	-1.160	-0.548	2.030	1.733	-1.058
-0.307	2.088	1.952	-0.743	-0.583	2.106	1.758	-1.160	-0.548	2.030	1.733	-1.058
-0.314	2.088	1.971	-0.688	-0.584	2.069	1.726	-1.141	-0.548	2.017	1.722	-1.050
-0.320	2.092	1.978	-0.682	-0.584	2.068	1.726	-1.141	-0.547	2.016	1.721	-1.049
-0.321	2.089	1.987	-0.646	-0.584	2.068	1.726	-1.141	-0.548	2.017	1.722	-1.050
-0.324	2.081	1.974	-0.659	-0.584	2.068	1.726	-1.141	-0.548	2.012	1.718	-1.048
-0.330	2.077	1.945	-0.728	-0.584	2.068	1.725	-1.140	-0.548	2.009	1.715	-1.047
-0.334	2.080	1.953	-0.715	-0.584	2.068	1.725	-1.140	-0.548	2.012	1.717	-1.048
-0.333	2.080	1.972	-0.663	-0.584	2.068	1.725	-1.140	-0.548	2.011	1.717	-1.047
-0.328	2.087	1.962	-0.710	-0.584	2.068	1.725	-1.140	-0.548	2.016	1.721	-1.050
-0.326	2.093	1.973	-0.700	-0.584	2.068	1.725	-1.140	-0.548	2.021	1.725	-1.053
-0.337	2.089	1.945	-0.762	-0.584	2.068	1.725	-1.140	-0.548	2.020	1.724	-1.052
-0.337	2.089	1.945	-0.762	-0.584	2.068	1.725	-1.140	-0.548	2.018	1.722	-1.052
-0.345	2.093	1.944	-0.775	-0.584	2.068	1.725	-1.140	-0.548	2.022	1.725	-1.054
-0.347	2.083	1.972	-0.670	-0.584	2.068	1.725	-1.140	-0.548	2.010	1.716	-1.047
-0.348	2.089	1.957	-0.731	-0.584	2.068	1.725	-1.140	-0.548	2.018	1.722	-1.052
-0.349	2.096	1.967	-0.724	-0.586	2.069	1.724	-1.144	-0.550	2.023	1.725	-1.057
-0.337	2.102	2.024	-0.565	-0.587	2.072	1.725	-1.148	-0.550	2.027	1.728	-1.060
-0.325	2.089	2.040	-0.446	-0.587	2.073	1.725	-1.149	-0.550	2.016	1.719	-1.053
-0.309	2.088	2.039	-0.448	-0.587	2.073	1.725	-1.149	-0.550	2.016	1.719	-1.053
-0.292	2.086	2.031	-0.477	-0.586	2.144	1.786	-1.186	-0.550	2.038	1.738	-1.065
-0.273	2.086	1.948	-0.745	-0.593	2.173	1.803	-1.214	-0.556	2.050	1.741	-1.083
-0.278	2.074	1.938	-0.738	-0.598	2.201	1.819	-1.238	-0.558	2.050	1.739	-1.085
-0.280	2.081	1.945	-0.739	-0.603	2.209	1.819	-1.252	-0.558	2.050	1.739	-1.085
-0.357	2.083	1.861	-0.935	-0.600	2.204	1.819	-1.245	-0.563	2.050	1.734	-1.094
-0.380	2.085	1.915	-0.825	-0.600	2.204	1.819	-1.245	-0.568	2.057	1.734	-1.106
-0.380	2.085	1.915	-0.825	-0.605	2.191	1.802	-1.245	-0.570	2.056	1.731	-1.109
-0.390	2.084	1.945	-0.748	-0.610	2.177	1.784	-1.247	-0.574	2.054	1.724	-1.116
-0.396	2.078	1.926	-0.780	-0.608	2.169	1.781	-1.239	-0.571	2.047	1.722	-1.107
-0.396	2.078	1.926	-0.780	-0.608	2.169	1.781	-1.239	-0.572	2.043	1.718	-1.106
-0.392	2.082	1.936	-0.765	-0.611	2.139	1.752	-1.228	-0.575	2.035	1.708	-1.106
-0.392	2.082	1.936	-0.765	-0.611	2.139	1.752	-1.228	-0.575	2.036	1.709	-1.107
-0.389	2.092	1.922	-0.823	-0.611	2.139	1.752	-1.228	-0.575	2.043	1.714	-1.111
-0.382	2.095	1.924	-0.831	-0.612	2.138	1.750	-1.228	-0.576	2.046	1.716	-1.114
-0.382	2.095	1.924	-0.831	-0.612	2.138	1.750	-1.228	-0.576	2.046	1.716	-1.114
-0.380	2.092	1.911	-0.849	-0.616	2.105	1.719	-1.215	-0.579	2.032	1.701	-1.112
-0.380	2.079	1.945	-0.734	-0.616	2.105	1.719	-1.215	-0.578	2.023	1.694	-1.105
-0.369	2.069	1.965	-0.648	-0.612	2.100	1.718	-1.207	-0.574	2.016	1.693	-1.095
-0.367	2.063	1.936	-0.714	-0.616	2.105	1.718	-1.215	-0.578	2.015	1.688	-1.100
-0.367	2.063	1.936	-0.714	-0.616	2.105	1.718	-1.215	-0.578	2.012	1.685	-1.099
-0.356	2.079	1.980	-0.634	-0.610	2.097	1.718	-1.202	-0.578	2.013	1.686	-1.099
-0.345	2.084	1.984	-0.639	-0.607	2.075	1.704	-1.184	-0.570	2.015	1.697	-1.087
-0.337	2.090	1.985	-0.655	-0.607	2.075	1.704	-1.184	-0.569	2.020	1.701	-1.089
-0.331	2.084	1.980	-0.648	-0.604	2.052	1.688	-1.166	-0.566	2.007	1.694	-1.077
-0.334	2.080	1.975	-0.652	-0.604	2.052	1.688	-1.166	-0.566	2.005	1.692	-1.076
-0.338	2.083	1.942	-0.754	-0.604	2.052	1.688	-1.166	-0.567	2.008	1.694	-1.079
-0.341	2.085	1.949	-0.740	-0.603	2.049	1.688	-1.161	-0.565	2.009	1.696	-1.076
-0.343	2.083	1.941	-0.755	-0.603	2.049	1.688	-1.161	-0.565	2.007	1.695	-1.075
-0.343	2.074	1.927	-0.766	-0.604	2.052	1.688	-1.166	-0.567	2.002	1.689	-1.075
-0.355	2.082	1.954	-0.719	-0.603	2.049	1.688	-1.161	-0.565	2.009	1.697	-1.076
-0.359	2.073	1.922	-0.778	-0.603	2.049	1.688	-1.161	-0.565	2.001	1.690	-1.072
-0.373	2.074	1.901	-0.827	-0.603	2.048	1.687	-1.161	-0.566	2.002	1.690	-1.073
-0.373	2.074	1.901	-0.827	-0.603	2.048	1.687	-1.161	-0.566	2.002	1.690	-1.073
-0.374	2.079	1.959	-0.695	-0.603	2.048	1.687	-1.161	-0.565	2.004	1.692	-1.073
-0.374	2.082	1.938	-0.761	-0.603	2.048	1.687	-1.161	-0.565	2.007	1.695	-1.075
-0.374	2.081	1.951	-0.723	-0.603	2.048	1.687	-1.161	-0.565	2.006	1.694	-1.074
-0.374	2.087	1.957	-0.725	-0.601	2.062	1.701	-1.165	-0.563	2.014	1.703	-1.076
-0.374	2.087	1.961	-0.716	-0.601	2.062	1.701	-1.165	-0.563	2.014	1.703	-1.076
-0.376	2.088	1.951	-0.744	-0.598	2.075	1.715	-1.169	-0.562	2.020	1.709	-1.076
-0.381	2.093	1.914	-0.846	-0.598	2.075	1.715	-1.169	-0.562	2.024	1.712	-1.079
-0.379	2.104	1.933	-0.832	-0.598	2.075	1.715	-1.169	-0.562	2.032	1.719	-1.083
-0.378	2.095	1.957	-0.749	-0.599	2.075	1.715	-1.169	-0.562	2.025	1.713	-1.079
-0.380	2.092	1.913	-0.846	-0.599	2.075	1.715	-1.169	-0.562	2.025	1.713	-1.079
-0.384	2.102	1.932	-0.827	-0.599	2.076	1.715	-1.169	-0.562	2.029	1.717	-1.082
-0.389	2.101	1.927	-0.837	-0.598	2.076	1.715	-1.169	-0.562	2.029	1.717	-1.082
-0.394	2.098	1.911	-0.866	-0.598	2.076	1.715	-1.169	-0.563	2.029	1.716	-1.082
-0.402	2.088	1.925	-0.809	-0.598	2.076	1.715	-1.169	-0.562	2.021	1.710	-1.077
-0.405	2.080	1.910	-0.821	-0.598	2.076	1.715	-1.169	-0.562	2.014	1.704	-1.074
-0.406	2.079	1.878	-0.892	-0.598	2.076	1.715	-1.169	-0.563	2.016	1.705	-1.075
-0.414	2.092	1.907	-0.859	-0.598	2.076	1.715	-1.169	-0.563	2.021	1.709	-1.078
-0.414	2.092	1.907	-0.859	-0.598	2.076	1.715	-1.169	-0.563	2.021	1.709	-1.078
-0.417	2.095	1.933	-0.808	-0.598	2.076	1.715	-1.169	-0.562	2.025	1.714	-1.079
-0.409	2.071	1.911	-0.800	-0.598	2.076	1.715	-1.169	-0.562	2.032	1.719	-1.083
-0.408	2.085	1.934	-0.779	-0.598	2.076	1.715	-1.169	-0.562	2.026	1.714	-1.080
-0.408	2.085	1.934	-0.779	-0.598	2.076	1.715	-1.169	-0.562	2.018	1.708	-1.075
-0.410	2.086	1.924	-0.804	-0.598	2.076	1.715	-1.169	-0.562	2.019	1.708	-1.076
-0.410	2.085	1.914	-0.828	-0.599	2.075	1.714	-1.169	-0.563	2.019	1.708	-1.077
-0.411	2.092	1.856	-0.966	-0.599	2.075	1.714	-1.169	-0.564	2.025	1.712	-1.082
-0.414	2.086	1.916	-0.825	-0.599	2.075	1.714	-1.169	-0.563	2.019	1.708	-1.077
-0.419	2.093	1.868	-0.944	-0.599	2.074	1.713	-1.169	-0.563	2.026	1.713	-1.081
-0.425	2.090	1.896	-0.878	-0.599	2.073	1.713	-1.169	-0.562	2.021	1.710	-1.078
-0.429	2.082	1.893	-0.867	-0.599	2.072	1.712	-1.168	-0.563	2.016	1.705	-1.076
-0.431	2.077	1.896	-0.847	-0.599	2.072	1.712	-1.168	-0.563	2.013	1.702	-1.074
-0.433	2.067	1.875	-0.870	-0.602	2.077	1.712	-1.177	-0.566	2.007	1.694	-1.077
-0.434	2.062	1.886	-0.835	-0.603	2.076	1.711	-1.177	-0.566	2.004	1.691	-1.075
-0.429	2.079	1.900	-0.845	-0.603	2.076	1.711	-1.177	-0.566	2.015	1.701	-1.081
-0.424	2.077	1.924	-0.781	-0.606	2.063	1.696	-1.175	-0.569	2.008	1.692	-1.082
-0.417	2.080	1.933	-0.770	-0.606	2.045	1.681	-1.165	-0.569	2.005	1.689	-1.080
-0.410	2.083	1.952	-0.727	-0.606	2.043	1.680	-1.163	-0.568	2.006	1.691	-1.079
-0.397	2.091	1.928	-0.809	-0.604	2.038	1.677	-1.158	-0.568	2.012	1.696	-1.083
-0.390	2.089	1.942	-0.770	-0.605	2.037	1.676	-1.158	-0.567	2.008	1.694	-1.078
-0.384	2.094	1.985	-0.669	-0.605	2.037	1.676	-1.158	-0.566	2.011	1.697	-1.079
-0.373	2.083	2.012	-0.540	-0.605	2.037	1.676	-1.158	-0.566	2.002	1.690	-1.073
-0.358	2.074	1.971	-0.643	-0.605	2.037	1.676	-1.158	-0.566	1.996	1.684	-1.071
-0.354	2.079	1.971	-0.663	-0.605	2.037	1.676	-1.158	-0.567	2.001	1.688	-1.074
-0.342	2.079	1.991	-0.599	-0.603	2.052	1.691	-1.163	-0.565	2.004	1.693	-1.073
-0.342	2.079	1.991	-0.599	-0.603	2.052	1.691	-1.163	-0.564	2.004	1.693	-1.072
-0.331	2.080	2.004	-0.554	-0.604	2.073	1.707	-1.177	-0.566	2.010	1.697	-1.078
-0.323	2.083	1.986	-0.627	-0.604	2.073	1.707	-1.177	-0.566	2.014	1.700	-1.080
-0.308	2.077	1.969	-0.660	-0.604	2.074	1.707	-1.177	-0.566	2.010	1.697	-1.077
-0.308	2.077	1.969	-0.660	-0.604	2.074	1.707	-1.177	-0.566	2.010	1.697	-1.077
-0.316	2.077	1.917	-0.799	-0.604	2.074	1.707	-1.177	-0.567	2.012	1.697	-1.081
-0.325	2.090	1.936	-0.786	-0.603	2.074	1.708	-1.177	-0.567	2.021	1.705	-1.085
-0.327	2.079	1.985	-0.618	-0.607	2.079	1.708	-1.186	-0.569	2.013	1.696	-1.085
-0.326	2.077	1.939	-0.746	-0.607	2.079	1.708	-1.186	-0.570	2.014	1.695	-1.087
-0.334	2.079	1.907	-0.828	-0.607	2.079	1.708	-1.186	-0.570	2.016	1.697	-1.088
-0.344	2.088	1.934	-0.785	-0.609	2.082	1.708	-1.191	-0.570	2.021	1.701	-1.091
-0.354	2.078	1.926	-0.779	-0.609	2.082	1.708	-1.191	-0.572	2.014	1.694	-1.090
-0.364	2.071	1.938	-0.730	-0.609	2.082	1.708	-1.191	-0.572	2.009	1.690	-1.087
-0.368	2.069	1.947	-0.700	-0.609	2.082	1.708	-1.191	-0.571	2.008	1.689	-1.086
-0.366	2.078	1.955	-0.706	-0.605	2.077	1.708	-1.182	-0.568	2.013	1.697	-1.083
-0.359	2.068	1.986	-0.575	-0.602	2.072	1.708	-1.173	-0.564	2.003	1.693	-1.070
-0.354	2.071	1.975	-0.621	-0.602	2.072	1.708	-1.173	-0.564	2.005	1.694	-1.072
-0.350	2.074	2.008	-0.520	-0.602	2.072	1.708	-1.173	-0.564	2.006	1.696	-1.072
-0.316	2.074	1.988	-0.589	-0.606	2.060	1.693	-1.173	-0.567	2.006	1.692	-1.078
-0.311	2.081	1.940	-0.751	-0.610	2.048	1.679	-1.173	-0.572	2.005	1.686	-1.085
-0.311	2.077	1.901	-0.836	-0.610	2.048	1.679	-1.173	-0.573	2.005	1.685	-1.086
-0.318	2.081	1.890	-0.871	-0.610	2.015	1.651	-1.155	-0.572	1.997	1.679	-1.082
-0.332	2.082	1.912	-0.825	-0.600	2.001	1.651	-1.130	-0.563	1.993	1.686	-1.063
-0.340	2.088	1.938	-0.779	-0.604	1.974	1.624	-1.122	-0.566	1.988	1.678	-1.066
-0.350	2.081	1.913	-0.818	-0.604	1.974	1.624	-1.122	-0.566	1.983	1.674	-1.063
-0.367	2.078	1.877	-0.891	-0.604	1.974	1.624	-1.122	-0.567	1.982	1.672	-1.064
-0.387	2.072	1.836	-0.960	-0.604	1.974	1.624	-1.122	-0.567	1.980	1.670	-1.063
-0.406	2.081	1.910	-0.826	-0.604	1.974	1.624	-1.122	-0.566	1.984	1.674	-1.064
-0.401	2.085	1.958	-0.715	-0.604	1.974	1.624	-1.122	-0.565	1.982	1.674	-1.062
-0.400	2.082	1.892	-0.869	-0.596	1.997	1.652	-1.122	-0.559	1.992	1.689	-1.057
-0.403	2.081	1.910	-0.826	-0.589	2.021	1.681	-1.122	-0.552	1.994	1.698	-1.046
-0.403	2.081	1.910	-0.826	-0.589	2.021	1.681	-1.122	-0.553	1.998	1.701	-1.049
-0.407	2.075	1.887	-0.864	-0.591	2.023	1.681	-1.127	-0.555	1.996	1.697	-1.051
-0.406	2.069	1.887	-0.849	-0.590	2.024	1.681	-1.127	-0.554	1.992	1.694	-1.048
-0.404	2.074	1.861	-0.914	-0.590	2.024	1.682	-1.127	-0.555	1.996	1.697	-1.051
-0.401	2.091	1.904	-0.863	-0.590	2.025	1.682	-1.127	-0.554	2.007	1.707	-1.056
-0.413	2.079	1.929	-0.777	-0.590	2.025	1.682	-1.127	-0.554	2.005	1.705	-1.055
-0.413	2.080	1.922	-0.796	-0.590	2.025	1.682	-1.127	-0.554	2.005	1.705	-1.055
-0.410	2.086	1.947	-0.747	-0.590	2.025	1.682	-1.127	-0.553	2.002	1.703	-1.052
-0.392	2.087	1.961	-0.715	-0.590	2.025	1.682	-1.127	-0.553	2.000	1.702	-1.051
-0.392	2.087	1.961	-0.715	-0.590	2.025	1.682	-1.127	-0.553	2.000	1.702	-1.051
-0.381	2.080	1.955	-0.709	-0.590	2.025	1.682	-1.127	-0.553	1.997	1.699	-1.049
-0.376	2.088	1.938	-0.777	-0.590	2.025	1.682	-1.127	-0.553	2.004	1.705	-1.053
-0.378	2.089	1.872	-0.926	-0.590	2.025	1.682	-1.127	-0.554	2.006	1.706	-1.056
-0.383	2.073	1.862	-0.911	-0.590	2.025	1.682	-1.127	-0.555	1.996	1.697	-1.051
-0.390	2.068	1.852	-0.919	-0.589	2.023	1.682	-1.123	-0.553	1.992	1.695	-1.046
-0.412	2.086	1.918	-0.819	-0.589	2.022	1.682	-1.123	-0.552	1.999	1.702	-1.049
-0.420	2.075	1.916	-0.796	-0.589	2.022	1.682	-1.123	-0.552	1.999	1.702	-1.049
-0.421	2.078	1.919	-0.797	-0.587	2.020	1.682	-1.119	-0.550	1.996	1.701	-1.044
-0.414	2.076	1.948	-0.716	-0.587	2.020	1.682	-1.119	-0.550	1.993	1.699	-1.042
-0.394	2.077	1.944	-0.730	-0.585	2.017	1.681	-1.114	-0.548	2.000	1.707	-1.043
-0.394	2.077	1.944	-0.730	-0.585	2.017	1.681	-1.114	-0.548	1.993	1.701	-1.039
-0.387	2.085	1.954	-0.726	-0.585	2.017	1.681	-1.114	-0.549	1.998	1.705	-1.042
-0.381	2.087	1.965	-0.704	-0.585	2.017	1.681	-1.114	-0.548	2.000	1.707	-1.042
-0.369	2.071	1.964	-0.658	-0.585	2.017	1.681	-1.114	-0.549	1.992	1.699	-1.039
-0.362	2.072	1.953	-0.692	-0.585	2.017	1.681	-1.114	-0.548	1.988	1.697	-1.036
-0.352	2.100	1.972	-0.722	-0.585	2.017	1.681	-1.114	-0.548	1.990	1.698	-1.037
-0.353	2.105	1.957	-0.774	-0.585	2.017	1.681	-1.114	-0.549	2.013	1.717	-1.050
-0.355	2.107	1.961	-0.768	-0.585	2.017	1.681	-1.114	-0.549	2.013	1.718	-1.050
-0.356	2.088	1.952	-0.741	-0.585	2.017	1.681	-1.114	-0.548	2.000	1.707	-1.043
-0.354	2.078	1.947	-0.724	-0.587	2.019	1.681	-1.118	-0.550	1.994	1.700	-1.042
-0.345	2.092	1.987	-0.655	-0.587	2.019	1.681	-1.118	-0.549	2.000	1.706	-1.044
-0.345	2.096	1.961	-0.739	-0.587	2.019	1.681	-1.119	-0.550	2.007	1.711	-1.050
-0.349	2.095	1.976	-0.693	-0.587	2.019	1.681	-1.119	-0.550	2.005	1.709	-1.048
-0.362	2.100	1.959	-0.755	-0.588	2.024	1.684	-1.124	-0.552	2.014	1.715	-1.056
-0.355	2.092	2.012	-0.574	-0.588	2.024	1.684	-1.124	-0.551	2.004	1.708	-1.049
-0.344	2.076	2.010	-0.519	-0.587	2.039	1.698	-1.129	-0.550	1.993	1.699	-1.042
-0.339	2.087	1.966	-0.700	-0.587	2.039	1.698	-1.129	-0.549	1.999	1.705	-1.044
-0.339	2.087	1.966	-0.700	-0.587	2.039	1.698	-1.129	-0.550	2.007	1.711	-1.049
-0.339	2.093	1.963	-0.726	-0.585	2.053	1.713	-1.133	-0.549	2.016	1.720	-1.051
-0.341	2.098	1.948	-0.778	-0.585	2.053	1.713	-1.133	-0.549	2.019	1.723	-1.053
-0.344	2.089	1.927	-0.807	-0.585	2.053	1.713	-1.133	-0.549	2.015	1.719	-1.051
-0.352	2.082	1.892	-0.868	-0.585	2.053	1.713	-1.133	-0.549	2.015	1.718	-1.052
-0.355	2.087	1.929	-0.796	-0.587	2.039	1.698	-1.129	-0.550	2.007	1.711	-1.050
-0.365	2.094	1.920	-0.835	-0.587	2.039	1.698	-1.129	-0.550	2.013	1.716	-1.053
-0.379	2.090	1.949	-0.754	-0.587	2.022	1.683	-1.120	-0.550	2.004	1.708	-1.048
-0.389	2.085	1.946	-0.750	-0.587	2.022	1.683	-1.120	-0.550	2.001	1.706	-1.046
-0.389	2.082	1.946	-0.738	-0.585	2.019	1.683	-1.116	-0.550	1.994	1.700	-1.042
-0.389	2.082	1.946	-0.738	-0.585	2.019	1.683	-1.116	-0.548	1.997	1.704	-1.041
-0.378	2.076	1.929	-0.766	-0.585	2.019	1.683	-1.116	-0.549	1.995	1.702	-1.040
-0.365	2.074	1.976	-0.631	-0.585	2.019	1.683	-1.115	-0.549	1.994	1.701	-1.040
-0.357	2.092	1.968	-0.710	-0.585	2.019	1.683	-1.115	-0.548	1.991	1.700	-1.037
-0.357	2.092	1.968	-0.710	-0.585	2.019	1.683	-1.115	-0.549	2.004	1.710	-1.045
-0.347	2.095	1.955	-0.751	-0.584	2.016	1.682	-1.111	-0.547	2.006	1.713	-1.043
-0.345	2.093	1.968	-0.711	-0.584	2.016	1.682	-1.111	-0.547	2.003	1.711	-1.042
-0.345	2.097	1.979	-0.692	-0.584	2.016	1.682	-1.111	-0.547	2.006	1.714	-1.043
-0.349	2.102	1.936	-0.818	-0.585	2.019	1.683	-1.115	-0.548	2.011	1.717	-1.047
-0.353	2.095	1.954	-0.757	-0.585	2.018	1.683	-1.114	-0.548	2.007	1.713	-1.046
-0.355	2.094	1.956	-0.748	-0.583	2.016	1.683	-1.110	-0.546	2.005	1.713	-1.042
-0.352	2.073	1.959	-0.677	-0.585	2.019	1.684	-1.115	-0.548	1.999	1.706	-1.041
-0.360	2.067	1.919	-0.766	-0.583	2.016	1.683	-1.110	-0.548	1.990	1.699	-1.037
-0.364	2.084	1.922	-0.807	-0.583	2.015	1.682	-1.110	-0.547	1.987	1.697	-1.033
-0.369	2.086	1.921	-0.813	-0.583	2.030	1.695	-1.118	-0.547	2.000	1.708	-1.040
-0.373	2.069	1.910	-0.794	-0.583	2.030	1.695	-1.118	-0.547	1.993	1.702	-1.036
-0.374	2.077	1.884	-0.875	-0.581	2.044	1.708	-1.122	-0.546	2.005	1.713	-1.041
-0.377	2.081	1.945	-0.740	-0.581	2.044	1.708	-1.122	-0.545	2.005	1.715	-1.039
-0.378	2.081	1.988	-0.616	-0.581	2.044	1.708	-1.122	-0.545	2.004	1.714	-1.038
-0.379	2.063	1.911	-0.778	-0.583	2.030	1.695	-1.118	-0.546	2.009	1.717	-1.044
-0.368	2.073	1.979	-0.618	-0.583	2.030	1.695	-1.118	-0.546	1.980	1.692	-1.029
-0.368	2.073	1.979	-0.618	-0.587	2.019	1.681	-1.118	-0.549	1.990	1.697	-1.039
-0.353	2.099	1.932	-0.819	-0.585	2.016	1.680	-1.114	-0.549	1.999	1.705	-1.044
-0.355	2.103	1.999	-0.651	-0.585	2.016	1.680	-1.114	-0.548	2.006	1.712	-1.046
-0.357	2.097	1.949	-0.772	-0.587	2.019	1.681	-1.118	-0.550	2.007	1.711	-1.050
-0.356	2.086	1.954	-0.730	-0.585	2.016	1.680	-1.114	-0.548	1.999	1.706	-1.042
-0.357	2.080	1.916	-0.810	-0.585	2.016	1.680	-1.114	-0.549	1.996	1.703	-1.042
-0.365	2.070	1.880	-0.866	-0.585	2.016	1.680	-1.114	-0.549	1.991	1.698	-1.039
-0.375	2.068	1.911	-0.791	-0.585	2.016	1.680	-1.114	-0.549	1.988	1.696	-1.037
-0.371	2.088	1.987	-0.639	-0.585	2.016	1.680	-1.114	-0.548	1.996	1.704	-1.040
-0.363	2.086	1.983	-0.647	-0.585	2.016	1.680	-1.114	-0.548	1.999	1.706	-1.041
-0.361	2.080	1.973	-0.656	-0.585	2.016	1.680	-1.114	-0.548	1.999	1.706	-1.041
-0.362	2.084	1.941	-0.758	-0.585	2.016	1.680	-1.114	-0.549	1.998	1.705	-1.042
-0.362	2.087	1.948	-0.748	-0.587	2.018	1.680	-1.118	-0.550	2.000	1.705	-1.046
-0.363	2.097	1.918	-0.849	-0.587	2.018	1.680	-1.118	-0.551	2.009	1.712	-1.052
-0.361	2.094	1.911	-0.854	-0.587	2.019	1.681	-1.118	-0.551	2.007	1.710	-1.050
-0.356	2.087	1.956	-0.725	-0.585	2.033	1.695	-1.122	-0.548	2.005	1.711	-1.045
-0.353	2.073	1.979	-0.616	-0.581	2.044	1.709	-1.122	-0.545	1.998	1.709	-1.035
-0.349	2.068	1.989	-0.565	-0.581	2.044	1.709	-1.122	-0.544	1.994	1.706	-1.032
-0.348	2.066	1.967	-0.634	-0.581	2.044	1.709	-1.122	-0.544	1.994	1.706	-1.033
-0.349	2.074	1.949	-0.709	-0.581	2.044	1.709	-1.122	-0.544	2.000	1.711	-1.036
-0.349	2.074	1.949	-0.709	-0.581	2.044	1.709	-1.122	-0.545	1.999	1.710	-1.036
-0.352	2.087	1.924	-0.807	-0.581	2.044	1.709	-1.122	-0.545	2.002	1.712	-1.038
-0.351	2.092	1.923	-0.824	-0.581	2.044	1.709	-1.122	-0.545	2.014	1.722	-1.045
-0.347	2.093	1.959	-0.738	-0.581	2.044	1.709	-1.122	-0.545	2.012	1.720	-1.043
-0.347	2.093	1.959	-0.738	-0.581	2.044	1.709	-1.122	-0.545	2.014	1.722	-1.044
-0.350	2.094	1.974	-0.698	-0.581	2.044	1.709	-1.122	-0.545	2.013	1.722	-1.043
-0.358	2.083	1.947	-0.740	-0.581	2.044	1.709	-1.122	-0.545	2.007	1.716	-1.040
-0.364	2.076	1.952	-0.707	-0.581	2.044	1.709	-1.122	-0.545	2.002	1.712	-1.037
-0.364	2.072	1.980	-0.613	-0.585	2.032	1.694	-1.122	-0.548	1.994	1.702	-1.038
-0.366	2.079	1.958	-0.697	-0.585	2.032	1.694	-1.122	-0.548	1.999	1.706	-1.042
-0.360	2.082	1.955	-0.716	-0.589	2.020	1.679	-1.122	-0.552	1.997	1.701	-1.047
-0.356	2.082	1.975	-0.657	-0.589	2.020	1.679	-1.122	-0.552	1.996	1.700	-1.046
-0.349	2.082	1.989	-0.615	-0.591	2.021	1.679	-1.126	-0.553	1.996	1.699	-1.048
-0.341	2.083	1.964	-0.695	-0.591	2.021	1.679	-1.126	-0.553	2.001	1.703	-1.051
-0.343	2.089	1.937	-0.784	-0.591	2.021	1.679	-1.126	-0.554	2.004	1.705	-1.054
-0.347	2.083	1.931	-0.781	-0.591	2.021	1.679	-1.126	-0.554	2.000	1.701	-1.052
-0.349	2.091	1.939	-0.783	-0.591	2.021	1.679	-1.126	-0.554	2.004	1.705	-1.054
-0.351	2.089	1.974	-0.685	-0.590	2.023	1.681	-1.126	-0.553	2.002	1.704	-1.051
-0.351	2.089	1.974	-0.685	-0.590	2.023	1.681	-1.126	-0.553	2.003	1.705	-1.052
-0.351	2.092	1.966	-0.717	-0.590	2.023	1.681	-1.126	-0.553	2.006	1.707	-1.053
-0.349	2.095	1.978	-0.691	-0.590	2.023	1.681	-1.126	-0.553	2.007	1.708	-1.054
-0.350	2.099	1.980	-0.697	-0.589	2.021	1.681	-1.123	-0.552	2.009	1.711	-1.053
-0.353	2.097	1.962	-0.739	-0.589	2.021	1.681	-1.123	-0.552	2.008	1.710	-1.053
-0.355	2.096	1.960	-0.743	-0.589	2.021	1.681	-1.123	-0.552	2.008	1.710	-1.053
-0.349	2.092	1.962	-0.726	-0.589	2.021	1.681	-1.123	-0.552	2.005	1.707	-1.051
-0.346	2.094	1.971	-0.708	-0.589	2.022	1.682	-1.123	-0.551	2.006	1.709	-1.051
-0.346	2.092	1.974	-0.692	-0.585	2.034	1.696	-1.123	-0.548	2.008	1.714	-1.046
-0.348	2.090	1.960	-0.725	-0.585	2.033	1.695	-1.123	-0.548	2.007	1.713	-1.046
-0.353	2.098	1.941	-0.795	-0.581	2.044	1.708	-1.122	-0.545	2.017	1.724	-1.046
-0.361	2.097	1.929	-0.822	-0.581	2.044	1.708	-1.122	-0.546	2.017	1.724	-1.047
-0.365	2.091	1.946	-0.764	-0.581	2.044	1.708	-1.122	-0.545	2.012	1.720	-1.043
-0.364	2.082	1.982	-0.638	-0.581	2.044	1.708	-1.122	-0.544	2.005	1.715	-1.038
-0.361	2.077	1.964	-0.674	-0.581	2.044	1.708	-1.122	-0.545	2.001	1.711	-1.037
-0.357	2.078	1.954	-0.704	-0.581	2.044	1.708	-1.122	-0.545	2.002	1.712	-1.038
-0.354	2.092	1.974	-0.690	-0.581	2.044	1.708	-1.122	-0.545	2.011	1.720	-1.042
-0.355	2.084	1.954	-0.725	-0.581	2.043	1.708	-1.122	-0.545	2.007	1.716	-1.040
-0.353	2.090	1.964	-0.714	-0.581	2.043	1.708	-1.122	-0.545	2.010	1.719	-1.042
-0.346	2.096	1.975	-0.703	-0.581	2.043	1.708	-1.122	-0.545	2.012	1.721	-1.043
-0.346	2.096	1.975	-0.703	-0.581	2.043	1.708	-1.122	-0.545	2.015	1.723	-1.044
-0.344	2.099	1.945	-0.789	-0.581	2.043	1.708	-1.122	-0.545	2.017	1.725	-1.046
-0.347	2.089	1.950	-0.749	-0.581	2.043	1.708	-1.122	-0.545	2.010	1.719	-1.042
-0.360	2.076	1.896	-0.846	-0.581	2.043	1.708	-1.122	-0.546	2.010	1.718	-1.043
-0.360	2.076	1.896	-0.846	-0.581	2.043	1.708	-1.122	-0.545	2.003	1.712	-1.039
-0.367	2.076	1.940	-0.739	-0.585	2.032	1.694	-1.122	-0.548	1.998	1.705	-1.041
-0.365	2.071	1.964	-0.655	-0.581	2.044	1.708	-1.122	-0.548	1.992	1.700	-1.038
-0.364	2.084	1.984	-0.638	-0.581	2.044	1.708	-1.122	-0.544	2.006	1.716	-1.039
-0.360	2.085	1.967	-0.691	-0.581	2.044	1.708	-1.122	-0.545	2.007	1.717	-1.040
-0.364	2.073	1.921	-0.777	-0.581	2.044	1.708	-1.122	-0.545	2.007	1.716	-1.040
-0.378	2.075	1.846	-0.946	-0.581	2.044	1.709	-1.122	-0.546	2.002	1.711	-1.039
-0.380	2.074	1.896	-0.840	-0.583	2.047	1.709	-1.127	-0.548	2.004	1.711	-1.044
-0.376	2.075	1.938	-0.741	-0.585	2.049	1.709	-1.131	-0.547	2.002	1.710	-1.042
-0.376	2.075	1.938	-0.741	-0.585	2.049	1.709	-1.131	-0.548	2.003	1.709	-1.044
-0.379	2.077	1.935	-0.752	-0.587	2.035	1.695	-1.127	-0.550	1.999	1.704	-1.045
-0.384	2.077	1.920	-0.793	-0.589	2.021	1.680	-1.122	-0.552	1.996	1.699	-1.047
-0.393	2.082	1.916	-0.816	-0.589	2.021	1.680	-1.122	-0.552	1.999	1.702	-1.049
-0.396	2.074	1.939	-0.738	-0.589	2.020	1.680	-1.122	-0.552	1.993	1.697	-1.045
-0.390	2.084	1.884	-0.890	-0.591	2.023	1.680	-1.127	-0.554	1.997	1.698	-1.051
-0.390	2.084	1.884	-0.890	-0.591	2.023	1.680	-1.127	-0.554	1.997	1.698	-1.051
-0.393	2.099	1.924	-0.838	-0.591	2.023	1.680	-1.127	-0.554	2.006	1.706	-1.055
-0.393	2.099	1.924	-0.838	-0.591	2.023	1.680	-1.127	-0.554	2.011	1.710	-1.058
-0.398	2.101	1.949	-0.783	-0.591	2.023	1.681	-1.127	-0.554	2.012	1.711	-1.058
-0.389	2.094	1.985	-0.669	-0.592	2.026	1.681	-1.131	-0.555	2.017	1.714	-1.063
-0.389	2.094	1.985	-0.669	-0.592	2.026	1.681	-1.131	-0.555	2.007	1.706	-1.057
-0.384	2.078	1.941	-0.741	-0.592	2.026	1.681	-1.131	-0.555	2.004	1.703	-1.056
-0.381	2.076	1.920	-0.788	-0.592	2.026	1.681	-1.131	-0.556	1.996	1.696	-1.053
-0.376	2.067	1.920	-0.764	-0.589	2.022	1.681	-1.123	-0.552	1.988	1.693	-1.043
-0.372	2.066	1.915	-0.775	-0.589	2.022	1.681	-1.123	-0.552	1.988	1.693	-1.043
-0.369	2.082	1.916	-0.813	-0.591	2.024	1.681	-1.127	-0.554	2.000	1.701	-1.052
-0.365	2.082	1.947	-0.735	-0.591	2.025	1.682	-1.127	-0.554	1.999	1.700	-1.051
-0.360	2.078	1.979	-0.634	-0.591	2.025	1.682	-1.127	-0.553	1.995	1.698	-1.048
-0.358	2.081	1.964	-0.689	-0.591	2.025	1.682	-1.127	-0.553	1.998	1.700	-1.050
-0.360	2.077	1.907	-0.822	-0.590	2.025	1.682	-1.127	-0.554	1.996	1.698	-1.050
-0.371	2.085	1.858	-0.946	-0.590	2.025	1.682	-1.127	-0.555	2.005	1.704	-1.056
-0.383	2.086	1.839	-0.984	-0.587	2.021	1.682	-1.119	-0.552	2.005	1.707	-1.051
-0.390	2.083	1.894	-0.866	-0.587	2.021	1.682	-1.119	-0.551	2.000	1.704	-1.047
-0.392	2.079	1.925	-0.784	-0.590	2.026	1.683	-1.128	-0.554	1.998	1.699	-1.051
-0.388	2.080	1.929	-0.777	-0.585	2.035	1.697	-1.124	-0.548	2.004	1.711	-1.044
-0.393	2.078	1.902	-0.837	-0.585	2.035	1.697	-1.124	-0.549	2.001	1.707	-1.044
-0.375	2.080	1.922	-0.797	-0.585	2.035	1.697	-1.124	-0.549	2.000	1.706	-1.043
-0.375	2.080	1.922	-0.797	-0.585	2.035	1.697	-1.123	-0.548	2.003	1.709	-1.044
-0.371	2.081	1.956	-0.711	-0.585	2.035	1.697	-1.123	-0.548	2.002	1.709	-1.043
-0.367	2.084	1.980	-0.650	-0.585	2.035	1.697	-1.124	-0.548	2.003	1.710	-1.043
-0.374	2.076	1.845	-0.952	-0.585	2.035	1.697	-1.124	-0.550	2.002	1.707	-1.046
-0.392	2.082	1.802	-1.042	-0.589	2.023	1.683	-1.123	-0.554	2.003	1.704	-1.053
-0.407	2.094	1.832	-1.014	-0.589	2.023	1.683	-1.123	-0.553	2.011	1.711	-1.057
-0.421	2.102	1.916	-0.864	-0.587	2.020	1.682	-1.119	-0.553	2.020	1.719	-1.060
-0.421	2.102	1.916	-0.864	-0.587	2.020	1.682	-1.119	-0.551	2.013	1.715	-1.054
-0.419	2.080	1.933	-0.769	-0.587	2.020	1.682	-1.119	-0.550	1.997	1.702	-1.044
-0.423	2.077	1.911	-0.812	-0.587	2.020	1.682	-1.119	-0.551	1.995	1.700	-1.044
-0.433	2.077	1.897	-0.844	-0.587	2.020	1.682	-1.119	-0.550	1.996	1.701	-1.044
-0.441	2.082	1.895	-0.861	-0.587	2.020	1.682	-1.119	-0.551	1.999	1.704	-1.046
-0.441	2.086	1.882	-0.898	-0.589	2.023	1.682	-1.123	-0.553	2.003	1.705	-1.052
-0.424	2.094	1.939	-0.793	-0.587	2.020	1.682	-1.119	-0.551	2.010	1.712	-1.053
-0.416	2.083	1.943	-0.749	-0.585	2.017	1.682	-1.114	-0.548	1.998	1.705	-1.041
-0.413	2.086	1.897	-0.865	-0.585	2.017	1.682	-1.114	-0.549	2.001	1.707	-1.044
-0.435	2.077	1.863	-0.917	-0.585	2.034	1.696	-1.123	-0.549	1.994	1.701	-1.041
-0.435	2.077	1.863	-0.917	-0.585	2.034	1.696	-1.123	-0.550	2.000	1.705	-1.045
-0.434	2.088	1.903	-0.857	-0.586	2.053	1.710	-1.136	-0.551	2.014	1.716	-1.054
-0.433	2.099	1.926	-0.832	-0.588	2.039	1.696	-1.132	-0.552	2.016	1.716	-1.058
-0.420	2.089	1.969	-0.695	-0.588	2.039	1.696	-1.132	-0.551	2.014	1.715	-1.055
-0.407	2.083	1.974	-0.664	-0.588	2.039	1.696	-1.132	-0.551	2.004	1.707	-1.049
-0.394	2.071	1.948	-0.703	-0.594	2.047	1.696	-1.145	-0.557	1.999	1.697	-1.056
-0.361	2.090	1.956	-0.735	-0.590	2.134	1.773	-1.188	-0.556	2.016	1.712	-1.064
-0.361	2.090	1.956	-0.735	-0.590	2.134	1.773	-1.188	-0.555	2.040	1.734	-1.074
-0.357	2.087	1.945	-0.757	-0.590	2.134	1.773	-1.188	-0.555	2.038	1.732	-1.074
-0.353	2.092	1.975	-0.689	-0.590	2.135	1.774	-1.188	-0.554	2.041	1.735	-1.074
-0.350	2.092	1.986	-0.657	-0.590	2.135	1.774	-1.188	-0.554	2.041	1.735	-1.074
-0.346	2.090	1.963	-0.717	-0.590	2.135	1.774	-1.188	-0.555	2.040	1.734	-1.074
-0.359	2.099	1.916	-0.856	-0.590	2.136	1.775	-1.188	-0.555	2.050	1.742	-1.080
-0.359	2.099	1.916	-0.856	-0.590	2.137	1.776	-1.189	-0.555	2.050	1.742	-1.080
-0.370	2.106	1.954	-0.787	-0.595	2.144	1.776	-1.203	-0.555	2.048	1.740	-1.080
-0.370	2.106	1.954	-0.787	-0.595	2.144	1.776	-1.203	-0.560	2.055	1.741	-1.092
-0.374	2.097	1.923	-0.835	-0.595	2.144	1.776	-1.203	-0.561	2.048	1.735	-1.089
-0.377	2.097	1.933	-0.811	-0.595	2.144	1.776	-1.203	-0.560	2.048	1.735	-1.088
-0.383	2.094	1.927	-0.819	-0.595	2.144	1.776	-1.203	-0.560	2.047	1.734	-1.088
-0.382	2.082	1.987	-0.621	-0.595	2.144	1.776	-1.203	-0.559	2.038	1.728	-1.081
-0.382	2.082	1.987	-0.621	-0.595	2.144	1.776	-1.203	-0.559	2.036	1.726	-1.080
-0.371	2.099	1.983	-0.686	-0.595	2.144	1.776	-1.203	-0.559	2.048	1.736	-1.087
-0.354	2.100	1.956	-0.765	-0.602	2.154	1.776	-1.220	-0.566	2.057	1.736	-1.103
-0.352	2.095	1.952	-0.760	-0.602	2.154	1.776	-1.220	-0.567	2.049	1.729	-1.100
-0.347	2.088	1.960	-0.721	-0.602	2.154	1.776	-1.220	-0.566	2.045	1.726	-1.097
-0.341	2.092	1.935	-0.794	-0.603	2.119	1.745	-1.202	-0.567	2.037	1.718	-1.094
-0.346	2.086	1.945	-0.755	-0.603	2.119	1.745	-1.202	-0.567	2.033	1.715	-1.091
-0.356	2.084	1.931	-0.782	-0.603	2.119	1.745	-1.202	-0.567	2.030	1.713	-1.090
-0.364	2.092	1.924	-0.822	-0.602	2.081	1.715	-1.178	-0.565	2.025	1.710	-1.085
-0.370	2.081	1.952	-0.720	-0.602	2.081	1.715	-1.178	-0.565	2.015	1.702	-1.079
-0.373	2.069	1.930	-0.747	-0.602	2.080	1.715	-1.178	-0.565	2.011	1.699	-1.076
-0.374	2.080	1.932	-0.771	-0.602	2.080	1.715	-1.178	-0.565	2.008	1.696	-1.075
-0.379	2.092	1.939	-0.786	-0.598	2.075	1.714	-1.169	-0.564	2.027	1.714	-1.083
-0.379	2.089	1.971	-0.693	-0.600	2.078	1.715	-1.173	-0.563	2.021	1.709	-1.078
-0.372	2.085	1.999	-0.592	-0.600	2.078	1.715	-1.173	-0.562	2.016	1.706	-1.075
-0.362	2.085	1.976	-0.662	-0.600	2.078	1.715	-1.173	-0.563	2.016	1.705	-1.076
-0.355	2.090	1.964	-0.717	-0.600	2.078	1.715	-1.173	-0.563	2.021	1.709	-1.079
-0.354	2.097	1.927	-0.827	-0.597	2.073	1.714	-1.165	-0.560	2.026	1.716	-1.077
-0.365	2.105	1.849	-1.006	-0.595	2.070	1.714	-1.160	-0.560	2.034	1.723	-1.080
-0.379	2.105	1.884	-0.939	-0.595	2.070	1.714	-1.160	-0.560	2.032	1.722	-1.079
-0.398	2.097	1.894	-0.900	-0.595	2.070	1.714	-1.160	-0.560	2.035	1.724	-1.082
-0.399	2.089	1.937	-0.783	-0.595	2.070	1.714	-1.160	-0.559	2.026	1.717	-1.075
-0.403	2.085	1.902	-0.855	-0.593	2.067	1.714	-1.155	-0.558	2.016	1.711	-1.067
-0.425	2.083	1.894	-0.866	-0.591	2.064	1.713	-1.151	-0.555	2.010	1.708	-1.060
-0.433	2.079	1.920	-0.796	-0.590	2.061	1.713	-1.146	-0.554	2.009	1.709	-1.057
-0.431	2.069	1.953	-0.683	-0.590	2.061	1.713	-1.146	-0.553	2.001	1.703	-1.051
-0.383	2.081	1.963	-0.688	-0.588	2.058	1.712	-1.142	-0.551	2.000	1.704	-1.047
-0.383	2.081	1.963	-0.688	-0.588	2.058	1.712	-1.142	-0.551	2.009	1.711	-1.052
-0.373	2.090	1.949	-0.756	-0.586	2.055	1.712	-1.137	-0.550	2.016	1.718	-1.054
-0.373	2.105	1.917	-0.869	-0.586	2.055	1.712	-1.137	-0.551	2.027	1.727	-1.061
-0.378	2.101	1.894	-0.910	-0.585	2.053	1.712	-1.133	-0.549	2.024	1.726	-1.057
-0.382	2.101	1.894	-0.908	-0.585	2.053	1.712	-1.133	-0.549	2.024	1.726	-1.057
-0.379	2.102	1.953	-0.778	-0.586	2.055	1.712	-1.137	-0.550	2.023	1.724	-1.058
-0.380	2.101	1.965	-0.744	-0.586	2.055	1.712	-1.137	-0.550	2.022	1.724	-1.057
-0.384	2.106	1.946	-0.806	-0.586	2.055	1.712	-1.137	-0.550	2.026	1.727	-1.060
-0.394	2.109	1.894	-0.928	-0.586	2.055	1.712	-1.137	-0.551	2.030	1.730	-1.063
-0.407	2.107	1.912	-0.885	-0.586	2.055	1.711	-1.137	-0.551	2.028	1.728	-1.061
-0.419	2.105	1.887	-0.933	-0.586	2.055	1.711	-1.137	-0.551	2.027	1.727	-1.062
-0.425	2.100	1.872	-0.951	-0.588	2.057	1.711	-1.140	-0.553	2.025	1.723	-1.063
-0.426	2.102	1.886	-0.927	-0.588	2.057	1.712	-1.141	-0.553	2.025	1.724	-1.063
-0.431	2.102	1.885	-0.930	-0.588	2.057	1.712	-1.141	-0.553	2.026	1.724	-1.064
-0.438	2.108	1.851	-1.007	-0.588	2.057	1.712	-1.141	-0.553	2.031	1.728	-1.067
-0.462	2.101	1.913	-0.867	-0.590	2.060	1.712	-1.145	-0.555	2.031	1.726	-1.070
-0.467	2.104	1.915	-0.870	-0.590	2.060	1.712	-1.145	-0.554	2.027	1.724	-1.066
-0.461	2.096	1.978	-0.692	-0.591	2.062	1.712	-1.149	-0.554	2.019	1.717	-1.063
-0.419	2.105	1.977	-0.721	-0.591	2.062	1.712	-1.149	-0.554	2.019	1.717	-1.063
-0.419	2.105	1.977	-0.721	-0.591	2.062	1.712	-1.149	-0.554	2.027	1.723	-1.067
-0.411	2.088	1.934	-0.787	-0.591	2.063	1.713	-1.149	-0.555	2.016	1.714	-1.062
-0.398	2.074	1.939	-0.735	-0.591	2.063	1.713	-1.149	-0.555	2.006	1.705	-1.056
-0.386	2.069	1.939	-0.720	-0.591	2.064	1.714	-1.150	-0.555	2.002	1.702	-1.055
-0.367	2.066	1.971	-0.619	-0.591	2.064	1.714	-1.150	-0.554	1.999	1.700	-1.052
-0.345	2.071	2.010	-0.501	-0.591	2.065	1.714	-1.151	-0.554	2.002	1.703	-1.053
-0.321	2.079	1.970	-0.666	-0.591	2.065	1.714	-1.151	-0.554	2.009	1.709	-1.057
-0.324	2.077	1.945	-0.726	-0.591	2.064	1.714	-1.150	-0.554	2.008	1.707	-1.057
-0.333	2.078	1.875	-0.894	-0.591	2.063	1.714	-1.149	-0.555	2.011	1.709	-1.060
-0.344	2.077	1.902	-0.834	-0.591	2.063	1.714	-1.149	-0.555	2.010	1.708	-1.059
-0.348	2.079	1.929	-0.774	-0.590	2.061	1.713	-1.146	-0.553	2.009	1.709	-1.056
-0.351	2.075	1.891	-0.854	-0.590	2.061	1.713	-1.146	-0.554	2.007	1.707	-1.056
-0.356	2.069	1.902	-0.814	-0.589	2.058	1.712	-1.143	-0.553	2.002	1.704	-1.051
-0.367	2.070	1.885	-0.855	-0.588	2.058	1.712	-1.142	-0.552	2.003	1.705	-1.051
-0.413	2.056	1.859	-0.877	-0.588	2.058	1.713	-1.142	-0.553	1.995	1.698	-1.047
-0.413	2.056	1.859	-0.877	-0.588	2.060	1.714	-1.143	-0.553	1.995	1.698	-1.047
-0.425	2.078	1.903	-0.835	-0.588	2.060	1.714	-1.143	-0.552	2.009	1.710	-1.054
-0.426	2.073	1.863	-0.907	-0.588	2.060	1.714	-1.143	-0.553	2.007	1.708	-1.054
-0.434	2.060	1.842	-0.923	-0.588	2.061	1.714	-1.144	-0.553	2.009	1.709	-1.056
-0.443	2.060	1.802	-0.997	-0.588	2.045	1.701	-1.135	-0.554	1.995	1.697	-1.049
-0.449	2.058	1.784	-1.026	-0.588	2.045	1.701	-1.135	-0.554	1.995	1.697	-1.049
-0.456	2.048	1.789	-0.997	-0.590	2.032	1.688	-1.131	-0.555	1.983	1.685	-1.045
-0.465	2.050	1.824	-0.936	-0.590	2.032	1.688	-1.131	-0.554	1.983	1.686	-1.044
-0.471	2.054	1.808	-0.975	-0.590	2.032	1.688	-1.131	-0.554	1.987	1.689	-1.046
-0.473	2.060	1.865	-0.874	-0.590	2.031	1.687	-1.130	-0.554	1.988	1.691	-1.046
-0.470	2.055	1.897	-0.789	-0.590	2.031	1.687	-1.130	-0.554	1.983	1.687	-1.043
-0.457	2.059	1.902	-0.787	-0.592	2.033	1.687	-1.134	-0.555	1.981	1.684	-1.044
-0.453	2.050	1.877	-0.825	-0.592	2.033	1.687	-1.134	-0.555	1.982	1.684	-1.045
-0.417	2.062	1.878	-0.851	-0.590	2.048	1.701	-1.139	-0.556	1.990	1.691	-1.050
-0.413	2.072	1.874	-0.882	-0.590	2.048	1.701	-1.139	-0.554	2.001	1.702	-1.053
-0.417	2.077	1.867	-0.911	-0.590	2.048	1.701	-1.139	-0.554	2.006	1.706	-1.056
-0.429	2.071	1.763	-1.087	-0.590	2.048	1.701	-1.139	-0.555	2.005	1.704	-1.057
-0.447	2.069	1.754	-1.098	-0.588	2.063	1.716	-1.144	-0.554	2.009	1.709	-1.057
-0.458	2.067	1.871	-0.878	-0.588	2.064	1.717	-1.145	-0.553	2.004	1.706	-1.052
-0.452	2.071	1.957	-0.676	-0.588	2.064	1.717	-1.145	-0.551	2.004	1.707	-1.049
-0.442	2.080	1.971	-0.664	-0.588	2.064	1.718	-1.145	-0.551	2.010	1.712	-1.053
-0.419	2.090	1.985	-0.654	-0.588	2.065	1.718	-1.145	-0.551	2.014	1.716	-1.055
-0.419	2.090	1.985	-0.654	-0.588	2.065	1.718	-1.145	-0.551	2.014	1.716	-1.055
-0.412	2.076	1.933	-0.757	-0.588	2.065	1.718	-1.145	-0.552	2.008	1.710	-1.053
-0.404	2.070	1.932	-0.744	-0.588	2.065	1.718	-1.145	-0.552	2.005	1.707	-1.051
-0.388	2.078	1.954	-0.707	-0.588	2.065	1.718	-1.145	-0.552	2.009	1.711	-1.053
-0.368	2.093	1.940	-0.785	-0.588	2.065	1.718	-1.145	-0.552	2.020	1.720	-1.059
-0.355	2.094	1.937	-0.795	-0.588	2.065	1.718	-1.145	-0.552	2.021	1.721	-1.060
-0.349	2.081	1.932	-0.773	-0.588	2.065	1.718	-1.145	-0.552	2.021	1.721	-1.059
-0.357	2.084	1.911	-0.830	-0.588	2.066	1.719	-1.145	-0.552	2.015	1.715	-1.057
-0.364	2.081	1.929	-0.780	-0.588	2.066	1.719	-1.145	-0.552	2.012	1.713	-1.055
-0.374	2.092	1.904	-0.865	-0.588	2.066	1.720	-1.146	-0.552	2.020	1.720	-1.060
-0.378	2.100	1.947	-0.786	-0.588	2.066	1.720	-1.146	-0.552	2.026	1.725	-1.062
-0.380	2.097	1.943	-0.788	-0.588	2.050	1.706	-1.137	-0.552	2.018	1.718	-1.058
-0.385	2.085	1.916	-0.821	-0.588	2.050	1.706	-1.137	-0.552	2.010	1.712	-1.054
-0.387	2.084	1.917	-0.816	-0.588	2.050	1.706	-1.138	-0.552	2.010	1.711	-1.054
-0.389	2.081	1.915	-0.813	-0.587	2.048	1.706	-1.134	-0.551	2.007	1.710	-1.050
-0.391	2.091	1.948	-0.759	-0.587	2.048	1.706	-1.134	-0.550	2.013	1.716	-1.053
-0.393	2.094	1.931	-0.808	-0.589	2.034	1.692	-1.129	-0.552	2.011	1.712	-1.055
-0.391	2.100	1.950	-0.781	-0.587	2.048	1.706	-1.134	-0.551	2.021	1.722	-1.057
-0.386	2.084	1.946	-0.746	-0.587	2.048	1.706	-1.134	-0.550	2.008	1.712	-1.050
-0.385	2.079	1.934	-0.763	-0.586	2.065	1.720	-1.142	-0.550	2.011	1.714	-1.051
-0.388	2.065	1.862	-0.893	-0.588	2.067	1.720	-1.146	-0.553	2.004	1.706	-1.052
-0.394	2.078	1.841	-0.963	-0.588	2.067	1.720	-1.146	-0.553	2.013	1.713	-1.058
-0.406	2.074	1.841	-0.955	-0.588	2.067	1.720	-1.147	-0.553	2.011	1.711	-1.056
-0.413	2.078	1.844	-0.957	-0.588	2.067	1.720	-1.147	-0.553	2.013	1.713	-1.058
-0.414	2.083	1.949	-0.734	-0.588	2.067	1.720	-1.147	-0.551	2.014	1.715	-1.055
-0.409	2.083	1.984	-0.632	-0.588	2.067	1.720	-1.147	-0.551	2.012	1.714	-1.054
-0.403	2.075	1.963	-0.672	-0.588	2.067	1.720	-1.147	-0.552	2.008	1.710	-1.052
-0.386	2.101	1.973	-0.721	-0.590	2.069	1.720	-1.151	-0.553	2.013	1.713	-1.057
-0.372	2.082	1.972	-0.666	-0.591	2.072	1.720	-1.155	-0.555	2.013	1.711	-1.060
-0.351	2.078	1.999	-0.568	-0.591	2.072	1.720	-1.155	-0.554	2.009	1.709	-1.057
-0.335	2.070	1.964	-0.652	-0.591	2.072	1.720	-1.155	-0.554	2.004	1.704	-1.055
-0.335	2.086	1.896	-0.868	-0.591	2.072	1.720	-1.155	-0.555	2.007	1.706	-1.057
-0.349	2.079	1.958	-0.698	-0.590	2.069	1.720	-1.151	-0.554	2.009	1.708	-1.057
-0.349	2.079	1.958	-0.698	-0.588	2.067	1.720	-1.146	-0.551	2.010	1.712	-1.053
-0.346	2.081	1.965	-0.685	-0.588	2.067	1.720	-1.146	-0.552	2.009	1.711	-1.053
-0.346	2.081	1.965	-0.685	-0.588	2.067	1.720	-1.146	-0.552	2.011	1.713	-1.054
-0.351	2.091	1.918	-0.833	-0.588	2.067	1.720	-1.146	-0.552	2.020	1.720	-1.060
-0.366	2.089	1.847	-0.976	-0.588	2.066	1.720	-1.146	-0.553	2.021	1.720	-1.062
-0.379	2.080	1.867	-0.917	-0.588	2.066	1.719	-1.146	-0.553	2.014	1.714	-1.057
-0.390	2.086	1.888	-0.887	-0.588	2.066	1.719	-1.146	-0.553	2.017	1.717	-1.059
-0.392	2.084	1.909	-0.837	-0.588	2.066	1.719	-1.145	-0.552	2.015	1.716	-1.057
-0.392	2.093	1.919	-0.837	-0.588	2.066	1.719	-1.145	-0.552	2.021	1.721	-1.060
-0.394	2.103	1.971	-0.734	-0.588	2.066	1.719	-1.145	-0.552	2.027	1.726	-1.062
-0.394	2.100	1.968	-0.732	-0.588	2.066	1.719	-1.145	-0.551	2.024	1.724	-1.060
-0.393	2.097	2.003	-0.621	-0.588	2.066	1.719	-1.145	-0.551	2.021	1.722	-1.058
-0.388	2.094	1.980	-0.681	-0.588	2.065	1.718	-1.145	-0.551	2.020	1.721	-1.057
-0.383	2.096	1.895	-0.894	-0.588	2.065	1.718	-1.145	-0.552	2.024	1.723	-1.062
-0.385	2.087	1.874	-0.918	-0.588	2.065	1.718	-1.145	-0.552	2.018	1.718	-1.059
-0.383	2.075	1.914	-0.801	-0.588	2.065	1.719	-1.145	-0.552	2.008	1.710	-1.053
-0.380	2.069	1.914	-0.784	-0.588	2.066	1.719	-1.145	-0.551	2.004	1.707	-1.050
-0.375	2.075	1.945	-0.724	-0.588	2.066	1.719	-1.145	-0.552	2.008	1.710	-1.052
-0.373	2.089	1.930	-0.800	-0.588	2.066	1.719	-1.145	-0.552	2.018	1.719	-1.058
-0.376	2.095	1.954	-0.755	-0.588	2.066	1.719	-1.145	-0.551	2.022	1.722	-1.059
-0.381	2.101	1.981	-0.700	-0.588	2.066	1.719	-1.145	-0.551	2.025	1.725	-1.060
-0.384	2.099	1.980	-0.697	-0.588	2.066	1.719	-1.145	-0.551	2.024	1.724	-1.060
-0.363	2.109	1.909	-0.896	-0.588	2.065	1.719	-1.145	-0.551	2.023	1.724	-1.059
-0.370	2.101	1.884	-0.931	-0.588	2.065	1.719	-1.145	-0.553	2.028	1.726	-1.065
-0.376	2.090	1.928	-0.806	-0.588	2.065	1.718	-1.145	-0.552	2.018	1.719	-1.058
-0.381	2.093	1.943	-0.777	-0.588	2.065	1.718	-1.145	-0.552	2.020	1.720	-1.059
-0.388	2.093	1.911	-0.852	-0.590	2.050	1.704	-1.140	-0.554	2.017	1.715	-1.061
-0.397	2.097	1.914	-0.856	-0.590	2.050	1.703	-1.140	-0.554	2.019	1.717	-1.062
-0.411	2.097	1.958	-0.751	-0.590	2.049	1.703	-1.140	-0.554	2.016	1.715	-1.060
-0.411	2.097	1.958	-0.751	-0.590	2.049	1.703	-1.140	-0.553	2.017	1.716	-1.060
-0.411	2.101	1.947	-0.789	-0.590	2.049	1.703	-1.140	-0.553	2.021	1.719	-1.062
-0.406	2.100	1.950	-0.779	-0.588	2.063	1.716	-1.144	-0.552	2.024	1.724	-1.061
-0.387	2.071	1.920	-0.776	-0.588	2.063	1.716	-1.144	-0.551	2.014	1.715	-1.055
-0.384	2.072	1.913	-0.796	-0.588	2.063	1.716	-1.144	-0.552	2.006	1.708	-1.052
-0.384	2.078	1.918	-0.798	-0.588	2.063	1.716	-1.144	-0.552	2.010	1.711	-1.054
-0.384	2.088	1.900	-0.867	-0.588	2.063	1.716	-1.144	-0.552	2.018	1.718	-1.059
-0.382	2.096	1.958	-0.746	-0.588	2.063	1.716	-1.144	-0.552	2.021	1.721	-1.059
-0.382	2.097	1.942	-0.790	-0.588	2.063	1.716	-1.144	-0.552	2.027	1.726	-1.063
-0.382	2.100	1.973	-0.716	-0.588	2.063	1.716	-1.144	-0.552	2.023	1.723	-1.060
-0.379	2.091	1.986	-0.654	-0.588	2.063	1.716	-1.144	-0.551	2.017	1.718	-1.056
-0.374	2.089	1.967	-0.703	-0.588	2.063	1.717	-1.144	-0.551	2.016	1.717	-1.056
-0.380	2.095	1.917	-0.844	-0.588	2.063	1.717	-1.144	-0.552	2.021	1.721	-1.060
-0.380	2.095	1.959	-0.740	-0.588	2.063	1.717	-1.144	-0.552	2.020	1.720	-1.059
-0.371	2.089	1.969	-0.698	-0.588	2.063	1.717	-1.144	-0.551	2.017	1.718	-1.056
-0.370	2.097	1.950	-0.771	-0.588	2.064	1.717	-1.145	-0.552	2.027	1.726	-1.063
-0.369	2.094	1.965	-0.724	-0.588	2.064	1.717	-1.145	-0.551	2.019	1.720	-1.058
-0.371	2.090	1.962	-0.722	-0.588	2.063	1.717	-1.144	-0.552	2.017	1.718	-1.057
-0.381	2.088	1.887	-0.893	-0.588	2.063	1.717	-1.144	-0.552	2.014	1.715	-1.056
-0.381	2.088	1.887	-0.893	-0.588	2.063	1.717	-1.144	-0.553	2.017	1.717	-1.059
-0.383	2.095	1.907	-0.867	-0.588	2.063	1.717	-1.144	-0.552	2.022	1.721	-1.061
-0.389	2.095	1.966	-0.723	-0.589	2.065	1.717	-1.148	-0.553	2.021	1.720	-1.061
-0.390	2.089	1.935	-0.786	-0.591	2.068	1.717	-1.152	-0.555	2.018	1.715	-1.064
-0.390	2.077	1.936	-0.750	-0.591	2.068	1.717	-1.152	-0.555	2.010	1.708	-1.059
-0.391	2.066	1.924	-0.753	-0.591	2.104	1.747	-1.171	-0.555	2.014	1.712	-1.061
-0.395	2.075	1.897	-0.840	-0.591	2.104	1.747	-1.171	-0.556	2.021	1.717	-1.066
-0.399	2.089	1.892	-0.885	-0.592	2.106	1.747	-1.176	-0.557	2.033	1.725	-1.075
-0.402	2.095	1.938	-0.795	-0.594	2.108	1.747	-1.180	-0.558	2.035	1.726	-1.078
-0.396	2.086	1.931	-0.787	-0.594	2.108	1.747	-1.180	-0.558	2.029	1.721	-1.075
-0.386	2.089	1.963	-0.713	-0.598	2.077	1.716	-1.170	-0.562	2.020	1.710	-1.076
-0.382	2.091	1.918	-0.830	-0.597	2.074	1.716	-1.165	-0.561	2.022	1.712	-1.075
-0.384	2.087	1.888	-0.889	-0.597	2.074	1.716	-1.165	-0.561	2.021	1.711	-1.075
-0.396	2.084	1.885	-0.889	-0.598	2.077	1.716	-1.170	-0.562	2.021	1.710	-1.078
-0.403	2.098	1.862	-0.967	-0.598	2.077	1.716	-1.170	-0.562	2.021	1.710	-1.078
-0.412	2.089	1.816	-1.032	-0.598	2.077	1.716	-1.170	-0.564	2.025	1.712	-1.082
-0.421	2.095	1.836	-1.008	-0.598	2.077	1.716	-1.170	-0.563	2.028	1.715	-1.083
-0.434	2.102	1.863	-0.973	-0.598	2.077	1.716	-1.170	-0.563	2.033	1.719	-1.085
-0.444	2.083	1.947	-0.738	-0.597	2.074	1.716	-1.165	-0.563	2.036	1.722	-1.086
-0.436	2.082	1.955	-0.715	-0.597	2.074	1.716	-1.165	-0.560	2.015	1.707	-1.070
-0.434	2.093	1.868	-0.944	-0.597	2.074	1.716	-1.165	-0.560	2.022	1.713	-1.075
-0.441	2.108	1.857	-0.996	-0.597	2.074	1.716	-1.165	-0.561	2.026	1.715	-1.078
-0.443	2.113	1.868	-0.986	-0.597	2.074	1.716	-1.165	-0.561	2.039	1.726	-1.085
-0.437	2.096	1.875	-0.936	-0.597	2.074	1.716	-1.165	-0.561	2.027	1.716	-1.079
-0.431	2.090	1.887	-0.900	-0.597	2.074	1.716	-1.165	-0.561	2.023	1.713	-1.076
-0.417	2.085	1.912	-0.833	-0.597	2.074	1.716	-1.165	-0.561	2.018	1.709	-1.073
-0.417	2.085	1.912	-0.833	-0.597	2.074	1.716	-1.165	-0.560	2.019	1.710	-1.073
-0.417	2.093	1.946	-0.768	-0.597	2.074	1.715	-1.165	-0.560	2.022	1.713	-1.074
-0.423	2.092	1.924	-0.820	-0.597	2.074	1.715	-1.165	-0.560	2.022	1.713	-1.075
-0.421	2.100	1.950	-0.780	-0.597	2.073	1.715	-1.165	-0.560	2.025	1.715	-1.076
-0.421	2.100	1.950	-0.780	-0.597	2.073	1.715	-1.165	-0.560	2.028	1.718	-1.077
-0.413	2.093	1.948	-0.766	-0.597	2.073	1.715	-1.165	-0.560	2.023	1.714	-1.075
-0.404	2.096	1.897	-0.891	-0.597	2.073	1.715	-1.165	-0.561	2.027	1.716	-1.078
-0.402	2.093	1.914	-0.848	-0.598	2.076	1.715	-1.169	-0.562	2.025	1.713	-1.079
-0.403	2.102	1.925	-0.843	-0.598	2.076	1.715	-1.169	-0.562	2.030	1.718	-1.082
-0.406	2.098	1.929	-0.825	-0.598	2.076	1.715	-1.169	-0.562	2.028	1.716	-1.080
-0.410	2.100	1.884	-0.928	-0.598	2.076	1.715	-1.169	-0.562	2.031	1.718	-1.083
-0.416	2.109	1.890	-0.936	-0.597	2.073	1.715	-1.165	-0.561	2.036	1.724	-1.083
-0.419	2.119	1.977	-0.763	-0.595	2.070	1.714	-1.160	-0.559	2.039	1.729	-1.081
-0.419	2.119	1.977	-0.763	-0.595	2.070	1.714	-1.160	-0.559	2.039	1.729	-1.081
-0.415	2.112	1.979	-0.737	-0.595	2.070	1.714	-1.160	-0.559	2.034	1.725	-1.078
-0.417	2.098	1.921	-0.842	-0.595	2.069	1.714	-1.160	-0.559	2.025	1.717	-1.074
-0.405	2.064	1.948	-0.679	-0.595	2.069	1.714	-1.160	-0.559	2.013	1.706	-1.068
-0.405	2.064	1.948	-0.679	-0.595	2.069	1.714	-1.160	-0.558	1.999	1.696	-1.059
-0.395	2.073	1.954	-0.692	-0.592	2.103	1.744	-1.174	-0.556	2.017	1.713	-1.065
-0.380	2.088	1.940	-0.772	-0.592	2.103	1.744	-1.174	-0.557	2.028	1.722	-1.072
-0.376	2.091	1.920	-0.828	-0.592	2.102	1.744	-1.174	-0.557	2.031	1.724	-1.074
-0.379	2.085	1.930	-0.791	-0.592	2.102	1.744	-1.174	-0.557	2.028	1.721	-1.072
-0.380	2.084	1.926	-0.794	-0.592	2.102	1.744	-1.174	-0.557	2.026	1.720	-1.071
-0.374	2.083	1.970	-0.676	-0.592	2.102	1.744	-1.174	-0.556	2.024	1.719	-1.069
-0.365	2.099	1.965	-0.736	-0.592	2.102	1.744	-1.174	-0.557	2.035	1.728	-1.075
-0.363	2.103	1.959	-0.764	-0.592	2.102	1.744	-1.174	-0.557	2.039	1.731	-1.077
-0.376	2.062	1.927	-0.735	-0.591	2.100	1.744	-1.170	-0.556	2.030	1.725	-1.071
-0.376	2.062	1.927	-0.735	-0.591	2.100	1.744	-1.170	-0.555	2.011	1.709	-1.059
