phi_u	d_u	x_u	y_u	phi_v	d_v	x_v	y_v	phi_f	d_f	x_f	y_f
-0.299	0.847	0.804	-0.266	-0.890	0.676	0.425	-0.525	-0.749	0.715	0.524	-0.487
-0.299	0.847	0.804	-0.266	-0.890	0.676	0.425	-0.525	-0.749	0.715	0.524	-0.487
-0.298	0.847	0.816	-0.229	-0.891	0.681	0.428	-0.529	-0.750	0.720	0.527	-0.491
-0.302	0.851	0.824	-0.213	-0.891	0.681	0.428	-0.529	-0.749	0.721	0.528	-0.491
-0.302	0.851	0.824	-0.213	-0.891	0.681	0.428	-0.529	-0.750	0.723	0.529	-0.493
-0.306	0.861	0.817	-0.273	-0.892	0.680	0.427	-0.529	-0.752	0.731	0.534	-0.499
-0.305	0.841	0.813	-0.214	-0.892	0.682	0.428	-0.531	-0.751	0.725	0.530	-0.495
-0.305	0.841	0.813	-0.214	-0.892	0.682	0.428	-0.531	-0.751	0.725	0.530	-0.495
-0.298	0.837	0.811	-0.205	-0.892	0.687	0.432	-0.535	-0.752	0.715	0.522	-0.488
-0.290	0.840	0.808	-0.228	-0.892	0.687	0.432	-0.535	-0.752	0.717	0.524	-0.490
-0.285	0.841	0.809	-0.230	-0.892	0.687	0.432	-0.535	-0.752	0.719	0.525	-0.491
-0.283	0.841	0.807	-0.236	-0.892	0.687	0.432	-0.535	-0.752	0.719	0.525	-0.491
-0.275	0.851	0.828	-0.194	-0.892	0.687	0.432	-0.535	-0.751	0.724	0.529	-0.494
-0.265	0.850	0.840	-0.131	-0.892	0.687	0.432	-0.535	-0.175	0.697	0.686	-0.121
-0.256	0.858	0.838	-0.181	-0.892	0.687	0.432	-0.535	-0.241	0.705	0.685	-0.168
-0.247	0.851	0.832	-0.177	-0.892	0.687	0.432	-0.535	-0.237	0.699	0.679	-0.164
-0.239	0.844	0.821	-0.196	-0.892	0.687	0.432	-0.535	-0.752	0.720	0.526	-0.492
-0.216	0.824	0.813	-0.134	-0.892	0.687	0.431	-0.535	-0.149	0.659	0.652	-0.098
-0.247	0.836	0.810	-0.208	-0.895	0.685	0.428	-0.535	-0.752	0.717	0.524	-0.490
-0.279	0.845	0.785	-0.313	-0.894	0.684	0.428	-0.533	-0.753	0.722	0.527	-0.494
-0.347	0.859	0.801	-0.310	-0.893	0.683	0.428	-0.532	-0.754	0.726	0.529	-0.497
-0.345	0.848	0.808	-0.256	-0.893	0.683	0.428	-0.532	-0.753	0.722	0.527	-0.494
-0.342	0.840	0.803	-0.247	-0.893	0.683	0.428	-0.532	-0.752	0.717	0.524	-0.490
-0.338	0.833	0.801	-0.227	-0.893	0.683	0.428	-0.532	-0.753	0.715	0.522	-0.489
-0.338	0.833	0.801	-0.227	-0.893	0.683	0.428	-0.532	-0.752	0.712	0.520	-0.486
-0.323	0.837	0.805	-0.228	-0.889	0.680	0.428	-0.528	-0.748	0.718	0.526	-0.488
-0.323	0.837	0.805	-0.228	-0.887	0.678	0.428	-0.525	-0.746	0.713	0.524	-0.484
-0.311	0.842	0.812	-0.222	-0.887	0.678	0.428	-0.525	-0.746	0.716	0.526	-0.486
-0.301	0.843	0.809	-0.238	-0.886	0.675	0.427	-0.523	-0.745	0.717	0.527	-0.486
-0.287	0.824	0.787	-0.244	-0.886	0.675	0.427	-0.523	-0.744	0.704	0.518	-0.477
-0.285	0.809	0.768	-0.253	-0.886	0.673	0.425	-0.521	-0.745	0.694	0.510	-0.470
-0.287	0.797	0.757	-0.250	-0.886	0.673	0.425	-0.521	-0.745	0.686	0.504	-0.465
-0.294	0.812	0.773	-0.248	-0.886	0.673	0.425	-0.521	-0.745	0.695	0.511	-0.471
-0.298	0.825	0.777	-0.278	-0.886	0.673	0.425	-0.521	-0.745	0.705	0.518	-0.478
-0.291	0.836	0.820	-0.166	-0.886	0.673	0.425	-0.521	-0.745	0.711	0.523	-0.482
-0.291	0.836	0.820	-0.166	-0.886	0.673	0.425	-0.521	-0.227	0.684	0.666	-0.154
-0.282	0.850	0.834	-0.164	-0.886	0.673	0.425	-0.521	-0.220	0.697	0.680	-0.152
-0.271	0.857	0.837	-0.180	-0.889	0.675	0.425	-0.524	-0.239	0.704	0.684	-0.167
-0.262	0.857	0.840	-0.173	-0.888	0.674	0.425	-0.523	-0.229	0.704	0.686	-0.160
-0.230	0.837	0.829	-0.114	-0.888	0.674	0.425	-0.523	-0.156	0.683	0.675	-0.106
-0.209	0.850	0.816	-0.238	-0.889	0.675	0.425	-0.524	-0.212	0.681	0.666	-0.143
-0.214	0.857	0.805	-0.293	-0.889	0.675	0.425	-0.524	-0.748	0.727	0.533	-0.495
-0.228	0.857	0.779	-0.358	-0.889	0.675	0.425	-0.524	-0.749	0.730	0.535	-0.497
-0.247	0.848	0.781	-0.330	-0.889	0.675	0.425	-0.524	-0.749	0.722	0.529	-0.492
-0.332	0.874	0.812	-0.325	-0.886	0.677	0.428	-0.524	-0.747	0.717	0.526	-0.487
-0.356	0.852	0.814	-0.250	-0.887	0.676	0.427	-0.524	-0.746	0.741	0.544	-0.503
-0.332	0.847	0.821	-0.209	-0.887	0.676	0.427	-0.524	-0.746	0.741	0.544	-0.503
-0.321	0.843	0.810	-0.235	-0.887	0.676	0.427	-0.524	-0.746	0.718	0.527	-0.487
-0.319	0.846	0.799	-0.278	-0.886	0.677	0.428	-0.524	-0.746	0.720	0.529	-0.489
-0.322	0.841	0.795	-0.274	-0.886	0.677	0.428	-0.524	-0.745	0.717	0.527	-0.486
-0.297	0.848	0.826	-0.192	-0.888	0.679	0.428	-0.526	-0.746	0.708	0.520	-0.481
-0.297	0.848	0.826	-0.192	-0.888	0.679	0.428	-0.527	-0.746	0.720	0.529	-0.489
-0.285	0.834	0.824	-0.130	-0.888	0.679	0.428	-0.527	-0.177	0.681	0.670	-0.120
-0.276	0.842	0.793	-0.282	-0.888	0.679	0.428	-0.527	-0.747	0.710	0.521	-0.482
-0.278	0.854	0.793	-0.318	-0.888	0.679	0.428	-0.527	-0.748	0.727	0.533	-0.495
-0.286	0.842	0.793	-0.285	-0.889	0.680	0.428	-0.528	-0.749	0.727	0.532	-0.495
-0.283	0.833	0.805	-0.215	-0.889	0.680	0.428	-0.528	-0.749	0.711	0.521	-0.484
-0.276	0.830	0.814	-0.164	-0.887	0.683	0.431	-0.529	-0.226	0.677	0.660	-0.152
-0.268	0.826	0.818	-0.115	-0.887	0.683	0.431	-0.529	-0.158	0.672	0.664	-0.106
-0.260	0.823	0.816	-0.113	-0.887	0.683	0.431	-0.529	-0.156	0.670	0.662	-0.104
-0.259	0.825	0.815	-0.131	-0.887	0.683	0.431	-0.529	-0.181	0.672	0.661	-0.121
-0.255	0.849	0.813	-0.247	-0.890	0.681	0.428	-0.529	-0.749	0.717	0.525	-0.488
-0.228	0.843	0.822	-0.183	-0.891	0.681	0.428	-0.529	-0.750	0.712	0.521	-0.485
-0.222	0.824	0.791	-0.232	-0.891	0.680	0.428	-0.529	-0.750	0.715	0.523	-0.487
-0.228	0.806	0.779	-0.205	-0.890	0.679	0.428	-0.528	-0.749	0.692	0.507	-0.471
-0.233	0.787	0.773	-0.147	-0.890	0.679	0.428	-0.528	-0.215	0.634	0.619	-0.135
-0.246	0.810	0.792	-0.171	-0.890	0.679	0.428	-0.528	-0.229	0.652	0.635	-0.148
-0.246	0.810	0.792	-0.171	-0.890	0.679	0.428	-0.528	-0.242	0.658	0.639	-0.158
-0.245	0.825	0.803	-0.190	-0.890	0.679	0.428	-0.528	-0.747	0.705	0.517	-0.479
-0.242	0.834	0.810	-0.199	-0.889	0.676	0.426	-0.525	-0.747	0.710	0.521	-0.482
-0.242	0.848	0.810	-0.249	-0.889	0.676	0.426	-0.525	-0.748	0.720	0.528	-0.490
-0.265	0.828	0.773	-0.297	-0.889	0.676	0.426	-0.525	-0.748	0.708	0.519	-0.482
-0.272	0.828	0.759	-0.332	-0.889	0.676	0.426	-0.525	-0.750	0.710	0.520	-0.484
-0.303	0.845	0.778	-0.328	-0.890	0.677	0.426	-0.526	-0.749	0.710	0.520	-0.483
-0.345	0.848	0.781	-0.331	-0.890	0.677	0.426	-0.526	-0.750	0.720	0.527	-0.491
-0.363	0.853	0.797	-0.306	-0.889	0.679	0.428	-0.528	-0.749	0.727	0.532	-0.495
-0.374	0.849	0.798	-0.290	-0.889	0.679	0.428	-0.528	-0.749	0.724	0.530	-0.493
-0.375	0.828	0.806	-0.189	-0.887	0.682	0.431	-0.529	-0.746	0.707	0.519	-0.480
-0.366	0.823	0.803	-0.181	-0.885	0.685	0.434	-0.530	-0.745	0.705	0.518	-0.478
-0.352	0.820	0.795	-0.200	-0.885	0.685	0.434	-0.530	-0.745	0.703	0.517	-0.477
-0.328	0.831	0.798	-0.232	-0.885	0.685	0.434	-0.530	-0.746	0.712	0.523	-0.483
-0.313	0.835	0.812	-0.195	-0.889	0.688	0.434	-0.534	-0.749	0.714	0.523	-0.486
-0.300	0.831	0.793	-0.248	-0.890	0.690	0.434	-0.536	-0.752	0.713	0.521	-0.487
-0.289	0.837	0.795	-0.261	-0.890	0.689	0.434	-0.536	-0.752	0.717	0.524	-0.490
-0.287	0.842	0.778	-0.322	-0.890	0.689	0.434	-0.536	-0.752	0.724	0.529	-0.495
-0.287	0.842	0.778	-0.322	-0.890	0.689	0.434	-0.536	-0.752	0.724	0.529	-0.495
-0.299	0.853	0.787	-0.331	-0.892	0.690	0.434	-0.537	-0.754	0.731	0.533	-0.501
-0.309	0.849	0.802	-0.276	-0.892	0.690	0.434	-0.537	-0.752	0.726	0.530	-0.496
-0.314	0.843	0.801	-0.263	-0.894	0.688	0.431	-0.536	-0.754	0.722	0.526	-0.494
-0.319	0.829	0.786	-0.263	-0.893	0.691	0.434	-0.538	-0.754	0.713	0.520	-0.488
-0.323	0.815	0.780	-0.237	-0.894	0.692	0.433	-0.540	-0.755	0.703	0.512	-0.482
-0.332	0.830	0.801	-0.216	-0.896	0.689	0.431	-0.538	-0.756	0.712	0.518	-0.488
-0.324	0.839	0.816	-0.191	-0.896	0.689	0.431	-0.538	-0.261	0.686	0.663	-0.177
-0.315	0.846	0.819	-0.210	-0.896	0.689	0.430	-0.538	-0.756	0.722	0.525	-0.495
-0.306	0.859	0.822	-0.247	-0.896	0.689	0.430	-0.538	-0.756	0.731	0.532	-0.502
-0.300	0.859	0.808	-0.293	-0.896	0.689	0.430	-0.538	-0.757	0.734	0.533	-0.504
-0.310	0.851	0.802	-0.284	-0.898	0.686	0.427	-0.537	-0.758	0.733	0.532	-0.504
-0.310	0.851	0.802	-0.284	-0.898	0.686	0.427	-0.537	-0.758	0.726	0.527	-0.499
-0.315	0.837	0.787	-0.285	-0.896	0.684	0.427	-0.534	-0.756	0.724	0.527	-0.497
-0.335	0.834	0.788	-0.274	-0.896	0.684	0.427	-0.534	-0.757	0.715	0.520	-0.491
-0.338	0.825	0.793	-0.226	-0.896	0.684	0.427	-0.534	-0.756	0.714	0.520	-0.490
-0.336	0.828	0.800	-0.210	-0.897	0.685	0.427	-0.536	-0.754	0.707	0.515	-0.484
-0.327	0.823	0.803	-0.182	-0.897	0.685	0.427	-0.536	-0.253	0.671	0.650	-0.168
-0.317	0.829	0.799	-0.220	-0.897	0.685	0.427	-0.536	-0.756	0.710	0.516	-0.487
-0.306	0.826	0.803	-0.190	-0.895	0.683	0.427	-0.533	-0.753	0.706	0.515	-0.483
-0.291	0.813	0.799	-0.150	-0.895	0.681	0.426	-0.532	-0.211	0.660	0.645	-0.138
-0.274	0.818	0.807	-0.135	-0.895	0.681	0.426	-0.532	-0.189	0.665	0.653	-0.125
-0.243	0.840	0.810	-0.224	-0.897	0.680	0.424	-0.531	-0.192	0.672	0.660	-0.128
-0.243	0.840	0.810	-0.224	-0.897	0.680	0.424	-0.531	-0.756	0.716	0.521	-0.491
-0.241	0.852	0.801	-0.289	-0.897	0.680	0.424	-0.531	-0.755	0.725	0.528	-0.497
-0.273	0.821	0.794	-0.205	-0.895	0.681	0.426	-0.532	-0.756	0.733	0.533	-0.503
-0.271	0.805	0.784	-0.183	-0.895	0.681	0.426	-0.532	-0.753	0.702	0.512	-0.480
-0.270	0.806	0.774	-0.225	-0.895	0.681	0.426	-0.532	-0.754	0.693	0.505	-0.474
-0.277	0.817	0.784	-0.229	-0.895	0.681	0.426	-0.532	-0.753	0.700	0.511	-0.479
-0.288	0.817	0.790	-0.207	-0.897	0.680	0.424	-0.532	-0.755	0.699	0.509	-0.479
-0.296	0.820	0.796	-0.196	-0.897	0.680	0.424	-0.531	-0.754	0.701	0.511	-0.480
-0.255	0.820	0.795	-0.200	-0.896	0.679	0.424	-0.530	-0.136	0.654	0.648	-0.089
-0.242	0.813	0.783	-0.220	-0.895	0.678	0.424	-0.529	-0.752	0.701	0.512	-0.479
-0.242	0.813	0.783	-0.220	-0.895	0.678	0.424	-0.529	-0.752	0.697	0.509	-0.476
-0.230	0.809	0.803	-0.100	-0.893	0.677	0.424	-0.527	-0.195	0.649	0.637	-0.126
-0.230	0.809	0.803	-0.100	-0.893	0.677	0.424	-0.527	-0.141	0.655	0.649	-0.092
-0.205	0.814	0.799	-0.153	-0.893	0.677	0.424	-0.527	-0.162	0.657	0.648	-0.106
-0.211	0.824	0.793	-0.225	-0.893	0.677	0.424	-0.527	-0.751	0.703	0.514	-0.480
-0.239	0.822	0.771	-0.283	-0.893	0.677	0.424	-0.527	-0.752	0.707	0.516	-0.483
-0.239	0.822	0.771	-0.283	-0.893	0.677	0.424	-0.527	-0.752	0.704	0.514	-0.481
-0.245	0.829	0.785	-0.266	-0.892	0.676	0.424	-0.526	-0.750	0.708	0.518	-0.483
-0.252	0.835	0.786	-0.282	-0.892	0.676	0.424	-0.526	-0.751	0.712	0.521	-0.486
-0.277	0.832	0.806	-0.203	-0.893	0.677	0.425	-0.527	-0.751	0.720	0.526	-0.491
-0.285	0.812	0.794	-0.169	-0.893	0.677	0.425	-0.527	-0.750	0.708	0.518	-0.483
-0.285	0.812	0.794	-0.169	-0.894	0.678	0.425	-0.529	-0.239	0.660	0.641	-0.156
-0.283	0.807	0.798	-0.120	-0.893	0.679	0.426	-0.529	-0.171	0.653	0.644	-0.111
-0.265	0.817	0.793	-0.198	-0.892	0.679	0.426	-0.529	-0.203	0.659	0.645	-0.133
-0.258	0.829	0.791	-0.248	-0.891	0.678	0.426	-0.528	-0.750	0.708	0.518	-0.483
-0.256	0.841	0.799	-0.261	-0.891	0.678	0.426	-0.528	-0.751	0.717	0.524	-0.489
-0.266	0.848	0.804	-0.270	-0.891	0.680	0.428	-0.529	-0.749	0.727	0.532	-0.495
-0.266	0.848	0.804	-0.270	-0.891	0.680	0.428	-0.529	-0.750	0.723	0.529	-0.493
-0.278	0.844	0.810	-0.236	-0.891	0.680	0.428	-0.529	-0.750	0.719	0.526	-0.490
-0.291	0.842	0.810	-0.231	-0.891	0.680	0.428	-0.529	-0.750	0.717	0.525	-0.489
-0.298	0.827	0.799	-0.214	-0.891	0.680	0.428	-0.529	-0.750	0.707	0.517	-0.482
-0.309	0.841	0.795	-0.275	-0.891	0.680	0.428	-0.529	-0.751	0.718	0.525	-0.490
-0.320	0.835	0.801	-0.235	-0.891	0.680	0.428	-0.529	-0.751	0.712	0.521	-0.486
-0.302	0.808	0.788	-0.179	-0.889	0.683	0.431	-0.530	-0.748	0.707	0.518	-0.481
-0.296	0.827	0.779	-0.276	-0.893	0.683	0.428	-0.532	-0.753	0.709	0.517	-0.485
-0.294	0.817	0.769	-0.277	-0.891	0.680	0.428	-0.529	-0.751	0.702	0.513	-0.479
-0.294	0.799	0.767	-0.224	-0.891	0.680	0.428	-0.529	-0.749	0.688	0.504	-0.469
-0.291	0.816	0.793	-0.188	-0.888	0.678	0.428	-0.526	-0.746	0.688	0.505	-0.467
-0.268	0.810	0.794	-0.162	-0.888	0.678	0.428	-0.526	-0.747	0.698	0.512	-0.474
-0.268	0.810	0.794	-0.162	-0.888	0.678	0.428	-0.526	-0.229	0.657	0.640	-0.149
-0.262	0.821	0.803	-0.175	-0.888	0.678	0.428	-0.526	-0.244	0.670	0.650	-0.162
-0.262	0.827	0.798	-0.216	-0.889	0.678	0.428	-0.526	-0.747	0.706	0.518	-0.480
-0.259	0.833	0.801	-0.227	-0.889	0.678	0.428	-0.526	-0.748	0.710	0.521	-0.483
-0.256	0.838	0.798	-0.255	-0.890	0.677	0.426	-0.526	-0.749	0.714	0.523	-0.486
-0.251	0.826	0.786	-0.255	-0.890	0.677	0.426	-0.526	-0.749	0.706	0.517	-0.481
-0.256	0.814	0.759	-0.294	-0.890	0.677	0.426	-0.526	-0.750	0.700	0.512	-0.477
-0.269	0.814	0.752	-0.311	-0.893	0.678	0.425	-0.528	-0.753	0.700	0.511	-0.479
-0.287	0.822	0.762	-0.308	-0.892	0.676	0.425	-0.526	-0.751	0.705	0.515	-0.481
-0.305	0.821	0.772	-0.277	-0.892	0.676	0.425	-0.526	-0.750	0.703	0.514	-0.479
-0.311	0.802	0.777	-0.197	-0.891	0.675	0.425	-0.525	-0.748	0.688	0.504	-0.468
-0.314	0.812	0.787	-0.202	-0.891	0.675	0.425	-0.525	-0.749	0.695	0.509	-0.473
-0.315	0.820	0.790	-0.218	-0.891	0.675	0.425	-0.525	-0.749	0.700	0.513	-0.477
-0.341	0.847	0.795	-0.292	-0.891	0.675	0.425	-0.525	-0.750	0.726	0.531	-0.495
-0.341	0.847	0.795	-0.292	-0.891	0.675	0.425	-0.525	-0.749	0.721	0.528	-0.491
-0.322	0.805	0.785	-0.175	-0.893	0.677	0.425	-0.528	-0.751	0.696	0.509	-0.475
-0.322	0.805	0.785	-0.175	-0.893	0.677	0.425	-0.528	-0.249	0.652	0.632	-0.161
-0.302	0.782	0.768	-0.146	-0.893	0.677	0.425	-0.528	-0.215	0.628	0.614	-0.134
-0.280	0.787	0.771	-0.156	-0.894	0.678	0.425	-0.529	-0.229	0.634	0.617	-0.144
-0.270	0.796	0.781	-0.150	-0.894	0.678	0.425	-0.529	-0.217	0.642	0.627	-0.138
-0.267	0.808	0.782	-0.200	-0.895	0.678	0.425	-0.529	-0.752	0.693	0.506	-0.473
-0.268	0.807	0.776	-0.221	-0.895	0.678	0.425	-0.529	-0.753	0.693	0.506	-0.474
-0.264	0.806	0.775	-0.223	-0.895	0.678	0.425	-0.529	-0.753	0.692	0.505	-0.473
-0.259	0.818	0.768	-0.281	-0.893	0.677	0.425	-0.528	-0.752	0.701	0.512	-0.479
-0.256	0.804	0.767	-0.240	-0.893	0.677	0.425	-0.528	-0.752	0.691	0.505	-0.472
-0.263	0.795	0.766	-0.210	-0.893	0.677	0.425	-0.528	-0.751	0.684	0.500	-0.467
-0.266	0.788	0.776	-0.139	-0.895	0.678	0.425	-0.529	-0.203	0.635	0.622	-0.128
-0.273	0.798	0.767	-0.220	-0.895	0.678	0.425	-0.529	-0.752	0.686	0.501	-0.469
-0.282	0.793	0.757	-0.237	-0.896	0.679	0.425	-0.530	-0.754	0.685	0.499	-0.469
-0.290	0.807	0.761	-0.268	-0.896	0.679	0.425	-0.530	-0.755	0.695	0.506	-0.476
-0.295	0.814	0.774	-0.252	-0.897	0.681	0.425	-0.532	-0.755	0.699	0.509	-0.479
-0.294	0.816	0.789	-0.206	-0.896	0.680	0.425	-0.530	-0.754	0.698	0.509	-0.478
-0.288	0.807	0.778	-0.212	-0.896	0.680	0.425	-0.530	-0.754	0.693	0.505	-0.474
-0.280	0.804	0.774	-0.218	-0.896	0.680	0.425	-0.530	-0.754	0.691	0.504	-0.473
-0.281	0.812	0.774	-0.245	-0.896	0.680	0.425	-0.530	-0.754	0.697	0.508	-0.477
-0.289	0.797	0.774	-0.190	-0.894	0.678	0.425	-0.529	-0.752	0.685	0.500	-0.468
-0.289	0.786	0.773	-0.141	-0.894	0.678	0.425	-0.529	-0.207	0.633	0.619	-0.130
-0.279	0.790	0.775	-0.152	-0.894	0.678	0.425	-0.529	-0.222	0.637	0.621	-0.140
-0.261	0.810	0.790	-0.180	-0.893	0.677	0.425	-0.528	-0.230	0.641	0.624	-0.146
-0.249	0.797	0.788	-0.120	-0.893	0.677	0.425	-0.528	-0.255	0.658	0.637	-0.166
-0.249	0.797	0.788	-0.120	-0.893	0.677	0.425	-0.528	-0.173	0.644	0.634	-0.111
-0.241	0.821	0.802	-0.175	-0.893	0.677	0.425	-0.528	-0.245	0.669	0.649	-0.162
-0.234	0.820	0.790	-0.222	-0.892	0.676	0.425	-0.526	-0.752	0.710	0.519	-0.485
-0.234	0.820	0.790	-0.222	-0.892	0.676	0.425	-0.526	-0.750	0.701	0.513	-0.478
-0.234	0.836	0.790	-0.270	-0.891	0.675	0.425	-0.525	-0.750	0.712	0.521	-0.485
-0.252	0.814	0.773	-0.254	-0.889	0.674	0.425	-0.524	-0.749	0.691	0.506	-0.470
-0.255	0.798	0.772	-0.202	-0.890	0.674	0.424	-0.524	-0.748	0.685	0.502	-0.466
-0.254	0.779	0.765	-0.144	-0.890	0.674	0.424	-0.524	-0.213	0.625	0.611	-0.132
-0.262	0.801	0.765	-0.240	-0.892	0.671	0.421	-0.522	-0.749	0.681	0.499	-0.464
-0.262	0.801	0.765	-0.240	-0.892	0.671	0.421	-0.522	-0.749	0.687	0.503	-0.468
-0.272	0.820	0.772	-0.273	-0.893	0.672	0.421	-0.523	-0.751	0.700	0.512	-0.478
-0.274	0.809	0.780	-0.214	-0.893	0.672	0.421	-0.523	-0.751	0.692	0.506	-0.472
-0.269	0.805	0.787	-0.169	-0.893	0.672	0.421	-0.523	-0.241	0.653	0.634	-0.156
-0.261	0.806	0.788	-0.167	-0.893	0.672	0.421	-0.523	-0.238	0.653	0.635	-0.154
-0.267	0.819	0.754	-0.321	-0.895	0.669	0.419	-0.522	-0.752	0.695	0.508	-0.475
-0.309	0.802	0.775	-0.207	-0.893	0.667	0.419	-0.520	-0.751	0.698	0.510	-0.476
-0.305	0.806	0.766	-0.248	-0.893	0.667	0.419	-0.520	-0.749	0.688	0.504	-0.469
-0.303	0.811	0.775	-0.240	-0.893	0.667	0.419	-0.520	-0.750	0.693	0.507	-0.472
-0.305	0.818	0.784	-0.234	-0.889	0.669	0.422	-0.520	-0.747	0.698	0.512	-0.474
-0.318	0.807	0.777	-0.219	-0.886	0.671	0.424	-0.519	-0.743	0.691	0.509	-0.468
-0.312	0.807	0.780	-0.204	-0.888	0.673	0.424	-0.522	-0.745	0.690	0.507	-0.468
-0.300	0.801	0.779	-0.188	-0.886	0.671	0.424	-0.519	-0.743	0.686	0.505	-0.464
-0.276	0.815	0.781	-0.231	-0.886	0.671	0.424	-0.519	-0.744	0.696	0.512	-0.471
-0.276	0.827	0.785	-0.260	-0.888	0.668	0.421	-0.518	-0.746	0.704	0.517	-0.478
-0.277	0.810	0.780	-0.219	-0.888	0.668	0.421	-0.518	-0.745	0.692	0.509	-0.469
-0.278	0.817	0.780	-0.242	-0.892	0.667	0.419	-0.519	-0.749	0.696	0.510	-0.474
-0.282	0.817	0.776	-0.254	-0.892	0.671	0.421	-0.522	-0.749	0.698	0.511	-0.475
-0.283	0.813	0.773	-0.251	-0.892	0.671	0.421	-0.522	-0.750	0.696	0.509	-0.474
-0.287	0.823	0.781	-0.260	-0.891	0.675	0.424	-0.525	-0.749	0.703	0.515	-0.479
-0.289	0.814	0.783	-0.223	-0.891	0.675	0.424	-0.525	-0.749	0.696	0.510	-0.474
-0.291	0.824	0.788	-0.243	-0.892	0.676	0.424	-0.526	-0.750	0.698	0.511	-0.476
-0.291	0.824	0.788	-0.243	-0.892	0.676	0.424	-0.526	-0.750	0.704	0.515	-0.480
-0.285	0.816	0.791	-0.198	-0.892	0.676	0.424	-0.526	-0.750	0.697	0.510	-0.475
-0.280	0.797	0.775	-0.187	-0.892	0.676	0.424	-0.526	-0.750	0.685	0.501	-0.467
-0.271	0.791	0.777	-0.146	-0.894	0.677	0.424	-0.528	-0.212	0.637	0.623	-0.134
-0.263	0.797	0.773	-0.194	-0.894	0.677	0.424	-0.528	-0.750	0.685	0.501	-0.467
-0.256	0.791	0.773	-0.169	-0.896	0.674	0.421	-0.526	-0.246	0.639	0.620	-0.156
-0.246	0.794	0.780	-0.150	-0.896	0.674	0.421	-0.526	-0.217	0.641	0.626	-0.138
-0.240	0.798	0.777	-0.181	-0.896	0.674	0.421	-0.526	-0.752	0.685	0.500	-0.468
-0.251	0.826	0.796	-0.220	-0.892	0.676	0.424	-0.526	-0.751	0.684	0.500	-0.467
-0.256	0.818	0.796	-0.188	-0.895	0.674	0.422	-0.526	-0.752	0.707	0.516	-0.483
-0.255	0.818	0.801	-0.166	-0.895	0.674	0.422	-0.526	-0.232	0.665	0.647	-0.153
-0.253	0.810	0.793	-0.161	-0.895	0.675	0.422	-0.526	-0.229	0.656	0.639	-0.149
-0.246	0.802	0.789	-0.143	-0.895	0.675	0.422	-0.526	-0.205	0.649	0.635	-0.132
-0.240	0.808	0.786	-0.189	-0.893	0.677	0.425	-0.528	-0.752	0.693	0.506	-0.473
-0.236	0.806	0.781	-0.201	-0.893	0.677	0.425	-0.528	-0.751	0.692	0.506	-0.472
-0.231	0.796	0.775	-0.182	-0.893	0.678	0.425	-0.528	-0.751	0.684	0.500	-0.467
-0.220	0.796	0.781	-0.151	-0.894	0.679	0.425	-0.529	-0.218	0.642	0.627	-0.139
-0.210	0.802	0.794	-0.116	-0.894	0.679	0.425	-0.529	-0.166	0.649	0.640	-0.107
-0.193	0.800	0.777	-0.187	-0.894	0.679	0.425	-0.529	-0.170	0.649	0.640	-0.110
-0.199	0.796	0.763	-0.227	-0.894	0.679	0.425	-0.529	-0.752	0.686	0.501	-0.469
-0.209	0.797	0.749	-0.272	-0.893	0.678	0.425	-0.528	-0.752	0.688	0.502	-0.470
-0.227	0.805	0.750	-0.291	-0.894	0.681	0.427	-0.531	-0.754	0.694	0.506	-0.475
-0.242	0.812	0.769	-0.260	-0.894	0.681	0.427	-0.531	-0.753	0.698	0.509	-0.477
-0.258	0.811	0.787	-0.195	-0.897	0.681	0.425	-0.532	-0.754	0.695	0.507	-0.476
-0.258	0.811	0.787	-0.195	-0.897	0.681	0.425	-0.532	-0.754	0.695	0.507	-0.476
-0.270	0.826	0.796	-0.223	-0.897	0.681	0.425	-0.532	-0.754	0.707	0.515	-0.484
-0.276	0.833	0.803	-0.224	-0.897	0.681	0.425	-0.532	-0.756	0.712	0.518	-0.488
-0.280	0.827	0.793	-0.233	-0.897	0.681	0.425	-0.532	-0.756	0.716	0.521	-0.491
-0.289	0.829	0.784	-0.270	-0.894	0.679	0.425	-0.530	-0.755	0.707	0.515	-0.485
-0.294	0.792	0.782	-0.122	-0.894	0.679	0.425	-0.530	-0.754	0.708	0.516	-0.485
-0.294	0.792	0.782	-0.122	-0.894	0.679	0.425	-0.530	-0.176	0.638	0.628	-0.112
-0.287	0.786	0.775	-0.133	-0.894	0.679	0.425	-0.530	-0.194	0.633	0.621	-0.122
-0.283	0.794	0.762	-0.224	-0.896	0.680	0.425	-0.531	-0.754	0.685	0.499	-0.469
-0.285	0.807	0.767	-0.251	-0.896	0.680	0.425	-0.531	-0.754	0.694	0.506	-0.475
-0.286	0.818	0.768	-0.279	-0.896	0.680	0.425	-0.531	-0.755	0.702	0.511	-0.481
-0.287	0.815	0.791	-0.199	-0.896	0.680	0.425	-0.531	-0.753	0.699	0.510	-0.478
-0.278	0.817	0.794	-0.193	-0.896	0.680	0.425	-0.531	-0.754	0.700	0.510	-0.479
-0.253	0.806	0.778	-0.208	-0.894	0.679	0.425	-0.530	-0.753	0.696	0.508	-0.476
-0.248	0.806	0.778	-0.210	-0.894	0.679	0.425	-0.530	-0.753	0.692	0.505	-0.473
-0.258	0.822	0.790	-0.226	-0.894	0.679	0.425	-0.530	-0.753	0.703	0.513	-0.481
-0.269	0.834	0.795	-0.250	-0.894	0.679	0.425	-0.530	-0.754	0.712	0.519	-0.487
-0.274	0.814	0.790	-0.195	-0.894	0.679	0.425	-0.530	-0.752	0.697	0.509	-0.476
-0.270	0.816	0.786	-0.221	-0.894	0.679	0.425	-0.530	-0.752	0.700	0.511	-0.478
-0.258	0.799	0.781	-0.165	-0.894	0.679	0.425	-0.530	-0.237	0.646	0.628	-0.152
-0.247	0.798	0.783	-0.153	-0.894	0.679	0.425	-0.530	-0.221	0.645	0.629	-0.141
-0.241	0.805	0.784	-0.184	-0.894	0.679	0.425	-0.530	-0.752	0.691	0.505	-0.472
-0.239	0.811	0.786	-0.197	-0.894	0.679	0.425	-0.530	-0.753	0.695	0.507	-0.475
-0.241	0.819	0.784	-0.234	-0.894	0.679	0.425	-0.530	-0.752	0.701	0.512	-0.479
-0.238	0.814	0.787	-0.210	-0.894	0.679	0.425	-0.530	-0.752	0.694	0.507	-0.474
-0.233	0.813	0.790	-0.191	-0.894	0.679	0.425	-0.530	-0.753	0.696	0.508	-0.476
-0.233	0.804	0.773	-0.219	-0.894	0.679	0.425	-0.530	-0.753	0.691	0.504	-0.472
-0.240	0.817	0.775	-0.258	-0.894	0.679	0.425	-0.530	-0.753	0.700	0.511	-0.479
-0.255	0.828	0.775	-0.291	-0.894	0.679	0.425	-0.530	-0.753	0.709	0.517	-0.485
-0.285	0.827	0.800	-0.211	-0.894	0.679	0.425	-0.530	-0.753	0.709	0.517	-0.485
-0.285	0.827	0.800	-0.211	-0.894	0.679	0.425	-0.530	-0.752	0.707	0.516	-0.483
-0.288	0.826	0.807	-0.176	-0.892	0.677	0.425	-0.527	-0.244	0.674	0.654	-0.163
-0.279	0.818	0.803	-0.158	-0.893	0.673	0.422	-0.524	-0.221	0.665	0.649	-0.146
-0.272	0.820	0.802	-0.168	-0.893	0.673	0.422	-0.524	-0.234	0.667	0.649	-0.155
-0.268	0.819	0.793	-0.202	-0.896	0.671	0.419	-0.524	-0.753	0.698	0.509	-0.477
-0.270	0.819	0.784	-0.236	-0.896	0.671	0.419	-0.524	-0.753	0.699	0.510	-0.478
-0.269	0.802	0.774	-0.210	-0.896	0.671	0.419	-0.524	-0.753	0.687	0.501	-0.470
-0.234	0.805	0.775	-0.217	-0.896	0.671	0.419	-0.524	-0.752	0.681	0.497	-0.465
-0.230	0.813	0.782	-0.223	-0.896	0.671	0.419	-0.524	-0.753	0.695	0.507	-0.475
-0.232	0.817	0.786	-0.223	-0.895	0.670	0.419	-0.523	-0.752	0.697	0.509	-0.476
-0.239	0.798	0.782	-0.160	-0.895	0.670	0.419	-0.523	-0.230	0.645	0.628	-0.147
-0.239	0.798	0.782	-0.156	-0.892	0.668	0.419	-0.520	-0.225	0.644	0.628	-0.144
-0.233	0.792	0.780	-0.139	-0.891	0.667	0.419	-0.519	-0.202	0.639	0.626	-0.128
-0.219	0.786	0.780	-0.098	-0.891	0.667	0.419	-0.519	-0.143	0.632	0.626	-0.090
-0.207	0.797	0.787	-0.125	-0.892	0.668	0.419	-0.520	-0.180	0.643	0.633	-0.115
-0.204	0.808	0.780	-0.210	-0.892	0.668	0.419	-0.520	-0.750	0.690	0.505	-0.470
-0.209	0.812	0.786	-0.201	-0.889	0.670	0.422	-0.520	-0.746	0.693	0.509	-0.470
-0.212	0.819	0.791	-0.211	-0.889	0.670	0.422	-0.520	-0.746	0.698	0.513	-0.474
-0.212	0.820	0.796	-0.195	-0.885	0.672	0.425	-0.520	-0.744	0.699	0.514	-0.473
-0.216	0.808	0.794	-0.153	-0.885	0.672	0.425	-0.520	-0.743	0.698	0.514	-0.472
-0.218	0.806	0.794	-0.139	-0.886	0.673	0.425	-0.521	-0.217	0.655	0.640	-0.141
-0.218	0.806	0.794	-0.139	-0.886	0.673	0.425	-0.521	-0.197	0.653	0.640	-0.128
-0.229	0.806	0.781	-0.200	-0.886	0.673	0.425	-0.521	-0.744	0.691	0.508	-0.468
-0.246	0.784	0.767	-0.165	-0.889	0.675	0.425	-0.524	-0.746	0.684	0.502	-0.464
-0.246	0.784	0.767	-0.165	-0.889	0.675	0.425	-0.524	-0.243	0.633	0.614	-0.152
-0.226	0.782	0.772	-0.120	-0.892	0.678	0.425	-0.528	-0.173	0.632	0.623	-0.109
-0.226	0.782	0.772	-0.120	-0.892	0.678	0.425	-0.528	-0.176	0.628	0.618	-0.110
-0.207	0.794	0.777	-0.160	-0.893	0.678	0.425	-0.528	-0.232	0.640	0.623	-0.147
-0.199	0.797	0.783	-0.147	-0.893	0.678	0.425	-0.528	-0.211	0.643	0.629	-0.135
-0.176	0.805	0.794	-0.129	-0.894	0.679	0.425	-0.529	-0.152	0.645	0.638	-0.098
-0.166	0.799	0.781	-0.168	-0.894	0.679	0.425	-0.529	-0.242	0.647	0.628	-0.155
-0.161	0.786	0.769	-0.159	-0.898	0.677	0.422	-0.529	-0.233	0.632	0.615	-0.146
-0.165	0.786	0.768	-0.167	-0.898	0.677	0.422	-0.529	-0.245	0.634	0.615	-0.154
-0.170	0.777	0.763	-0.146	-0.900	0.674	0.419	-0.528	-0.217	0.624	0.609	-0.134
-0.173	0.775	0.756	-0.169	-0.900	0.674	0.419	-0.528	-0.252	0.623	0.603	-0.155
-0.173	0.788	0.773	-0.149	-0.900	0.674	0.419	-0.528	-0.218	0.634	0.619	-0.137
-0.176	0.800	0.787	-0.139	-0.900	0.674	0.419	-0.528	-0.200	0.646	0.633	-0.128
-0.178	0.802	0.793	-0.119	-0.900	0.674	0.419	-0.528	-0.170	0.648	0.639	-0.110
-0.182	0.800	0.786	-0.146	-0.900	0.674	0.419	-0.528	-0.210	0.646	0.632	-0.135
-0.187	0.814	0.795	-0.176	-0.900	0.674	0.419	-0.528	-0.247	0.662	0.642	-0.162
-0.192	0.817	0.796	-0.187	-0.901	0.675	0.419	-0.529	-0.757	0.697	0.507	-0.479
-0.198	0.827	0.799	-0.215	-0.902	0.676	0.419	-0.530	-0.758	0.705	0.512	-0.485
-0.190	0.791	0.785	-0.100	-0.904	0.677	0.419	-0.532	-0.226	0.652	0.635	-0.146
-0.190	0.791	0.785	-0.100	-0.904	0.677	0.419	-0.532	-0.145	0.638	0.631	-0.092
-0.186	0.791	0.785	-0.093	-0.904	0.677	0.419	-0.532	-0.136	0.636	0.630	-0.086
-0.176	0.789	0.779	-0.126	-0.904	0.677	0.419	-0.532	-0.184	0.636	0.625	-0.116
-0.175	0.799	0.777	-0.186	-0.904	0.677	0.419	-0.532	-0.760	0.685	0.497	-0.472
-0.176	0.801	0.773	-0.208	-0.904	0.677	0.419	-0.532	-0.761	0.688	0.498	-0.474
-0.179	0.815	0.780	-0.236	-0.903	0.676	0.419	-0.531	-0.759	0.697	0.506	-0.480
-0.186	0.802	0.780	-0.187	-0.903	0.676	0.419	-0.531	-0.759	0.688	0.499	-0.473
-0.197	0.792	0.767	-0.198	-0.903	0.674	0.417	-0.529	-0.758	0.680	0.494	-0.468
-0.214	0.795	0.750	-0.264	-0.905	0.673	0.416	-0.529	-0.762	0.684	0.495	-0.472
-0.253	0.812	0.775	-0.242	-0.905	0.673	0.416	-0.529	-0.762	0.688	0.498	-0.475
-0.263	0.792	0.777	-0.152	-0.905	0.673	0.416	-0.529	-0.761	0.695	0.503	-0.479
-0.263	0.792	0.777	-0.152	-0.905	0.673	0.416	-0.529	-0.761	0.695	0.503	-0.479
-0.256	0.779	0.769	-0.126	-0.905	0.673	0.416	-0.529	-0.139	0.619	0.613	-0.086
-0.242	0.795	0.774	-0.180	-0.905	0.673	0.416	-0.529	-0.196	0.617	0.605	-0.120
-0.245	0.804	0.773	-0.220	-0.905	0.673	0.416	-0.529	-0.761	0.689	0.499	-0.475
-0.252	0.813	0.783	-0.219	-0.905	0.674	0.416	-0.530	-0.762	0.687	0.497	-0.474
-0.268	0.828	0.801	-0.212	-0.905	0.674	0.416	-0.530	-0.762	0.687	0.497	-0.474
-0.268	0.828	0.801	-0.212	-0.905	0.674	0.416	-0.530	-0.762	0.687	0.497	-0.474
-0.263	0.811	0.794	-0.164	-0.905	0.674	0.416	-0.530	-0.239	0.664	0.645	-0.157
-0.263	0.811	0.794	-0.164	-0.905	0.674	0.416	-0.530	-0.232	0.658	0.640	-0.151
-0.258	0.811	0.793	-0.169	-0.905	0.674	0.416	-0.530	-0.239	0.659	0.640	-0.156
-0.247	0.810	0.795	-0.155	-0.905	0.674	0.416	-0.530	-0.219	0.657	0.641	-0.143
-0.238	0.828	0.812	-0.159	-0.905	0.674	0.416	-0.530	-0.220	0.674	0.658	-0.147
-0.229	0.807	0.798	-0.122	-0.906	0.675	0.416	-0.531	-0.174	0.654	0.644	-0.113
-0.224	0.805	0.781	-0.193	-0.906	0.675	0.416	-0.531	-0.761	0.689	0.499	-0.475
-0.222	0.798	0.772	-0.203	-0.906	0.675	0.416	-0.531	-0.762	0.685	0.496	-0.473
-0.224	0.802	0.767	-0.234	-0.906	0.677	0.418	-0.533	-0.763	0.689	0.498	-0.476
-0.230	0.821	0.785	-0.242	-0.906	0.677	0.418	-0.533	-0.762	0.702	0.508	-0.485
-0.240	0.839	0.809	-0.223	-0.906	0.677	0.418	-0.533	-0.762	0.702	0.508	-0.485
-0.244	0.835	0.805	-0.220	-0.904	0.678	0.419	-0.533	-0.761	0.711	0.515	-0.490
-0.255	0.821	0.779	-0.257	-0.904	0.678	0.419	-0.533	-0.761	0.702	0.508	-0.484
-0.266	0.801	0.764	-0.242	-0.904	0.678	0.419	-0.533	-0.761	0.689	0.499	-0.475
-0.275	0.807	0.785	-0.188	-0.904	0.678	0.419	-0.533	-0.761	0.692	0.501	-0.477
-0.275	0.800	0.783	-0.166	-0.904	0.678	0.419	-0.533	-0.238	0.648	0.630	-0.153
-0.254	0.805	0.791	-0.148	-0.907	0.676	0.416	-0.533	-0.257	0.661	0.639	-0.168
-0.254	0.805	0.791	-0.148	-0.907	0.676	0.416	-0.533	-0.210	0.651	0.637	-0.136
-0.239	0.795	0.786	-0.119	-0.907	0.676	0.416	-0.533	-0.172	0.642	0.632	-0.110
-0.227	0.787	0.781	-0.090	-0.907	0.676	0.416	-0.533	-0.132	0.631	0.626	-0.083
-0.210	0.805	0.772	-0.228	-0.907	0.676	0.416	-0.533	-0.763	0.690	0.499	-0.477
-0.209	0.819	0.785	-0.234	-0.907	0.676	0.416	-0.533	-0.763	0.700	0.506	-0.484
-0.208	0.822	0.794	-0.210	-0.907	0.676	0.416	-0.533	-0.763	0.702	0.507	-0.485
-0.214	0.834	0.807	-0.213	-0.907	0.676	0.416	-0.533	-0.763	0.710	0.513	-0.491
-0.219	0.839	0.808	-0.226	-0.907	0.676	0.416	-0.533	-0.764	0.713	0.515	-0.493
-0.246	0.815	0.768	-0.271	-0.907	0.676	0.416	-0.533	-0.764	0.707	0.510	-0.489
-0.246	0.815	0.768	-0.271	-0.907	0.676	0.416	-0.533	-0.764	0.698	0.504	-0.483
-0.260	0.787	0.762	-0.196	-0.907	0.676	0.416	-0.533	-0.762	0.678	0.490	-0.468
-0.270	0.778	0.764	-0.146	-0.907	0.676	0.416	-0.533	-0.216	0.625	0.610	-0.134
-0.268	0.802	0.796	-0.101	-0.907	0.676	0.416	-0.533	-0.144	0.649	0.642	-0.093
-0.248	0.787	0.773	-0.151	-0.905	0.674	0.416	-0.530	-0.208	0.673	0.659	-0.139
-0.230	0.784	0.779	-0.091	-0.905	0.674	0.416	-0.530	-0.134	0.630	0.624	-0.084
-0.202	0.787	0.784	-0.077	-0.905	0.674	0.416	-0.530	-0.112	0.633	0.629	-0.071
-0.187	0.803	0.786	-0.164	-0.904	0.673	0.416	-0.529	-0.234	0.651	0.633	-0.151
-0.187	0.816	0.786	-0.221	-0.904	0.673	0.416	-0.529	-0.759	0.697	0.506	-0.480
-0.199	0.817	0.785	-0.228	-0.903	0.673	0.416	-0.529	-0.760	0.698	0.506	-0.481
-0.215	0.793	0.770	-0.188	-0.902	0.672	0.416	-0.527	-0.758	0.688	0.500	-0.473
-0.215	0.793	0.770	-0.188	-0.902	0.672	0.416	-0.527	-0.757	0.680	0.494	-0.467
-0.204	0.802	0.791	-0.129	-0.902	0.672	0.416	-0.527	-0.758	0.685	0.498	-0.471
-0.210	0.818	0.803	-0.155	-0.902	0.672	0.416	-0.527	-0.217	0.665	0.649	-0.143
-0.236	0.835	0.799	-0.244	-0.903	0.672	0.416	-0.527	-0.758	0.708	0.514	-0.487
-0.236	0.835	0.799	-0.244	-0.903	0.672	0.416	-0.527	-0.760	0.710	0.515	-0.489
-0.233	0.817	0.807	-0.129	-0.903	0.672	0.416	-0.527	-0.180	0.664	0.653	-0.119
-0.218	0.795	0.788	-0.104	-0.904	0.673	0.416	-0.528	-0.150	0.641	0.634	-0.096
-0.206	0.808	0.791	-0.166	-0.904	0.673	0.416	-0.528	-0.235	0.656	0.638	-0.153
-0.203	0.828	0.802	-0.205	-0.905	0.673	0.416	-0.530	-0.760	0.705	0.511	-0.486
-0.209	0.840	0.787	-0.293	-0.905	0.674	0.416	-0.530	-0.761	0.715	0.518	-0.493
-0.225	0.847	0.796	-0.290	-0.905	0.674	0.416	-0.530	-0.762	0.720	0.521	-0.497
-0.253	0.815	0.778	-0.241	-0.903	0.674	0.417	-0.530	-0.760	0.713	0.517	-0.491
-0.258	0.802	0.779	-0.191	-0.903	0.674	0.417	-0.530	-0.760	0.697	0.505	-0.480
-0.257	0.800	0.776	-0.195	-0.902	0.675	0.419	-0.530	-0.759	0.686	0.498	-0.472
-0.275	0.790	0.765	-0.200	-0.902	0.675	0.419	-0.530	-0.758	0.678	0.492	-0.466
-0.285	0.780	0.761	-0.171	-0.902	0.675	0.419	-0.530	-0.253	0.628	0.608	-0.157
-0.283	0.793	0.777	-0.159	-0.902	0.675	0.419	-0.530	-0.230	0.640	0.623	-0.146
-0.262	0.829	0.800	-0.215	-0.901	0.675	0.419	-0.530	-0.758	0.694	0.504	-0.477
-0.250	0.817	0.800	-0.163	-0.901	0.675	0.419	-0.530	-0.230	0.663	0.646	-0.151
-0.233	0.808	0.804	-0.081	-0.901	0.675	0.419	-0.530	-0.115	0.653	0.649	-0.075
-0.213	0.797	0.793	-0.070	-0.901	0.675	0.419	-0.530	-0.100	0.641	0.638	-0.064
-0.205	0.787	0.762	-0.195	-0.901	0.675	0.419	-0.530	-0.758	0.688	0.500	-0.473
-0.214	0.781	0.755	-0.202	-0.900	0.674	0.419	-0.528	-0.756	0.675	0.491	-0.463
-0.214	0.781	0.755	-0.202	-0.899	0.673	0.419	-0.527	-0.756	0.673	0.490	-0.462
-0.213	0.794	0.769	-0.195	-0.899	0.673	0.419	-0.527	-0.755	0.681	0.496	-0.467
-0.210	0.799	0.785	-0.151	-0.899	0.673	0.419	-0.527	-0.217	0.646	0.631	-0.139
-0.211	0.813	0.804	-0.116	-0.899	0.673	0.419	-0.527	-0.163	0.659	0.650	-0.107
-0.225	0.804	0.782	-0.187	-0.899	0.673	0.419	-0.527	-0.216	0.667	0.651	-0.143
-0.224	0.788	0.776	-0.137	-0.898	0.673	0.419	-0.527	-0.755	0.688	0.501	-0.471
-0.204	0.798	0.781	-0.166	-0.898	0.673	0.419	-0.527	-0.239	0.646	0.628	-0.153
-0.204	0.823	0.789	-0.234	-0.898	0.673	0.419	-0.527	-0.755	0.702	0.511	-0.481
-0.213	0.832	0.776	-0.301	-0.897	0.672	0.419	-0.525	-0.756	0.710	0.517	-0.487
-0.218	0.835	0.804	-0.225	-0.897	0.672	0.419	-0.525	-0.755	0.710	0.517	-0.486
-0.221	0.816	0.801	-0.151	-0.897	0.672	0.419	-0.525	-0.212	0.662	0.647	-0.139
-0.224	0.811	0.796	-0.155	-0.897	0.672	0.419	-0.525	-0.219	0.658	0.642	-0.143
-0.227	0.798	0.780	-0.166	-0.898	0.673	0.419	-0.527	-0.231	0.647	0.630	-0.148
-0.227	0.798	0.780	-0.166	-0.898	0.673	0.419	-0.527	-0.231	0.647	0.630	-0.148
-0.225	0.800	0.787	-0.146	-0.898	0.673	0.419	-0.527	-0.210	0.647	0.633	-0.135
-0.224	0.807	0.791	-0.162	-0.898	0.673	0.419	-0.527	-0.230	0.654	0.637	-0.149
-0.228	0.816	0.780	-0.239	-0.899	0.675	0.420	-0.528	-0.756	0.698	0.508	-0.479
-0.228	0.787	0.757	-0.213	-0.893	0.674	0.423	-0.525	-0.751	0.677	0.495	-0.462
-0.222	0.771	0.755	-0.158	-0.893	0.674	0.423	-0.525	-0.236	0.619	0.602	-0.145
-0.208	0.772	0.769	-0.074	-0.890	0.676	0.426	-0.525	-0.089	0.607	0.605	-0.054
-0.201	0.785	0.777	-0.106	-0.890	0.680	0.427	-0.528	-0.154	0.631	0.623	-0.097
-0.200	0.807	0.788	-0.170	-0.890	0.680	0.428	-0.528	-0.242	0.654	0.635	-0.157
-0.204	0.813	0.786	-0.207	-0.890	0.680	0.428	-0.528	-0.750	0.697	0.510	-0.475
-0.208	0.810	0.794	-0.160	-0.890	0.680	0.428	-0.528	-0.227	0.657	0.640	-0.148
-0.209	0.820	0.800	-0.180	-0.890	0.680	0.428	-0.528	-0.251	0.668	0.647	-0.166
-0.194	0.813	0.794	-0.173	-0.890	0.680	0.428	-0.528	-0.748	0.708	0.519	-0.482
-0.192	0.806	0.790	-0.159	-0.890	0.680	0.428	-0.528	-0.245	0.661	0.641	-0.160
-0.197	0.814	0.800	-0.152	-0.890	0.680	0.428	-0.528	-0.213	0.661	0.646	-0.140
-0.211	0.803	0.771	-0.222	-0.889	0.679	0.428	-0.527	-0.749	0.691	0.506	-0.470
-0.223	0.790	0.774	-0.156	-0.889	0.679	0.428	-0.527	-0.228	0.637	0.620	-0.144
-0.229	0.784	0.760	-0.190	-0.891	0.678	0.426	-0.527	-0.750	0.676	0.495	-0.461
-0.238	0.790	0.757	-0.226	-0.891	0.678	0.426	-0.527	-0.749	0.681	0.499	-0.464
-0.245	0.820	0.775	-0.268	-0.891	0.678	0.426	-0.527	-0.750	0.703	0.514	-0.479
-0.253	0.814	0.780	-0.233	-0.891	0.678	0.426	-0.527	-0.750	0.698	0.511	-0.476
-0.258	0.827	0.795	-0.225	-0.891	0.678	0.426	-0.527	-0.749	0.706	0.517	-0.481
-0.262	0.827	0.799	-0.213	-0.891	0.678	0.426	-0.527	-0.749	0.706	0.517	-0.481
-0.263	0.814	0.794	-0.178	-0.891	0.678	0.426	-0.527	-0.250	0.662	0.641	-0.164
-0.267	0.814	0.784	-0.218	-0.891	0.678	0.426	-0.527	-0.750	0.697	0.510	-0.475
-0.265	0.810	0.791	-0.174	-0.890	0.677	0.426	-0.526	-0.748	0.696	0.510	-0.473
-0.262	0.799	0.779	-0.176	-0.891	0.678	0.426	-0.527	-0.253	0.647	0.626	-0.162
-0.207	0.784	0.778	-0.095	-0.891	0.678	0.426	-0.527	-0.163	0.640	0.632	-0.104
-0.207	0.784	0.778	-0.095	-0.891	0.678	0.426	-0.527	-0.139	0.630	0.624	-0.087
-0.190	0.781	0.770	-0.130	-0.890	0.677	0.426	-0.526	-0.192	0.628	0.616	-0.120
-0.184	0.798	0.770	-0.207	-0.887	0.675	0.426	-0.523	-0.746	0.685	0.503	-0.465
-0.185	0.793	0.774	-0.171	-0.887	0.675	0.426	-0.523	-0.248	0.641	0.621	-0.157
-0.183	0.809	0.786	-0.189	-0.886	0.674	0.426	-0.522	-0.745	0.692	0.509	-0.469
-0.176	0.811	0.798	-0.143	-0.886	0.674	0.426	-0.522	-0.743	0.689	0.507	-0.466
-0.180	0.799	0.791	-0.116	-0.886	0.674	0.426	-0.522	-0.166	0.646	0.637	-0.107
-0.186	0.800	0.789	-0.130	-0.891	0.668	0.420	-0.519	-0.187	0.646	0.635	-0.120
-0.202	0.813	0.777	-0.238	-0.891	0.668	0.420	-0.519	-0.746	0.691	0.507	-0.469
-0.202	0.813	0.777	-0.238	-0.891	0.668	0.420	-0.519	-0.748	0.694	0.509	-0.472
-0.204	0.813	0.784	-0.217	-0.891	0.668	0.420	-0.519	-0.748	0.694	0.509	-0.472
-0.217	0.822	0.779	-0.260	-0.891	0.668	0.420	-0.519	-0.748	0.694	0.509	-0.472
-0.217	0.822	0.779	-0.260	-0.891	0.668	0.420	-0.519	-0.748	0.700	0.513	-0.476
-0.233	0.832	0.775	-0.302	-0.891	0.668	0.420	-0.519	-0.748	0.708	0.519	-0.482
-0.245	0.826	0.779	-0.273	-0.891	0.668	0.420	-0.519	-0.748	0.704	0.516	-0.479
-0.256	0.815	0.794	-0.182	-0.891	0.668	0.420	-0.519	-0.747	0.693	0.509	-0.471
-0.257	0.811	0.804	-0.107	-0.891	0.668	0.420	-0.519	-0.205	0.662	0.648	-0.135
-0.257	0.811	0.804	-0.107	-0.891	0.668	0.420	-0.519	-0.151	0.657	0.650	-0.099
-0.237	0.816	0.804	-0.139	-0.892	0.669	0.420	-0.521	-0.194	0.662	0.650	-0.128
-0.231	0.817	0.802	-0.158	-0.892	0.669	0.420	-0.521	-0.222	0.664	0.648	-0.146
-0.226	0.808	0.798	-0.129	-0.892	0.669	0.420	-0.521	-0.183	0.655	0.644	-0.119
-0.217	0.831	0.811	-0.182	-0.893	0.670	0.420	-0.522	-0.250	0.679	0.658	-0.168
-0.193	0.832	0.805	-0.209	-0.895	0.671	0.420	-0.523	-0.751	0.710	0.519	-0.484
-0.200	0.832	0.802	-0.219	-0.896	0.672	0.420	-0.525	-0.752	0.707	0.516	-0.483
-0.211	0.818	0.787	-0.222	-0.896	0.672	0.420	-0.525	-0.753	0.698	0.509	-0.477
-0.232	0.825	0.803	-0.188	-0.897	0.673	0.420	-0.526	-0.753	0.702	0.512	-0.480
-0.234	0.822	0.800	-0.185	-0.897	0.673	0.420	-0.526	-0.258	0.669	0.647	-0.171
-0.236	0.830	0.810	-0.183	-0.899	0.674	0.420	-0.527	-0.252	0.678	0.657	-0.169
-0.235	0.832	0.815	-0.163	-0.899	0.674	0.420	-0.527	-0.225	0.678	0.661	-0.151
-0.234	0.844	0.828	-0.164	-0.899	0.674	0.419	-0.527	-0.222	0.691	0.674	-0.152
-0.230	0.840	0.822	-0.176	-0.899	0.673	0.419	-0.527	-0.239	0.689	0.669	-0.163
-0.228	0.842	0.810	-0.230	-0.900	0.674	0.419	-0.528	-0.757	0.717	0.521	-0.492
-0.228	0.842	0.810	-0.230	-0.900	0.674	0.419	-0.528	-0.757	0.715	0.520	-0.491
-0.231	0.843	0.804	-0.255	-0.903	0.676	0.419	-0.531	-0.760	0.717	0.520	-0.494
-0.232	0.826	0.810	-0.161	-0.903	0.676	0.419	-0.531	-0.261	0.679	0.656	-0.175
-0.234	0.831	0.801	-0.218	-0.904	0.677	0.419	-0.532	-0.223	0.673	0.656	-0.149
-0.231	0.814	0.799	-0.154	-0.904	0.677	0.419	-0.532	-0.760	0.708	0.513	-0.488
-0.227	0.817	0.809	-0.114	-0.904	0.677	0.419	-0.532	-0.217	0.660	0.645	-0.142
-0.223	0.842	0.820	-0.189	-0.904	0.677	0.418	-0.532	-0.211	0.678	0.663	-0.142
-0.224	0.848	0.812	-0.242	-0.904	0.677	0.418	-0.532	-0.761	0.719	0.521	-0.496
-0.227	0.848	0.808	-0.256	-0.904	0.677	0.418	-0.532	-0.762	0.720	0.521	-0.497
-0.236	0.850	0.800	-0.284	-0.905	0.677	0.418	-0.532	-0.761	0.728	0.527	-0.502
-0.246	0.853	0.807	-0.275	-0.905	0.677	0.418	-0.532	-0.762	0.724	0.524	-0.500
-0.278	0.836	0.798	-0.250	-0.902	0.680	0.421	-0.533	-0.761	0.724	0.524	-0.499
-0.278	0.836	0.798	-0.250	-0.902	0.680	0.421	-0.533	-0.760	0.713	0.517	-0.491
-0.289	0.825	0.796	-0.217	-0.902	0.680	0.421	-0.533	-0.759	0.705	0.511	-0.485
-0.294	0.821	0.791	-0.219	-0.902	0.680	0.421	-0.533	-0.760	0.702	0.509	-0.484
-0.290	0.830	0.802	-0.216	-0.900	0.682	0.424	-0.535	-0.758	0.709	0.515	-0.488
-0.252	0.815	0.798	-0.163	-0.900	0.682	0.424	-0.535	-0.758	0.708	0.514	-0.487
-0.238	0.819	0.808	-0.134	-0.900	0.682	0.424	-0.535	-0.229	0.661	0.644	-0.150
-0.238	0.819	0.808	-0.134	-0.900	0.682	0.424	-0.535	-0.187	0.666	0.654	-0.124
-0.228	0.820	0.806	-0.153	-0.900	0.682	0.424	-0.535	-0.213	0.667	0.652	-0.141
-0.222	0.824	0.804	-0.177	-0.900	0.682	0.424	-0.535	-0.247	0.671	0.651	-0.164
-0.224	0.832	0.804	-0.213	-0.900	0.682	0.424	-0.535	-0.758	0.710	0.516	-0.488
-0.224	0.826	0.798	-0.212	-0.900	0.682	0.424	-0.535	-0.757	0.706	0.513	-0.485
-0.221	0.816	0.799	-0.166	-0.900	0.682	0.424	-0.535	-0.245	0.667	0.647	-0.162
-0.216	0.812	0.797	-0.152	-0.901	0.678	0.421	-0.532	-0.214	0.658	0.643	-0.140
-0.213	0.810	0.798	-0.141	-0.901	0.678	0.421	-0.532	-0.199	0.657	0.644	-0.130
-0.212	0.833	0.820	-0.150	-0.903	0.675	0.418	-0.530	-0.206	0.680	0.666	-0.139
-0.209	0.841	0.831	-0.129	-0.903	0.675	0.418	-0.530	-0.174	0.687	0.677	-0.119
-0.204	0.847	0.840	-0.107	-0.903	0.675	0.418	-0.530	-0.143	0.693	0.686	-0.099
-0.194	0.849	0.843	-0.102	-0.902	0.674	0.418	-0.529	-0.137	0.696	0.689	-0.095
-0.180	0.848	0.840	-0.117	-0.902	0.674	0.418	-0.529	-0.156	0.694	0.686	-0.108
-0.174	0.844	0.822	-0.192	-0.902	0.674	0.418	-0.529	-0.260	0.692	0.669	-0.178
-0.177	0.841	0.812	-0.220	-0.903	0.675	0.418	-0.530	-0.760	0.714	0.518	-0.492
-0.191	0.830	0.809	-0.185	-0.905	0.676	0.418	-0.532	-0.760	0.714	0.518	-0.492
-0.194	0.838	0.822	-0.163	-0.905	0.676	0.418	-0.532	-0.255	0.678	0.656	-0.171
-0.198	0.838	0.820	-0.172	-0.905	0.676	0.418	-0.532	-0.234	0.686	0.667	-0.159
-0.201	0.834	0.815	-0.173	-0.905	0.676	0.418	-0.532	-0.237	0.681	0.662	-0.160
-0.211	0.834	0.819	-0.160	-0.905	0.676	0.418	-0.532	-0.219	0.681	0.665	-0.148
-0.217	0.838	0.826	-0.138	-0.905	0.676	0.418	-0.532	-0.188	0.684	0.672	-0.128
-0.228	0.845	0.824	-0.186	-0.905	0.676	0.418	-0.532	-0.251	0.693	0.671	-0.172
-0.234	0.846	0.823	-0.198	-0.905	0.676	0.418	-0.532	-0.761	0.718	0.520	-0.495
-0.234	0.847	0.817	-0.225	-0.905	0.676	0.418	-0.532	-0.761	0.719	0.521	-0.496
-0.228	0.849	0.831	-0.173	-0.906	0.677	0.418	-0.533	-0.232	0.696	0.677	-0.160
-0.217	0.851	0.844	-0.108	-0.906	0.677	0.418	-0.533	-0.144	0.697	0.690	-0.100
-0.209	0.851	0.839	-0.146	-0.906	0.677	0.418	-0.533	-0.195	0.698	0.685	-0.135
-0.202	0.858	0.837	-0.190	-0.907	0.678	0.418	-0.534	-0.210	0.704	0.688	-0.147
-0.201	0.861	0.838	-0.197	-0.907	0.678	0.418	-0.534	-0.252	0.706	0.684	-0.176
-0.203	0.865	0.848	-0.170	-0.907	0.678	0.418	-0.534	-0.224	0.712	0.694	-0.158
-0.202	0.860	0.839	-0.188	-0.907	0.678	0.418	-0.534	-0.248	0.708	0.686	-0.174
-0.193	0.858	0.841	-0.170	-0.907	0.678	0.418	-0.534	-0.226	0.705	0.687	-0.158
-0.186	0.865	0.844	-0.190	-0.907	0.678	0.418	-0.534	-0.249	0.713	0.691	-0.176
-0.184	0.871	0.845	-0.211	-0.907	0.678	0.418	-0.534	-0.763	0.735	0.531	-0.508
-0.206	0.849	0.818	-0.229	-0.907	0.678	0.418	-0.534	-0.763	0.733	0.530	-0.507
-0.216	0.836	0.813	-0.194	-0.907	0.678	0.418	-0.534	-0.763	0.721	0.521	-0.498
-0.216	0.836	0.813	-0.194	-0.906	0.677	0.418	-0.533	-0.266	0.684	0.660	-0.180
-0.220	0.834	0.807	-0.208	-0.906	0.677	0.418	-0.533	-0.762	0.709	0.513	-0.490
-0.239	0.838	0.789	-0.283	-0.906	0.677	0.418	-0.533	-0.763	0.715	0.517	-0.494
-0.250	0.843	0.803	-0.255	-0.905	0.674	0.416	-0.530	-0.762	0.716	0.518	-0.494
-0.259	0.832	0.805	-0.211	-0.905	0.674	0.416	-0.530	-0.760	0.708	0.513	-0.488
-0.265	0.839	0.812	-0.211	-0.905	0.674	0.416	-0.530	-0.761	0.712	0.516	-0.491
-0.271	0.850	0.807	-0.267	-0.905	0.674	0.416	-0.530	-0.762	0.721	0.522	-0.498
-0.275	0.858	0.820	-0.252	-0.905	0.674	0.416	-0.530	-0.761	0.726	0.526	-0.501
-0.276	0.846	0.812	-0.237	-0.906	0.673	0.415	-0.530	-0.762	0.717	0.519	-0.495
-0.278	0.840	0.803	-0.248	-0.909	0.675	0.415	-0.533	-0.765	0.715	0.516	-0.495
-0.287	0.844	0.780	-0.323	-0.909	0.675	0.415	-0.533	-0.766	0.720	0.519	-0.499
-0.295	0.852	0.792	-0.314	-0.911	0.677	0.415	-0.534	-0.767	0.725	0.522	-0.503
-0.299	0.848	0.795	-0.295	-0.912	0.678	0.415	-0.536	-0.768	0.721	0.519	-0.501
-0.319	0.825	0.796	-0.216	-0.913	0.679	0.415	-0.537	-0.769	0.721	0.518	-0.501
-0.319	0.825	0.796	-0.216	-0.913	0.679	0.415	-0.537	-0.769	0.704	0.506	-0.490
-0.315	0.828	0.791	-0.245	-0.912	0.678	0.415	-0.536	-0.767	0.707	0.509	-0.491
-0.305	0.836	0.801	-0.239	-0.912	0.678	0.415	-0.536	-0.768	0.716	0.515	-0.497
-0.303	0.819	0.776	-0.262	-0.911	0.677	0.415	-0.535	-0.768	0.716	0.515	-0.497
-0.309	0.811	0.755	-0.295	-0.911	0.677	0.415	-0.535	-0.768	0.711	0.512	-0.494
-0.309	0.811	0.755	-0.295	-0.912	0.678	0.415	-0.536	-0.768	0.697	0.501	-0.484
-0.323	0.813	0.753	-0.307	-0.912	0.678	0.415	-0.536	-0.769	0.692	0.497	-0.481
-0.333	0.824	0.758	-0.321	-0.911	0.677	0.415	-0.535	-0.767	0.700	0.504	-0.486
-0.333	0.824	0.758	-0.321	-0.911	0.677	0.415	-0.535	-0.767	0.706	0.508	-0.490
-0.347	0.831	0.747	-0.364	-0.910	0.676	0.415	-0.533	-0.768	0.713	0.513	-0.495
-0.366	0.833	0.742	-0.379	-0.908	0.674	0.415	-0.532	-0.766	0.714	0.515	-0.495
-0.378	0.814	0.786	-0.209	-0.908	0.674	0.415	-0.532	-0.765	0.709	0.511	-0.491
-0.378	0.814	0.786	-0.209	-0.908	0.674	0.415	-0.532	-0.764	0.695	0.502	-0.481
-0.367	0.825	0.801	-0.197	-0.908	0.674	0.415	-0.532	-0.763	0.703	0.508	-0.486
-0.336	0.819	0.805	-0.154	-0.908	0.674	0.415	-0.532	-0.261	0.672	0.649	-0.173
-0.336	0.819	0.805	-0.154	-0.908	0.674	0.415	-0.532	-0.215	0.666	0.651	-0.142
-0.306	0.801	0.782	-0.175	-0.908	0.674	0.415	-0.532	-0.251	0.649	0.629	-0.161
-0.265	0.799	0.756	-0.260	-0.911	0.677	0.415	-0.534	-0.766	0.694	0.500	-0.481
-0.265	0.810	0.763	-0.271	-0.911	0.677	0.415	-0.534	-0.768	0.695	0.500	-0.483
-0.321	0.823	0.754	-0.330	-0.912	0.678	0.415	-0.536	-0.767	0.697	0.502	-0.484
-0.321	0.823	0.754	-0.330	-0.913	0.679	0.415	-0.537	-0.770	0.706	0.507	-0.492
-0.357	0.820	0.769	-0.285	-0.915	0.680	0.415	-0.539	-0.771	0.715	0.513	-0.498
-0.357	0.820	0.769	-0.285	-0.916	0.681	0.415	-0.540	-0.772	0.704	0.504	-0.491
-0.364	0.817	0.778	-0.247	-0.916	0.681	0.415	-0.540	-0.771	0.700	0.502	-0.488
-0.362	0.802	0.764	-0.242	-0.916	0.681	0.415	-0.540	-0.772	0.689	0.494	-0.481
-0.357	0.795	0.759	-0.235	-0.916	0.681	0.415	-0.540	-0.772	0.685	0.491	-0.478
-0.355	0.794	0.766	-0.210	-0.916	0.681	0.415	-0.540	-0.771	0.685	0.491	-0.477
-0.347	0.808	0.783	-0.199	-0.916	0.681	0.415	-0.540	-0.771	0.693	0.497	-0.483
-0.329	0.822	0.804	-0.168	-0.916	0.681	0.415	-0.540	-0.234	0.669	0.651	-0.155
-0.305	0.832	0.814	-0.171	-0.916	0.681	0.415	-0.540	-0.235	0.680	0.661	-0.158
-0.289	0.846	0.812	-0.237	-0.916	0.681	0.415	-0.540	-0.772	0.720	0.516	-0.502
-0.283	0.832	0.800	-0.228	-0.916	0.681	0.415	-0.540	-0.771	0.710	0.509	-0.495
-0.278	0.845	0.800	-0.273	-0.916	0.681	0.415	-0.540	-0.772	0.720	0.516	-0.502
-0.277	0.850	0.810	-0.259	-0.916	0.681	0.415	-0.540	-0.772	0.723	0.518	-0.504
-0.282	0.852	0.798	-0.297	-0.916	0.681	0.415	-0.540	-0.773	0.725	0.519	-0.506
-0.287	0.845	0.792	-0.293	-0.916	0.681	0.415	-0.540	-0.773	0.721	0.516	-0.503
-0.304	0.829	0.795	-0.236	-0.916	0.681	0.415	-0.540	-0.772	0.720	0.516	-0.502
-0.304	0.829	0.795	-0.236	-0.916	0.681	0.415	-0.540	-0.771	0.709	0.508	-0.494
-0.309	0.829	0.804	-0.203	-0.916	0.681	0.415	-0.540	-0.771	0.707	0.507	-0.493
-0.306	0.824	0.807	-0.165	-0.916	0.681	0.415	-0.540	-0.229	0.670	0.653	-0.152
-0.297	0.823	0.804	-0.174	-0.914	0.680	0.415	-0.539	-0.242	0.671	0.651	-0.161
-0.239	0.835	0.818	-0.166	-0.913	0.679	0.415	-0.537	-0.174	0.658	0.648	-0.114
-0.239	0.835	0.818	-0.166	-0.913	0.679	0.415	-0.537	-0.228	0.682	0.664	-0.154
-0.218	0.819	0.790	-0.214	-0.913	0.679	0.415	-0.537	-0.769	0.700	0.503	-0.487
-0.214	0.818	0.790	-0.213	-0.912	0.678	0.415	-0.536	-0.768	0.699	0.503	-0.486
-0.209	0.814	0.794	-0.180	-0.912	0.678	0.415	-0.536	-0.253	0.662	0.641	-0.166
-0.209	0.817	0.799	-0.173	-0.911	0.677	0.415	-0.535	-0.243	0.666	0.646	-0.160
-0.208	0.816	0.794	-0.185	-0.912	0.678	0.415	-0.536	-0.261	0.663	0.641	-0.171
-0.212	0.818	0.790	-0.213	-0.912	0.678	0.415	-0.536	-0.768	0.699	0.503	-0.486
-0.226	0.822	0.793	-0.214	-0.912	0.678	0.415	-0.536	-0.767	0.702	0.505	-0.487
-0.240	0.830	0.810	-0.178	-0.912	0.678	0.415	-0.536	-0.767	0.699	0.503	-0.485
-0.240	0.830	0.810	-0.178	-0.912	0.678	0.415	-0.536	-0.246	0.677	0.657	-0.165
-0.236	0.827	0.813	-0.149	-0.913	0.679	0.416	-0.537	-0.206	0.673	0.659	-0.138
-0.232	0.837	0.814	-0.193	-0.913	0.679	0.416	-0.537	-0.264	0.685	0.661	-0.179
-0.243	0.840	0.794	-0.272	-0.913	0.680	0.416	-0.538	-0.770	0.716	0.514	-0.498
-0.257	0.829	0.802	-0.209	-0.913	0.680	0.416	-0.538	-0.768	0.708	0.509	-0.492
-0.257	0.832	0.813	-0.176	-0.912	0.678	0.416	-0.536	-0.242	0.680	0.660	-0.163
-0.257	0.837	0.802	-0.241	-0.912	0.678	0.416	-0.536	-0.768	0.713	0.513	-0.495
-0.267	0.834	0.774	-0.310	-0.910	0.677	0.416	-0.535	-0.768	0.713	0.513	-0.495
-0.283	0.819	0.758	-0.311	-0.909	0.676	0.416	-0.533	-0.766	0.702	0.506	-0.487
-0.300	0.825	0.763	-0.311	-0.909	0.676	0.416	-0.533	-0.765	0.706	0.509	-0.489
-0.316	0.841	0.773	-0.331	-0.910	0.673	0.413	-0.531	-0.767	0.716	0.516	-0.497
-0.327	0.831	0.772	-0.307	-0.910	0.673	0.413	-0.531	-0.766	0.709	0.511	-0.492
-0.330	0.828	0.780	-0.275	-0.909	0.672	0.413	-0.530	-0.764	0.705	0.509	-0.488
-0.323	0.814	0.803	-0.128	-0.909	0.672	0.413	-0.530	-0.180	0.660	0.649	-0.118
-0.314	0.811	0.781	-0.215	-0.909	0.672	0.413	-0.530	-0.234	0.656	0.638	-0.152
