phi_u	d_u	x_u	y_u	phi_v	d_v	x_v	y_v	phi_f	d_f	x_f	y_f
-1.039	0.979	0.459	-0.865	-0.146	0.696	0.688	-0.101	-1.177	0.881	0.338	-0.814
-1.047	0.989	0.423	-0.894	-0.146	0.696	0.688	-0.101	-1.224	0.895	0.304	-0.842
-1.052	0.978	0.404	-0.891	-0.146	0.696	0.688	-0.101	-1.242	0.886	0.286	-0.839
-1.057	0.987	0.404	-0.901	-0.146	0.696	0.688	-0.101	-1.246	0.896	0.286	-0.849
-1.060	0.979	0.496	-0.843	-0.150	0.696	0.688	-0.104	-1.131	0.876	0.373	-0.793
-1.053	0.967	0.517	-0.817	-0.150	0.696	0.688	-0.104	-1.099	0.862	0.392	-0.768
-1.056	0.965	0.489	-0.831	-0.151	0.694	0.686	-0.104	-1.133	0.863	0.366	-0.781
-1.095	0.970	0.363	-0.899	-0.152	0.696	0.688	-0.105	-1.312	0.887	0.227	-0.857
-1.113	0.969	0.435	-0.866	-0.152	0.696	0.688	-0.105	-1.202	0.874	0.315	-0.815
-1.124	0.977	0.361	-0.908	-0.152	0.696	0.688	-0.105	-1.291	0.890	0.246	-0.855
-1.130	0.986	0.355	-0.920	-0.164	0.697	0.688	-0.114	-1.301	0.900	0.240	-0.867
-1.151	0.999	0.122	-0.991	-0.164	0.697	0.688	-0.114	-1.548	0.936	0.021	-0.936
-1.166	1.007	0.288	-0.965	-0.179	0.699	0.688	-0.125	-1.379	0.928	0.177	-0.911
-1.184	0.976	0.481	-0.849	-0.186	0.700	0.688	-0.129	-1.193	0.895	0.330	-0.832
-1.187	0.969	0.502	-0.829	-0.186	0.700	0.688	-0.129	-1.120	0.867	0.378	-0.780
-1.180	0.969	0.464	-0.851	-0.188	0.700	0.687	-0.131	-1.167	0.870	0.342	-0.800
-1.167	0.968	0.532	-0.809	-0.188	0.700	0.687	-0.131	-1.080	0.862	0.406	-0.760
-1.150	0.977	0.524	-0.824	-0.188	0.700	0.687	-0.131	-1.095	0.872	0.399	-0.775
-1.126	0.963	0.400	-0.876	-0.188	0.700	0.687	-0.131	-1.241	0.871	0.282	-0.824
-1.106	0.963	0.348	-0.898	-0.188	0.700	0.687	-0.131	-1.302	0.877	0.233	-0.845
-1.077	0.958	0.448	-0.847	-0.188	0.700	0.687	-0.131	-1.181	0.861	0.327	-0.796
-1.056	0.962	0.555	-0.785	-0.188	0.704	0.692	-0.132	-1.046	0.852	0.427	-0.737
-1.041	0.966	0.591	-0.764	-0.188	0.704	0.692	-0.132	-1.000	0.853	0.461	-0.718
-1.034	0.969	0.507	-0.826	-0.187	0.708	0.696	-0.132	-1.113	0.866	0.383	-0.777
-1.025	0.968	0.563	-0.787	-0.187	0.708	0.696	-0.132	-1.039	0.858	0.435	-0.740
-1.021	0.976	0.533	-0.817	-0.187	0.708	0.696	-0.132	-1.083	0.869	0.407	-0.768
-1.022	0.994	0.509	-0.853	-0.187	0.708	0.696	-0.132	-1.124	0.891	0.385	-0.803
-1.019	0.989	0.529	-0.836	-0.187	0.708	0.696	-0.132	-1.097	0.885	0.404	-0.787
-1.012	0.989	0.500	-0.852	-0.187	0.708	0.696	-0.132	-1.131	0.886	0.377	-0.802
-1.015	0.993	0.299	-0.947	-0.186	0.708	0.696	-0.131	-1.363	0.913	0.188	-0.893
-1.048	0.990	0.295	-0.945	-0.186	0.708	0.696	-0.131	-1.367	0.910	0.184	-0.891
-1.089	0.981	0.130	-0.973	-0.186	0.704	0.692	-0.130	-1.540	0.918	0.028	-0.918
-1.115	0.977	0.376	-0.902	-0.186	0.704	0.692	-0.130	-1.274	0.888	0.260	-0.849
-1.129	0.979	0.575	-0.792	-0.186	0.699	0.687	-0.129	-1.082	0.873	0.410	-0.771
-1.129	0.979	0.575	-0.792	-0.186	0.699	0.687	-0.129	-1.030	0.869	0.447	-0.745
-1.120	0.985	0.502	-0.847	-0.184	0.699	0.687	-0.128	-1.048	0.881	0.440	-0.763
-1.120	0.985	0.502	-0.847	-0.184	0.699	0.687	-0.128	-1.128	0.882	0.378	-0.797
-1.122	0.986	0.507	-0.845	-0.185	0.704	0.692	-0.129	-1.122	0.882	0.383	-0.795
-1.118	0.994	0.457	-0.882	-0.185	0.704	0.692	-0.129	-1.187	0.896	0.336	-0.831
-1.103	0.993	0.530	-0.840	-0.184	0.699	0.687	-0.128	-1.098	0.889	0.405	-0.791
-1.031	0.999	0.570	-0.820	-0.184	0.699	0.687	-0.128	-1.050	0.890	0.443	-0.772
-1.008	0.987	0.569	-0.807	-0.184	0.697	0.685	-0.128	-1.044	0.878	0.441	-0.759
-1.002	0.992	0.502	-0.856	-0.184	0.697	0.685	-0.128	-1.131	0.891	0.379	-0.806
-1.037	0.977	0.465	-0.859	-0.188	0.687	0.675	-0.128	-1.187	0.889	0.333	-0.824
-1.037	0.977	0.465	-0.859	-0.188	0.687	0.675	-0.128	-1.169	0.878	0.343	-0.808
-1.038	0.992	0.474	-0.872	-0.188	0.687	0.675	-0.128	-1.166	0.893	0.352	-0.821
-1.039	0.994	0.433	-0.894	-0.189	0.687	0.675	-0.129	-1.214	0.899	0.314	-0.842
-1.043	1.000	0.394	-0.919	-0.189	0.687	0.675	-0.129	-1.262	0.910	0.277	-0.867
-1.062	1.007	0.376	-0.934	-0.197	0.687	0.673	-0.135	-1.284	0.919	0.260	-0.881
-1.084	0.992	0.409	-0.904	-0.197	0.687	0.673	-0.135	-1.242	0.900	0.291	-0.852
-1.101	0.991	0.496	-0.857	-0.239	0.691	0.671	-0.163	-1.138	0.889	0.373	-0.807
-1.099	0.990	0.471	-0.871	-0.239	0.691	0.671	-0.163	-1.168	0.891	0.349	-0.820
-1.094	1.001	0.484	-0.876	-0.304	0.696	0.664	-0.208	-1.158	0.902	0.362	-0.826
-1.090	1.001	0.554	-0.833	-0.304	0.696	0.664	-0.208	-1.072	0.894	0.428	-0.785
-1.140	1.056	0.000	-1.056	-0.468	0.725	0.647	-0.327	-1.379	0.933	0.178	-0.916
-1.188	1.087	0.000	-1.087	-0.468	0.725	0.647	-0.327	-1.663	1.036	-0.095	-1.032
-1.227	1.050	0.000	-1.050	-0.468	0.725	0.647	-0.327	-1.666	1.000	-0.095	-0.995
-1.266	0.963	0.000	-0.963	-0.481	0.723	0.641	-0.334	-1.674	0.913	-0.094	-0.908
-1.302	0.883	0.120	-0.875	-0.481	0.723	0.641	-0.334	-1.548	0.820	0.019	-0.820
-1.359	0.830	0.270	-0.785	-0.481	0.723	0.641	-0.334	-1.526	0.781	0.035	-0.780
-1.367	0.780	0.430	-0.650	-0.481	0.723	0.641	-0.334	-1.101	0.674	0.305	-0.601
-1.359	0.734	0.456	-0.575	-0.481	0.723	0.641	-0.334	-1.016	0.621	0.327	-0.528
-1.321	0.704	0.548	-0.442	-0.481	0.722	0.640	-0.334	-0.411	0.661	0.606	-0.264
-1.228	0.684	0.588	-0.350	-0.481	0.722	0.640	-0.334	-0.409	0.641	0.588	-0.255
-1.122	0.671	0.605	-0.288	-0.481	0.722	0.640	-0.334	-0.407	0.628	0.577	-0.249
-0.995	0.664	0.643	-0.168	-0.482	0.721	0.639	-0.334	-0.407	0.620	0.569	-0.245
-0.846	0.656	0.656	0.005	-0.482	0.721	0.639	-0.334	-0.404	0.611	0.562	-0.240
-0.680	0.664	0.624	0.225	-0.470	0.716	0.639	-0.324	0.405	0.515	0.473	0.203
-0.516	0.700	0.653	0.252	-0.432	0.703	0.639	-0.294	0.427	0.553	0.503	0.229
-0.187	0.759	0.727	0.219	-0.432	0.703	0.639	-0.294	0.452	0.579	0.521	0.253
-0.187	0.759	0.727	0.219	-0.432	0.703	0.639	-0.294	0.336	0.609	0.575	0.201
-0.071	0.774	0.760	0.149	-0.374	0.688	0.640	-0.251	0.222	0.621	0.606	0.137
0.108	0.791	0.760	0.221	-0.306	0.674	0.642	-0.203	0.324	0.641	0.608	0.204
0.197	0.798	0.734	0.314	-0.306	0.674	0.642	-0.203	0.460	0.653	0.585	0.290
0.270	0.799	0.725	0.335	-0.238	0.661	0.643	-0.156	0.492	0.655	0.577	0.309
0.322	0.808	0.714	0.376	-0.238	0.661	0.643	-0.156	0.549	0.665	0.567	0.347
0.352	0.831	0.743	0.371	-0.195	0.656	0.644	-0.127	0.524	0.687	0.595	0.344
0.370	0.870	0.792	0.360	-0.195	0.656	0.644	-0.127	0.543	0.714	0.611	0.369
0.370	0.870	0.792	0.360	-0.195	0.656	0.644	-0.127	0.543	0.714	0.611	0.369
0.379	0.898	0.866	0.239	-0.142	0.655	0.648	-0.093	-0.113	0.756	0.751	-0.085
0.379	0.898	0.866	0.239	-0.142	0.655	0.648	-0.093	-0.113	0.761	0.756	-0.086
0.390	0.918	0.887	0.238	-0.086	0.654	0.652	-0.056	-0.066	0.772	0.770	-0.051
0.390	0.918	0.887	0.238	-0.086	0.654	0.652	-0.056	-0.067	0.774	0.772	-0.052
0.377	0.958	0.901	0.327	-0.086	0.654	0.652	-0.056	-0.066	0.804	0.802	-0.053
0.367	0.947	0.889	0.326	-0.064	0.658	0.657	-0.042	-0.049	0.797	0.796	-0.039
0.356	0.940	0.872	0.350	-0.064	0.658	0.657	-0.042	-0.048	0.793	0.792	-0.038
0.332	0.920	0.865	0.315	-0.064	0.662	0.660	-0.042	-0.048	0.789	0.788	-0.038
0.332	0.920	0.865	0.315	-0.064	0.662	0.661	-0.042	-0.049	0.780	0.779	-0.038
0.336	0.933	0.866	0.344	-0.064	0.662	0.661	-0.042	-0.048	0.789	0.788	-0.038
0.342	0.941	0.888	0.312	-0.064	0.662	0.661	-0.042	-0.049	0.794	0.793	-0.039
0.352	0.961	0.884	0.376	-0.064	0.662	0.661	-0.042	0.447	0.814	0.734	0.352
0.366	0.959	0.873	0.396	-0.064	0.664	0.663	-0.042	0.474	0.814	0.724	0.371
0.372	0.949	0.880	0.354	-0.064	0.664	0.663	-0.042	-0.047	0.801	0.800	-0.038
0.376	0.950	0.886	0.344	-0.064	0.664	0.663	-0.042	-0.049	0.802	0.801	-0.039
0.373	0.945	0.877	0.351	-0.077	0.666	0.664	-0.051	-0.059	0.798	0.797	-0.047
0.373	0.950	0.890	0.332	-0.089	0.667	0.664	-0.059	-0.069	0.802	0.800	-0.055
0.375	0.945	0.885	0.331	-0.089	0.667	0.664	-0.059	-0.069	0.798	0.796	-0.055
0.373	0.937	0.878	0.328	-0.091	0.667	0.664	-0.061	-0.071	0.793	0.791	-0.056
0.371	0.945	0.898	0.296	-0.091	0.667	0.664	-0.061	-0.071	0.798	0.796	-0.057
0.362	0.952	0.912	0.273	-0.092	0.667	0.664	-0.061	-0.072	0.801	0.799	-0.058
0.347	0.966	0.935	0.243	-0.092	0.667	0.664	-0.061	-0.073	0.810	0.808	-0.059
0.338	0.948	0.906	0.280	-0.094	0.667	0.664	-0.063	-0.071	0.799	0.797	-0.057
0.331	0.939	0.891	0.295	-0.094	0.667	0.664	-0.063	-0.073	0.793	0.791	-0.058
0.328	0.932	0.884	0.296	-0.096	0.665	0.662	-0.064	-0.075	0.788	0.786	-0.059
0.315	0.932	0.908	0.208	-0.096	0.665	0.662	-0.064	-0.075	0.785	0.783	-0.059
0.299	0.937	0.919	0.183	-0.098	0.665	0.662	-0.065	-0.079	0.789	0.787	-0.062
0.281	0.925	0.909	0.170	-0.098	0.665	0.662	-0.065	-0.078	0.780	0.778	-0.061
0.262	0.943	0.907	0.260	-0.100	0.663	0.660	-0.066	-0.080	0.787	0.784	-0.063
0.260	0.949	0.921	0.229	-0.102	0.663	0.660	-0.067	-0.080	0.798	0.795	-0.064
0.257	0.957	0.921	0.259	-0.102	0.663	0.660	-0.067	-0.080	0.804	0.801	-0.064
0.251	0.955	0.926	0.236	-0.104	0.663	0.660	-0.069	-0.082	0.802	0.799	-0.066
0.243	0.938	0.910	0.227	-0.104	0.663	0.660	-0.069	-0.082	0.790	0.787	-0.065
0.237	0.930	0.895	0.251	-0.104	0.663	0.660	-0.069	-0.082	0.785	0.782	-0.064
0.238	0.929	0.893	0.254	-0.104	0.663	0.660	-0.069	-0.082	0.784	0.781	-0.064
0.261	0.939	0.884	0.315	-0.104	0.663	0.660	-0.069	-0.081	0.793	0.790	-0.064
0.277	0.939	0.879	0.330	-0.104	0.663	0.660	-0.069	-0.081	0.794	0.791	-0.064
0.303	0.947	0.913	0.252	-0.104	0.663	0.660	-0.069	0.452	0.810	0.729	0.354
0.303	0.947	0.913	0.252	-0.104	0.663	0.660	-0.069	-0.082	0.797	0.794	-0.065
0.305	0.937	0.910	0.224	-0.104	0.663	0.660	-0.069	-0.082	0.790	0.787	-0.065
0.303	0.940	0.905	0.253	-0.102	0.663	0.660	-0.068	-0.081	0.792	0.789	-0.064
0.300	0.920	0.903	0.176	-0.102	0.663	0.660	-0.068	-0.081	0.777	0.774	-0.063
0.294	0.925	0.902	0.206	-0.101	0.663	0.660	-0.067	-0.081	0.781	0.778	-0.063
0.290	0.929	0.899	0.233	-0.101	0.663	0.660	-0.067	-0.080	0.784	0.781	-0.063
0.286	0.936	0.898	0.265	-0.101	0.663	0.660	-0.067	-0.080	0.790	0.787	-0.063
0.271	0.951	0.915	0.258	-0.101	0.663	0.660	-0.067	-0.080	0.800	0.797	-0.064
0.263	0.942	0.912	0.236	-0.101	0.663	0.660	-0.067	-0.080	0.793	0.790	-0.063
0.263	0.929	0.883	0.287	-0.101	0.663	0.660	-0.067	-0.079	0.784	0.782	-0.062
0.285	0.929	0.898	0.240	-0.100	0.665	0.662	-0.066	-0.079	0.783	0.781	-0.062
0.285	0.929	0.898	0.240	-0.100	0.665	0.662	-0.066	-0.079	0.783	0.781	-0.062
0.279	0.933	0.911	0.203	-0.099	0.665	0.662	-0.066	-0.079	0.787	0.785	-0.062
0.275	0.937	0.903	0.249	-0.099	0.665	0.662	-0.066	-0.079	0.790	0.788	-0.062
0.274	0.931	0.897	0.248	-0.099	0.663	0.660	-0.066	-0.079	0.785	0.783	-0.062
0.269	0.913	0.882	0.237	-0.099	0.663	0.660	-0.066	-0.079	0.773	0.771	-0.061
0.261	0.920	0.893	0.219	-0.099	0.663	0.660	-0.066	-0.079	0.777	0.775	-0.061
0.256	0.923	0.897	0.221	-0.099	0.663	0.660	-0.066	-0.078	0.780	0.778	-0.061
0.250	0.922	0.896	0.215	-0.098	0.663	0.660	-0.065	-0.077	0.778	0.776	-0.060
0.250	0.926	0.895	0.238	-0.098	0.663	0.660	-0.065	-0.078	0.782	0.780	-0.061
0.253	0.928	0.882	0.287	-0.097	0.663	0.660	-0.064	-0.075	0.784	0.782	-0.059
0.259	0.944	0.906	0.266	-0.097	0.663	0.660	-0.064	-0.076	0.795	0.793	-0.060
0.260	0.954	0.916	0.267	-0.096	0.665	0.662	-0.064	-0.076	0.802	0.800	-0.061
0.263	0.953	0.919	0.252	-0.096	0.665	0.662	-0.064	-0.076	0.801	0.799	-0.061
0.267	0.957	0.917	0.273	-0.096	0.667	0.664	-0.064	-0.076	0.804	0.802	-0.061
0.267	0.957	0.917	0.273	-0.096	0.667	0.664	-0.064	-0.076	0.805	0.803	-0.061
0.267	0.934	0.912	0.201	-0.096	0.667	0.664	-0.064	-0.076	0.788	0.786	-0.060
0.263	0.926	0.911	0.163	-0.096	0.667	0.664	-0.064	-0.077	0.781	0.779	-0.060
0.257	0.934	0.914	0.189	-0.096	0.667	0.664	-0.064	-0.076	0.787	0.785	-0.060
0.249	0.939	0.915	0.210	-0.096	0.667	0.664	-0.064	-0.076	0.791	0.789	-0.060
0.244	0.946	0.917	0.234	-0.096	0.665	0.662	-0.064	-0.075	0.796	0.794	-0.060
0.246	0.953	0.913	0.274	-0.096	0.665	0.662	-0.064	-0.076	0.802	0.800	-0.061
0.245	0.941	0.901	0.273	-0.096	0.663	0.660	-0.064	-0.076	0.793	0.791	-0.060
0.243	0.940	0.913	0.225	-0.096	0.663	0.660	-0.064	-0.076	0.791	0.789	-0.060
0.242	0.946	0.912	0.249	-0.096	0.663	0.660	-0.064	-0.076	0.795	0.793	-0.060
0.242	0.942	0.912	0.238	-0.096	0.663	0.660	-0.064	-0.076	0.793	0.791	-0.060
0.246	0.937	0.903	0.250	-0.096	0.663	0.660	-0.063	-0.076	0.789	0.787	-0.060
0.265	0.938	0.899	0.266	-0.096	0.663	0.660	-0.063	-0.076	0.790	0.788	-0.060
0.273	0.939	0.902	0.258	-0.095	0.663	0.660	-0.063	-0.075	0.790	0.788	-0.059
0.280	0.938	0.892	0.290	-0.094	0.663	0.660	-0.062	-0.073	0.791	0.789	-0.058
0.282	0.945	0.898	0.296	-0.094	0.663	0.660	-0.062	-0.074	0.796	0.794	-0.059
0.284	0.934	0.889	0.286	-0.094	0.663	0.660	-0.062	-0.074	0.788	0.786	-0.058
0.286	0.925	0.889	0.255	-0.095	0.659	0.656	-0.062	-0.074	0.780	0.778	-0.058
0.287	0.933	0.898	0.251	-0.095	0.659	0.656	-0.062	-0.075	0.785	0.783	-0.059
0.288	0.932	0.899	0.246	-0.096	0.655	0.652	-0.063	-0.075	0.783	0.781	-0.059
0.282	0.924	0.904	0.192	-0.096	0.655	0.652	-0.063	-0.076	0.777	0.775	-0.059
0.276	0.929	0.909	0.186	-0.096	0.655	0.652	-0.063	-0.077	0.779	0.777	-0.060
0.269	0.936	0.913	0.203	-0.096	0.655	0.652	-0.063	-0.076	0.785	0.783	-0.060
0.247	0.936	0.891	0.284	-0.096	0.655	0.652	-0.063	-0.076	0.787	0.785	-0.060
0.249	0.943	0.900	0.284	-0.096	0.655	0.652	-0.063	-0.076	0.792	0.790	-0.060
0.254	0.951	0.899	0.310	-0.096	0.655	0.652	-0.063	-0.075	0.798	0.796	-0.060
0.257	0.960	0.913	0.294	-0.096	0.655	0.652	-0.063	-0.075	0.803	0.801	-0.060
0.258	0.959	0.920	0.271	-0.096	0.655	0.652	-0.063	-0.076	0.802	0.800	-0.061
0.265	0.961	0.925	0.260	-0.096	0.655	0.652	-0.063	-0.076	0.803	0.801	-0.061
0.265	0.956	0.936	0.196	-0.096	0.655	0.652	-0.063	-0.076	0.799	0.797	-0.061
0.263	0.951	0.932	0.188	-0.096	0.655	0.652	-0.063	-0.077	0.795	0.793	-0.061
0.268	0.930	0.901	0.230	-0.096	0.655	0.652	-0.063	-0.075	0.782	0.780	-0.059
0.267	0.930	0.907	0.208	-0.096	0.655	0.652	-0.063	-0.077	0.782	0.780	-0.060
0.239	0.932	0.914	0.184	-0.097	0.655	0.652	-0.063	-0.077	0.778	0.776	-0.060
0.219	0.944	0.923	0.200	-0.099	0.655	0.652	-0.065	-0.078	0.787	0.785	-0.061
0.213	0.937	0.913	0.210	-0.099	0.655	0.652	-0.065	-0.078	0.786	0.784	-0.061
0.213	0.928	0.906	0.200	-0.099	0.655	0.652	-0.065	-0.078	0.780	0.778	-0.061
0.213	0.920	0.904	0.168	-0.099	0.655	0.652	-0.065	-0.079	0.773	0.771	-0.061
0.210	0.928	0.906	0.200	-0.099	0.655	0.652	-0.065	-0.078	0.780	0.778	-0.061
0.207	0.939	0.915	0.207	-0.099	0.655	0.652	-0.065	-0.079	0.787	0.785	-0.062
0.205	0.941	0.913	0.228	-0.101	0.655	0.652	-0.066	-0.080	0.790	0.787	-0.063
0.218	0.930	0.895	0.254	-0.101	0.655	0.652	-0.066	-0.079	0.782	0.780	-0.062
0.227	0.924	0.889	0.250	-0.101	0.655	0.652	-0.066	-0.080	0.778	0.776	-0.062
0.233	0.922	0.893	0.228	-0.101	0.655	0.652	-0.066	-0.080	0.776	0.774	-0.062
0.229	0.914	0.903	0.142	-0.101	0.655	0.652	-0.066	-0.081	0.770	0.767	-0.062
0.216	0.931	0.917	0.159	-0.101	0.655	0.652	-0.066	-0.081	0.775	0.772	-0.063
0.216	0.932	0.904	0.229	-0.101	0.655	0.652	-0.066	-0.079	0.783	0.781	-0.062
0.221	0.937	0.904	0.245	-0.101	0.655	0.652	-0.066	-0.079	0.786	0.784	-0.062
0.219	0.918	0.898	0.192	-0.100	0.659	0.656	-0.066	-0.080	0.774	0.772	-0.062
0.215	0.904	0.889	0.165	-0.100	0.659	0.656	-0.066	-0.080	0.764	0.762	-0.061
0.207	0.905	0.890	0.159	-0.098	0.659	0.656	-0.065	-0.079	0.764	0.762	-0.060
0.181	0.911	0.904	0.115	-0.098	0.659	0.656	-0.065	-0.079	0.768	0.766	-0.061
0.180	0.922	0.899	0.200	-0.097	0.659	0.656	-0.064	-0.078	0.771	0.769	-0.060
0.197	0.932	0.900	0.245	-0.096	0.663	0.660	-0.064	-0.075	0.786	0.784	-0.059
0.192	0.943	0.925	0.181	-0.096	0.663	0.660	-0.064	-0.077	0.792	0.790	-0.061
0.189	0.941	0.927	0.160	-0.096	0.663	0.660	-0.064	-0.077	0.790	0.788	-0.061
0.189	0.945	0.917	0.227	-0.096	0.663	0.660	-0.064	-0.077	0.794	0.792	-0.061
0.198	0.949	0.902	0.294	-0.096	0.663	0.660	-0.064	-0.075	0.798	0.796	-0.060
0.229	0.935	0.894	0.275	-0.096	0.663	0.660	-0.064	-0.076	0.790	0.788	-0.060
0.229	0.935	0.894	0.275	-0.096	0.663	0.660	-0.064	-0.075	0.789	0.787	-0.059
0.248	0.935	0.910	0.214	-0.096	0.663	0.660	-0.064	-0.076	0.787	0.785	-0.060
0.247	0.942	0.908	0.252	-0.096	0.663	0.660	-0.064	-0.076	0.793	0.791	-0.060
0.248	0.941	0.904	0.260	-0.096	0.663	0.660	-0.064	-0.076	0.792	0.790	-0.060
0.254	0.936	0.898	0.264	-0.096	0.663	0.660	-0.064	-0.076	0.789	0.787	-0.060
0.265	0.938	0.902	0.257	-0.096	0.663	0.660	-0.064	-0.076	0.790	0.788	-0.060
0.271	0.926	0.890	0.254	-0.096	0.663	0.660	-0.064	-0.075	0.782	0.780	-0.059
0.270	0.916	0.881	0.249	-0.097	0.663	0.660	-0.064	-0.076	0.775	0.773	-0.059
0.271	0.907	0.855	0.301	-0.096	0.665	0.662	-0.064	-0.075	0.771	0.769	-0.058
0.275	0.917	0.854	0.333	-0.096	0.665	0.662	-0.064	-0.075	0.779	0.777	-0.058
0.283	0.917	0.873	0.279	-0.096	0.665	0.662	-0.064	-0.076	0.777	0.775	-0.059
0.285	0.915	0.892	0.204	-0.096	0.665	0.662	-0.064	-0.076	0.774	0.772	-0.059
0.270	0.920	0.903	0.178	-0.096	0.665	0.662	-0.064	-0.077	0.771	0.769	-0.059
0.264	0.925	0.908	0.175	-0.096	0.665	0.662	-0.064	-0.077	0.780	0.778	-0.060
0.257	0.929	0.906	0.205	-0.096	0.663	0.660	-0.064	-0.077	0.783	0.781	-0.060
0.257	0.924	0.874	0.299	-0.096	0.663	0.660	-0.064	-0.075	0.783	0.781	-0.059
0.255	0.924	0.882	0.275	-0.094	0.663	0.660	-0.062	-0.074	0.781	0.779	-0.058
0.240	0.918	0.907	0.145	-0.092	0.663	0.660	-0.061	-0.075	0.773	0.771	-0.058
0.240	0.918	0.907	0.145	-0.092	0.663	0.660	-0.061	-0.074	0.775	0.773	-0.057
0.237	0.910	0.897	0.156	-0.092	0.663	0.660	-0.061	-0.074	0.770	0.768	-0.057
0.237	0.909	0.886	0.199	-0.092	0.663	0.660	-0.061	-0.073	0.769	0.767	-0.056
0.244	0.917	0.874	0.278	-0.092	0.663	0.660	-0.061	-0.072	0.777	0.775	-0.056
0.254	0.921	0.888	0.245	-0.092	0.663	0.660	-0.061	-0.073	0.773	0.771	-0.056
0.253	0.923	0.895	0.228	-0.092	0.663	0.660	-0.061	-0.073	0.780	0.778	-0.057
0.248	0.916	0.888	0.225	-0.092	0.663	0.660	-0.061	-0.072	0.775	0.773	-0.056
0.242	0.919	0.888	0.235	-0.092	0.663	0.660	-0.061	-0.072	0.777	0.775	-0.056
0.241	0.930	0.903	0.222	-0.092	0.663	0.660	-0.061	-0.073	0.784	0.782	-0.057
0.247	0.941	0.912	0.230	-0.092	0.663	0.660	-0.061	-0.073	0.792	0.790	-0.058
0.257	0.947	0.908	0.270	-0.092	0.663	0.660	-0.061	-0.073	0.797	0.795	-0.058
0.268	0.955	0.906	0.302	-0.092	0.663	0.660	-0.061	-0.072	0.803	0.801	-0.058
0.270	0.959	0.913	0.292	-0.093	0.663	0.660	-0.062	-0.073	0.805	0.803	-0.059
0.271	0.946	0.907	0.268	-0.093	0.663	0.660	-0.062	-0.073	0.796	0.794	-0.058
0.273	0.926	0.889	0.256	-0.095	0.663	0.660	-0.063	-0.075	0.789	0.787	-0.059
0.274	0.917	0.891	0.217	-0.095	0.663	0.660	-0.063	-0.074	0.782	0.780	-0.058
0.270	0.916	0.900	0.170	-0.096	0.663	0.660	-0.063	-0.076	0.775	0.773	-0.059
0.262	0.920	0.908	0.149	-0.096	0.663	0.660	-0.063	-0.076	0.776	0.774	-0.059
0.256	0.929	0.911	0.183	-0.098	0.663	0.660	-0.065	-0.078	0.783	0.781	-0.061
0.253	0.927	0.894	0.247	-0.098	0.663	0.660	-0.065	-0.078	0.783	0.781	-0.061
0.248	0.936	0.903	0.247	-0.100	0.663	0.660	-0.066	-0.080	0.790	0.787	-0.063
0.242	0.929	0.908	0.194	-0.100	0.663	0.660	-0.066	-0.081	0.783	0.780	-0.063
0.232	0.924	0.908	0.170	-0.098	0.665	0.662	-0.065	-0.078	0.780	0.778	-0.061
0.221	0.923	0.907	0.173	-0.098	0.665	0.662	-0.065	-0.078	0.779	0.777	-0.061
0.215	0.916	0.889	0.221	-0.100	0.667	0.664	-0.067	-0.080	0.776	0.774	-0.062
0.210	0.904	0.879	0.213	-0.100	0.667	0.664	-0.067	-0.079	0.768	0.766	-0.061
0.216	0.903	0.879	0.208	-0.100	0.667	0.664	-0.067	-0.080	0.767	0.765	-0.061
0.220	0.924	0.895	0.229	-0.100	0.667	0.664	-0.067	-0.080	0.767	0.765	-0.061
0.220	0.923	0.894	0.230	-0.100	0.667	0.664	-0.067	-0.079	0.781	0.779	-0.062
0.215	0.939	0.921	0.183	-0.100	0.667	0.664	-0.067	-0.080	0.792	0.789	-0.063
0.213	0.948	0.915	0.249	-0.100	0.667	0.664	-0.067	-0.079	0.798	0.796	-0.063
0.224	0.949	0.888	0.334	-0.100	0.667	0.664	-0.067	-0.079	0.801	0.799	-0.063
0.244	0.946	0.871	0.369	-0.100	0.667	0.664	-0.067	0.446	0.799	0.721	0.345
0.263	0.949	0.871	0.378	-0.100	0.667	0.664	-0.067	0.456	0.804	0.722	0.354
0.278	0.944	0.892	0.309	-0.100	0.667	0.664	-0.067	-0.079	0.797	0.795	-0.063
0.290	0.939	0.889	0.303	-0.100	0.667	0.664	-0.067	-0.078	0.793	0.791	-0.062
0.309	0.920	0.881	0.265	-0.100	0.667	0.664	-0.067	-0.079	0.787	0.785	-0.062
0.319	0.943	0.923	0.194	-0.098	0.667	0.664	-0.065	-0.080	0.780	0.778	-0.062
0.319	0.943	0.923	0.194	-0.098	0.667	0.664	-0.065	-0.078	0.794	0.792	-0.062
0.301	0.942	0.928	0.161	-0.097	0.667	0.664	-0.064	-0.077	0.792	0.790	-0.061
0.254	0.939	0.926	0.154	-0.098	0.665	0.662	-0.065	-0.079	0.790	0.788	-0.062
0.254	0.939	0.926	0.154	-0.098	0.665	0.662	-0.065	-0.079	0.789	0.787	-0.062
0.238	0.936	0.922	0.159	-0.098	0.665	0.662	-0.065	-0.079	0.787	0.785	-0.062
0.225	0.939	0.921	0.185	-0.098	0.665	0.662	-0.065	-0.079	0.790	0.788	-0.062
0.213	0.937	0.920	0.182	-0.097	0.663	0.660	-0.064	-0.077	0.789	0.787	-0.061
0.203	0.937	0.910	0.224	-0.097	0.663	0.660	-0.064	-0.077	0.789	0.787	-0.061
0.200	0.945	0.914	0.238	-0.097	0.663	0.660	-0.064	-0.077	0.794	0.792	-0.061
0.203	0.943	0.909	0.251	-0.098	0.659	0.656	-0.064	-0.077	0.792	0.790	-0.061
0.213	0.936	0.885	0.304	-0.098	0.659	0.656	-0.064	-0.076	0.789	0.787	-0.060
0.230	0.945	0.892	0.313	-0.098	0.659	0.656	-0.064	-0.077	0.795	0.793	-0.061
0.247	0.950	0.910	0.271	-0.098	0.659	0.656	-0.064	-0.077	0.797	0.795	-0.061
0.259	0.951	0.910	0.275	-0.097	0.659	0.656	-0.064	-0.076	0.798	0.796	-0.061
0.268	0.951	0.911	0.273	-0.097	0.659	0.656	-0.064	-0.076	0.798	0.796	-0.061
0.278	0.946	0.898	0.298	-0.098	0.659	0.656	-0.064	-0.077	0.795	0.793	-0.061
0.291	0.940	0.887	0.312	-0.098	0.659	0.656	-0.064	-0.076	0.792	0.790	-0.060
0.300	0.935	0.885	0.301	-0.097	0.663	0.660	-0.064	-0.076	0.789	0.787	-0.060
0.315	0.943	0.888	0.318	-0.097	0.663	0.660	-0.064	-0.076	0.795	0.793	-0.060
0.317	0.950	0.899	0.305	-0.097	0.663	0.660	-0.064	-0.076	0.799	0.797	-0.061
0.319	0.945	0.902	0.282	-0.097	0.663	0.660	-0.064	-0.077	0.796	0.794	-0.061
0.316	0.936	0.901	0.251	-0.097	0.663	0.660	-0.064	-0.076	0.788	0.786	-0.060
0.312	0.940	0.912	0.227	-0.096	0.663	0.660	-0.064	-0.076	0.791	0.789	-0.060
0.308	0.930	0.901	0.231	-0.096	0.663	0.660	-0.064	-0.077	0.784	0.782	-0.060
0.302	0.921	0.901	0.187	-0.096	0.663	0.660	-0.064	-0.077	0.777	0.775	-0.060
0.292	0.921	0.888	0.243	-0.096	0.665	0.662	-0.064	-0.076	0.779	0.777	-0.059
0.284	0.926	0.898	0.224	-0.096	0.667	0.664	-0.064	-0.075	0.782	0.780	-0.059
0.271	0.931	0.914	0.177	-0.096	0.667	0.664	-0.064	-0.076	0.785	0.783	-0.060
0.256	0.932	0.912	0.190	-0.096	0.667	0.664	-0.064	-0.076	0.786	0.784	-0.060
0.243	0.938	0.926	0.152	-0.096	0.667	0.664	-0.064	-0.077	0.790	0.788	-0.061
0.221	0.937	0.911	0.221	-0.096	0.667	0.664	-0.064	-0.075	0.797	0.795	-0.060
0.222	0.919	0.887	0.243	-0.096	0.667	0.664	-0.064	-0.076	0.779	0.777	-0.059
0.231	0.933	0.910	0.207	-0.096	0.667	0.664	-0.064	-0.076	0.778	0.776	-0.059
0.231	0.933	0.910	0.207	-0.096	0.667	0.664	-0.064	-0.075	0.784	0.782	-0.059
0.232	0.934	0.915	0.189	-0.096	0.665	0.662	-0.064	-0.076	0.787	0.785	-0.060
0.235	0.940	0.911	0.231	-0.096	0.665	0.662	-0.064	-0.076	0.792	0.790	-0.060
0.238	0.935	0.914	0.195	-0.096	0.665	0.662	-0.064	-0.076	0.787	0.785	-0.060
0.242	0.940	0.909	0.238	-0.096	0.663	0.660	-0.064	-0.076	0.791	0.789	-0.060
0.244	0.930	0.901	0.230	-0.096	0.663	0.660	-0.064	-0.077	0.784	0.782	-0.060
0.252	0.941	0.894	0.292	-0.096	0.663	0.660	-0.064	-0.076	0.793	0.791	-0.060
0.254	0.936	0.896	0.271	-0.096	0.663	0.660	-0.064	-0.076	0.789	0.787	-0.060
0.253	0.938	0.904	0.250	-0.096	0.663	0.660	-0.064	-0.076	0.790	0.788	-0.060
0.256	0.933	0.895	0.261	-0.096	0.663	0.660	-0.064	-0.075	0.787	0.785	-0.059
0.263	0.923	0.890	0.245	-0.096	0.663	0.660	-0.064	-0.076	0.780	0.778	-0.059
0.270	0.919	0.887	0.240	-0.096	0.663	0.660	-0.064	-0.076	0.777	0.775	-0.059
0.271	0.920	0.897	0.208	-0.096	0.663	0.660	-0.064	-0.076	0.778	0.776	-0.059
0.270	0.918	0.902	0.170	-0.096	0.663	0.660	-0.064	-0.076	0.775	0.773	-0.059
0.266	0.927	0.907	0.192	-0.096	0.663	0.660	-0.064	-0.077	0.782	0.780	-0.060
0.247	0.928	0.913	0.165	-0.096	0.663	0.660	-0.064	-0.077	0.779	0.777	-0.060
0.247	0.928	0.913	0.165	-0.096	0.663	0.660	-0.064	-0.077	0.782	0.780	-0.060
0.223	0.931	0.914	0.173	-0.096	0.663	0.660	-0.064	-0.077	0.783	0.781	-0.060
0.215	0.937	0.919	0.180	-0.096	0.663	0.660	-0.064	-0.076	0.788	0.786	-0.060
0.206	0.922	0.904	0.177	-0.096	0.663	0.660	-0.064	-0.077	0.777	0.775	-0.060
0.199	0.929	0.909	0.193	-0.096	0.663	0.660	-0.064	-0.077	0.783	0.781	-0.060
0.197	0.924	0.902	0.201	-0.096	0.663	0.660	-0.064	-0.077	0.780	0.778	-0.060
0.199	0.920	0.893	0.220	-0.096	0.663	0.660	-0.064	-0.076	0.777	0.775	-0.059
0.206	0.929	0.891	0.263	-0.096	0.663	0.660	-0.064	-0.075	0.784	0.782	-0.059
0.215	0.929	0.887	0.275	-0.096	0.663	0.660	-0.064	-0.075	0.784	0.782	-0.059
0.228	0.932	0.892	0.270	-0.096	0.663	0.660	-0.064	-0.075	0.787	0.785	-0.059
0.240	0.931	0.893	0.262	-0.096	0.663	0.660	-0.064	-0.075	0.785	0.783	-0.059
0.239	0.923	0.887	0.253	-0.096	0.663	0.660	-0.064	-0.076	0.787	0.785	-0.060
0.239	0.923	0.887	0.253	-0.096	0.663	0.660	-0.064	-0.076	0.780	0.778	-0.059
0.243	0.918	0.866	0.304	-0.096	0.663	0.660	-0.064	-0.075	0.778	0.776	-0.058
0.245	0.920	0.864	0.317	-0.096	0.663	0.660	-0.064	-0.074	0.780	0.778	-0.058
0.249	0.925	0.882	0.280	-0.096	0.663	0.660	-0.064	-0.075	0.782	0.780	-0.059
0.254	0.946	0.910	0.256	-0.096	0.663	0.660	-0.064	-0.076	0.795	0.793	-0.060
0.260	0.943	0.907	0.254	-0.096	0.663	0.660	-0.064	-0.076	0.793	0.791	-0.060
0.270	0.926	0.892	0.248	-0.096	0.663	0.660	-0.064	-0.075	0.782	0.780	-0.059
0.270	0.925	0.907	0.182	-0.096	0.663	0.660	-0.063	-0.075	0.775	0.773	-0.058
0.260	0.928	0.910	0.184	-0.096	0.663	0.660	-0.063	-0.077	0.782	0.780	-0.060
0.254	0.921	0.900	0.195	-0.096	0.663	0.660	-0.063	-0.076	0.777	0.775	-0.059
0.241	0.916	0.905	0.140	-0.095	0.659	0.656	-0.063	-0.076	0.772	0.770	-0.059
0.234	0.927	0.912	0.161	-0.095	0.659	0.656	-0.063	-0.076	0.779	0.777	-0.059
0.228	0.926	0.902	0.208	-0.096	0.655	0.652	-0.063	-0.076	0.778	0.776	-0.059
0.224	0.922	0.894	0.222	-0.095	0.655	0.652	-0.062	-0.075	0.776	0.774	-0.058
0.224	0.922	0.876	0.288	-0.095	0.655	0.652	-0.062	-0.075	0.778	0.776	-0.058
0.229	0.915	0.885	0.230	-0.095	0.655	0.652	-0.062	-0.075	0.771	0.769	-0.058
0.231	0.925	0.904	0.195	-0.094	0.655	0.652	-0.061	-0.075	0.778	0.776	-0.058
0.228	0.934	0.916	0.181	-0.094	0.655	0.652	-0.061	-0.074	0.783	0.781	-0.058
0.230	0.936	0.913	0.209	-0.092	0.655	0.652	-0.060	-0.073	0.786	0.784	-0.057
0.239	0.944	0.912	0.244	-0.092	0.655	0.652	-0.060	-0.073	0.792	0.790	-0.058
0.248	0.931	0.891	0.268	-0.092	0.655	0.652	-0.060	-0.073	0.783	0.781	-0.057
0.258	0.914	0.874	0.268	-0.092	0.655	0.652	-0.060	-0.073	0.772	0.770	-0.056
0.266	0.938	0.901	0.263	-0.094	0.655	0.652	-0.061	-0.072	0.776	0.774	-0.056
0.278	0.931	0.873	0.323	-0.096	0.655	0.652	-0.062	-0.074	0.795	0.793	-0.059
0.295	0.942	0.880	0.338	-0.096	0.655	0.652	-0.063	-0.074	0.793	0.791	-0.059
0.317	0.949	0.889	0.332	-0.096	0.655	0.652	-0.063	-0.074	0.797	0.795	-0.059
0.317	0.949	0.889	0.332	-0.096	0.655	0.652	-0.063	-0.075	0.797	0.795	-0.060
0.322	0.948	0.895	0.312	-0.096	0.655	0.652	-0.063	-0.075	0.796	0.794	-0.060
0.322	0.948	0.907	0.275	-0.098	0.655	0.652	-0.064	-0.076	0.795	0.793	-0.060
0.322	0.957	0.914	0.283	-0.098	0.655	0.652	-0.064	-0.077	0.801	0.799	-0.062
0.322	0.947	0.913	0.254	-0.100	0.655	0.652	-0.066	-0.079	0.795	0.792	-0.063
0.320	0.954	0.926	0.230	-0.100	0.655	0.652	-0.066	-0.079	0.798	0.796	-0.063
0.317	0.940	0.896	0.284	-0.101	0.655	0.652	-0.066	-0.080	0.790	0.787	-0.063
0.314	0.933	0.885	0.293	-0.101	0.655	0.652	-0.066	-0.079	0.785	0.783	-0.062
0.314	0.925	0.872	0.308	-0.103	0.655	0.652	-0.068	-0.081	0.781	0.778	-0.063
0.306	0.945	0.924	0.197	-0.103	0.655	0.652	-0.068	-0.082	0.792	0.789	-0.065
0.291	0.977	0.966	0.146	-0.103	0.655	0.652	-0.068	-0.083	0.813	0.810	-0.067
0.277	0.983	0.971	0.151	-0.107	0.655	0.652	-0.070	-0.086	0.816	0.813	-0.070
0.266	0.978	0.962	0.178	-0.110	0.656	0.652	-0.072	-0.087	0.814	0.811	-0.071
0.258	0.972	0.948	0.215	-0.110	0.656	0.652	-0.072	-0.088	0.810	0.807	-0.071
0.247	0.973	0.967	0.105	-0.110	0.656	0.652	-0.072	-0.089	0.809	0.806	-0.072
0.227	0.973	0.971	0.071	-0.110	0.656	0.652	-0.072	-0.089	0.809	0.806	-0.072
0.202	0.965	0.963	0.059	-0.119	0.656	0.652	-0.078	-0.097	0.804	0.800	-0.078
0.174	0.965	0.958	0.111	-0.119	0.656	0.652	-0.078	-0.096	0.804	0.800	-0.077
0.151	0.948	0.936	0.153	-0.119	0.656	0.652	-0.078	-0.096	0.794	0.790	-0.076
0.136	0.937	0.931	0.112	-0.124	0.661	0.656	-0.082	-0.101	0.787	0.783	-0.079
0.131	0.927	0.923	0.084	-0.124	0.661	0.656	-0.082	-0.100	0.780	0.776	-0.078
0.120	0.922	0.919	0.071	-0.124	0.661	0.656	-0.082	-0.101	0.776	0.772	-0.078
0.105	0.914	0.910	0.085	-0.124	0.659	0.654	-0.082	-0.100	0.770	0.766	-0.077
0.097	0.907	0.906	0.041	-0.124	0.659	0.654	-0.082	-0.101	0.765	0.761	-0.077
0.100	0.933	0.926	0.115	-0.129	0.649	0.643	-0.083	-0.105	0.765	0.761	-0.080
0.100	0.933	0.926	0.115	-0.129	0.649	0.643	-0.083	-0.104	0.780	0.776	-0.081
0.102	0.934	0.929	0.098	-0.133	0.645	0.639	-0.085	-0.107	0.779	0.775	-0.083
0.104	0.944	0.935	0.125	-0.133	0.645	0.639	-0.085	-0.107	0.786	0.781	-0.084
0.103	0.928	0.921	0.112	-0.133	0.644	0.639	-0.085	-0.107	0.778	0.774	-0.083
0.105	0.928	0.921	0.113	-0.133	0.644	0.639	-0.085	-0.107	0.775	0.771	-0.083
0.106	0.906	0.905	0.046	-0.129	0.649	0.643	-0.083	-0.105	0.761	0.757	-0.080
0.104	0.919	0.919	0.039	-0.129	0.649	0.643	-0.083	-0.105	0.770	0.766	-0.081
0.099	0.903	0.903	-0.003	-0.125	0.654	0.649	-0.081	-0.103	0.761	0.757	-0.078
0.091	0.902	0.902	0.010	-0.125	0.654	0.649	-0.081	-0.103	0.760	0.756	-0.078
0.086	0.914	0.911	0.073	-0.122	0.654	0.649	-0.079	-0.099	0.769	0.765	-0.076
0.087	0.932	0.921	0.143	-0.122	0.654	0.649	-0.079	-0.099	0.782	0.778	-0.077
0.087	0.938	0.924	0.159	-0.122	0.646	0.642	-0.079	-0.097	0.783	0.779	-0.076
0.087	0.933	0.923	0.134	-0.122	0.646	0.642	-0.079	-0.098	0.780	0.776	-0.076
0.087	0.917	0.909	0.122	-0.122	0.646	0.641	-0.079	-0.099	0.769	0.765	-0.076
0.084	0.909	0.903	0.100	-0.122	0.646	0.641	-0.079	-0.098	0.763	0.759	-0.075
0.102	0.933	0.920	0.157	-0.123	0.646	0.641	-0.079	-0.099	0.771	0.767	-0.076
0.120	0.948	0.928	0.191	-0.123	0.646	0.641	-0.079	-0.099	0.790	0.786	-0.078
0.131	0.941	0.931	0.139	-0.123	0.646	0.641	-0.079	-0.100	0.785	0.781	-0.078
0.134	0.936	0.929	0.109	-0.121	0.652	0.647	-0.079	-0.099	0.783	0.779	-0.077
0.130	0.938	0.930	0.121	-0.121	0.652	0.647	-0.079	-0.098	0.785	0.781	-0.077
0.124	0.926	0.920	0.101	-0.120	0.652	0.647	-0.078	-0.097	0.776	0.772	-0.075
0.122	0.919	0.914	0.092	-0.120	0.652	0.647	-0.078	-0.097	0.772	0.768	-0.075
0.124	0.929	0.924	0.100	-0.119	0.652	0.647	-0.077	-0.096	0.779	0.775	-0.075
0.125	0.943	0.936	0.112	-0.119	0.652	0.647	-0.077	-0.095	0.788	0.784	-0.075
0.124	0.942	0.935	0.112	-0.118	0.652	0.647	-0.077	-0.095	0.787	0.783	-0.075
0.102	0.935	0.929	0.105	-0.118	0.652	0.647	-0.077	-0.096	0.782	0.778	-0.075
0.098	0.922	0.917	0.099	-0.118	0.652	0.647	-0.077	-0.096	0.774	0.770	-0.074
0.095	0.930	0.927	0.069	-0.117	0.652	0.647	-0.076	-0.095	0.779	0.775	-0.074
0.088	0.928	0.927	0.036	-0.117	0.652	0.647	-0.076	-0.095	0.777	0.773	-0.074
0.074	0.932	0.929	0.064	-0.117	0.652	0.647	-0.076	-0.095	0.781	0.777	-0.074
0.074	0.932	0.929	0.064	-0.117	0.652	0.647	-0.076	-0.095	0.781	0.777	-0.074
0.072	0.946	0.941	0.096	-0.117	0.652	0.647	-0.076	-0.095	0.790	0.786	-0.075
0.071	0.939	0.938	0.051	-0.117	0.652	0.647	-0.076	-0.096	0.785	0.781	-0.075
0.069	0.939	0.936	0.075	-0.117	0.648	0.644	-0.076	-0.095	0.784	0.780	-0.074
0.068	0.936	0.935	0.050	-0.117	0.648	0.644	-0.076	-0.095	0.782	0.778	-0.074
0.064	0.946	0.945	0.053	-0.116	0.648	0.644	-0.075	-0.094	0.788	0.785	-0.074
0.065	0.938	0.934	0.085	-0.116	0.648	0.644	-0.075	-0.093	0.783	0.780	-0.073
0.072	0.935	0.929	0.103	-0.114	0.648	0.644	-0.074	-0.092	0.781	0.778	-0.072
0.078	0.939	0.938	0.055	-0.114	0.648	0.644	-0.074	-0.093	0.784	0.781	-0.073
0.080	0.943	0.941	0.060	-0.116	0.648	0.643	-0.075	-0.094	0.786	0.783	-0.074
0.073	0.939	0.938	0.039	-0.116	0.648	0.643	-0.075	-0.095	0.784	0.780	-0.074
0.070	0.943	0.941	0.061	-0.117	0.648	0.643	-0.076	-0.095	0.787	0.783	-0.075
0.069	0.925	0.923	0.050	-0.117	0.648	0.643	-0.076	-0.096	0.774	0.770	-0.074
0.067	0.933	0.931	0.051	-0.120	0.648	0.643	-0.078	-0.098	0.779	0.775	-0.076
0.066	0.953	0.953	0.021	-0.120	0.648	0.643	-0.078	-0.099	0.793	0.789	-0.078
0.059	0.958	0.958	0.011	-0.122	0.652	0.647	-0.079	-0.100	0.798	0.794	-0.080
0.057	0.950	0.944	0.104	-0.122	0.652	0.647	-0.079	-0.099	0.793	0.789	-0.078
0.060	0.940	0.929	0.143	-0.122	0.652	0.647	-0.079	-0.098	0.786	0.782	-0.077
0.069	0.922	0.920	0.057	-0.122	0.652	0.647	-0.079	-0.099	0.777	0.773	-0.077
0.068	0.927	0.926	0.051	-0.119	0.652	0.647	-0.078	-0.100	0.773	0.769	-0.077
0.068	0.927	0.926	0.051	-0.121	0.652	0.647	-0.079	-0.098	0.777	0.773	-0.076
0.071	0.928	0.924	0.089	-0.121	0.652	0.647	-0.079	-0.098	0.778	0.774	-0.076
0.083	0.921	0.916	0.101	-0.121	0.652	0.647	-0.079	-0.098	0.774	0.770	-0.076
0.090	0.916	0.909	0.116	-0.122	0.652	0.647	-0.079	-0.099	0.770	0.766	-0.076
0.087	0.917	0.916	0.041	-0.122	0.652	0.647	-0.079	-0.100	0.770	0.766	-0.077
0.065	0.924	0.923	0.031	-0.122	0.652	0.647	-0.079	-0.100	0.774	0.770	-0.077
0.058	0.929	0.929	-0.002	-0.122	0.652	0.647	-0.079	-0.100	0.778	0.774	-0.078
0.059	0.923	0.921	0.053	-0.122	0.652	0.647	-0.079	-0.098	0.774	0.770	-0.076
0.062	0.921	0.918	0.070	-0.120	0.652	0.647	-0.078	-0.097	0.773	0.769	-0.075
0.060	0.929	0.928	0.031	-0.120	0.652	0.647	-0.078	-0.098	0.778	0.774	-0.076
0.059	0.938	0.934	0.087	-0.120	0.652	0.647	-0.078	-0.097	0.785	0.781	-0.076
0.056	0.940	0.936	0.089	-0.117	0.652	0.647	-0.076	-0.094	0.785	0.782	-0.074
0.055	0.936	0.928	0.124	-0.117	0.652	0.647	-0.076	-0.095	0.784	0.780	-0.074
0.059	0.925	0.919	0.110	-0.116	0.652	0.647	-0.075	-0.094	0.776	0.773	-0.073
0.064	0.921	0.921	0.027	-0.116	0.652	0.647	-0.075	-0.095	0.772	0.769	-0.073
0.064	0.926	0.926	-0.012	-0.116	0.652	0.647	-0.075	-0.096	0.776	0.772	-0.074
0.064	0.932	0.932	0.019	-0.118	0.652	0.647	-0.077	-0.096	0.780	0.776	-0.075
0.063	0.926	0.924	0.069	-0.118	0.652	0.647	-0.077	-0.095	0.777	0.773	-0.074
0.073	0.930	0.923	0.112	-0.119	0.652	0.647	-0.077	-0.097	0.778	0.774	-0.075
0.081	0.943	0.922	0.197	-0.119	0.652	0.647	-0.077	-0.095	0.789	0.785	-0.075
0.091	0.954	0.928	0.221	-0.120	0.652	0.647	-0.078	-0.096	0.797	0.793	-0.076
0.102	0.954	0.923	0.242	-0.120	0.652	0.647	-0.078	-0.095	0.798	0.794	-0.076
0.121	0.949	0.917	0.244	-0.120	0.652	0.647	-0.078	-0.095	0.794	0.790	-0.075
0.145	0.959	0.927	0.244	-0.120	0.652	0.647	-0.078	-0.095	0.801	0.797	-0.076
0.168	0.959	0.929	0.237	-0.120	0.652	0.647	-0.078	-0.095	0.801	0.797	-0.076
0.182	0.971	0.962	0.131	-0.122	0.652	0.647	-0.079	-0.098	0.807	0.803	-0.079
0.201	0.937	0.911	0.221	-0.122	0.652	0.647	-0.079	-0.097	0.786	0.782	-0.076
0.207	0.938	0.928	0.139	-0.122	0.652	0.647	-0.079	-0.098	0.785	0.781	-0.077
0.203	0.930	0.922	0.122	-0.129	0.649	0.643	-0.083	-0.104	0.778	0.774	-0.081
0.191	0.937	0.933	0.089	-0.139	0.645	0.639	-0.089	-0.113	0.782	0.777	-0.088
0.180	0.940	0.932	0.117	-0.139	0.645	0.639	-0.089	-0.111	0.783	0.778	-0.087
0.169	0.938	0.920	0.181	-0.143	0.644	0.637	-0.092	-0.115	0.782	0.777	-0.090
0.164	0.924	0.910	0.160	-0.143	0.644	0.637	-0.092	-0.115	0.773	0.768	-0.089
0.162	0.917	0.885	0.242	-0.143	0.644	0.637	-0.092	-0.115	0.770	0.765	-0.088
0.169	0.917	0.891	0.214	-0.143	0.644	0.637	-0.092	-0.115	0.769	0.764	-0.088
0.180	0.923	0.888	0.254	-0.143	0.644	0.637	-0.092	-0.114	0.774	0.769	-0.088
0.197	0.922	0.856	0.343	-0.143	0.644	0.637	-0.092	0.426	0.775	0.706	0.320
0.269	0.934	0.884	0.301	-0.143	0.644	0.637	-0.092	0.414	0.796	0.729	0.320
0.296	0.925	0.894	0.237	-0.143	0.644	0.637	-0.092	-0.115	0.777	0.772	-0.089
0.305	0.922	0.874	0.292	-0.141	0.643	0.637	-0.090	-0.111	0.774	0.769	-0.086
0.317	0.926	0.870	0.316	-0.141	0.643	0.637	-0.090	0.389	0.777	0.719	0.295
0.331	0.926	0.848	0.371	-0.137	0.645	0.639	-0.088	0.461	0.780	0.699	0.347
0.344	0.923	0.853	0.353	-0.137	0.645	0.639	-0.088	0.439	0.777	0.703	0.330
0.348	0.910	0.858	0.303	-0.134	0.645	0.640	-0.086	-0.106	0.767	0.763	-0.081
0.344	0.902	0.832	0.348	-0.134	0.645	0.640	-0.086	0.444	0.755	0.682	0.324
0.339	0.905	0.858	0.288	-0.127	0.649	0.644	-0.082	-0.100	0.765	0.761	-0.076
0.351	0.905	0.848	0.315	-0.127	0.649	0.644	-0.082	0.399	0.756	0.697	0.294
0.356	0.900	0.868	0.238	-0.117	0.648	0.644	-0.076	-0.094	0.760	0.757	-0.071
0.346	0.906	0.870	0.250	-0.109	0.648	0.644	-0.071	-0.087	0.764	0.761	-0.066
0.337	0.902	0.861	0.268	-0.109	0.648	0.644	-0.071	-0.085	0.762	0.759	-0.065
0.331	0.894	0.847	0.285	-0.104	0.647	0.644	-0.067	-0.081	0.756	0.754	-0.061
0.327	0.922	0.877	0.282	-0.102	0.647	0.644	-0.066	-0.081	0.765	0.762	-0.062
0.327	0.922	0.877	0.282	-0.102	0.647	0.644	-0.066	-0.079	0.774	0.772	-0.061
0.320	0.883	0.868	0.164	-0.101	0.651	0.648	-0.066	-0.080	0.748	0.746	-0.060
0.311	0.881	0.873	0.117	-0.101	0.651	0.648	-0.066	-0.081	0.745	0.743	-0.060
0.294	0.892	0.886	0.106	-0.101	0.651	0.648	-0.066	-0.081	0.753	0.751	-0.061
0.274	0.892	0.880	0.148	-0.101	0.651	0.648	-0.066	-0.081	0.753	0.751	-0.061
0.261	0.909	0.881	0.225	-0.101	0.651	0.647	-0.066	-0.080	0.766	0.764	-0.061
0.257	0.916	0.858	0.321	-0.101	0.651	0.647	-0.066	-0.079	0.773	0.771	-0.061
0.248	0.906	0.873	0.239	-0.102	0.647	0.644	-0.066	-0.079	0.770	0.768	-0.061
0.248	0.906	0.873	0.239	-0.102	0.647	0.644	-0.066	-0.080	0.762	0.760	-0.061
0.240	0.897	0.873	0.206	-0.106	0.647	0.644	-0.068	-0.083	0.757	0.754	-0.063
0.232	0.903	0.885	0.181	-0.106	0.647	0.644	-0.068	-0.084	0.761	0.758	-0.064
0.232	0.915	0.892	0.205	-0.111	0.651	0.647	-0.072	-0.088	0.770	0.767	-0.068
0.255	0.919	0.898	0.196	-0.111	0.651	0.647	-0.072	-0.089	0.773	0.770	-0.069
0.262	0.921	0.899	0.197	-0.113	0.652	0.647	-0.073	-0.091	0.774	0.771	-0.070
0.264	0.913	0.885	0.224	-0.113	0.652	0.647	-0.073	-0.090	0.769	0.766	-0.069
0.257	0.911	0.874	0.257	-0.116	0.648	0.644	-0.075	-0.091	0.767	0.764	-0.070
0.250	0.916	0.876	0.270	-0.116	0.648	0.644	-0.075	-0.091	0.771	0.768	-0.070
0.247	0.909	0.880	0.227	-0.119	0.644	0.640	-0.076	-0.094	0.764	0.761	-0.072
0.249	0.908	0.873	0.251	-0.119	0.644	0.640	-0.076	-0.094	0.764	0.761	-0.072
0.255	0.912	0.872	0.266	-0.119	0.648	0.643	-0.077	-0.094	0.768	0.765	-0.072
0.260	0.893	0.863	0.228	-0.119	0.648	0.643	-0.077	-0.094	0.754	0.751	-0.071
0.258	0.883	0.855	0.223	-0.121	0.644	0.640	-0.078	-0.096	0.747	0.744	-0.072
0.257	0.884	0.863	0.192	-0.121	0.644	0.640	-0.078	-0.097	0.746	0.743	-0.072
0.257	0.887	0.863	0.203	-0.124	0.644	0.640	-0.079	-0.099	0.749	0.745	-0.074
0.274	0.901	0.870	0.235	-0.131	0.645	0.639	-0.084	-0.098	0.755	0.751	-0.074
0.274	0.904	0.875	0.229	-0.131	0.645	0.639	-0.084	-0.104	0.761	0.757	-0.079
0.272	0.904	0.867	0.256	-0.131	0.645	0.639	-0.084	-0.104	0.762	0.758	-0.079
0.270	0.909	0.862	0.288	-0.132	0.645	0.639	-0.085	-0.105	0.766	0.762	-0.080
0.278	0.912	0.870	0.273	-0.132	0.645	0.639	-0.085	-0.104	0.767	0.763	-0.080
0.274	0.899	0.876	0.202	-0.132	0.645	0.639	-0.085	-0.106	0.757	0.753	-0.080
0.270	0.894	0.866	0.223	-0.134	0.645	0.639	-0.086	-0.105	0.752	0.748	-0.079
0.270	0.894	0.866	0.223	-0.134	0.645	0.639	-0.086	-0.106	0.754	0.750	-0.080
0.270	0.897	0.861	0.250	-0.134	0.645	0.639	-0.086	-0.106	0.756	0.752	-0.080
0.271	0.901	0.874	0.219	-0.135	0.649	0.643	-0.087	-0.108	0.760	0.756	-0.082
0.267	0.890	0.874	0.168	-0.135	0.649	0.643	-0.087	-0.108	0.751	0.747	-0.081
0.261	0.893	0.870	0.201	-0.138	0.649	0.643	-0.089	-0.110	0.755	0.750	-0.083
0.259	0.899	0.863	0.253	-0.138	0.649	0.643	-0.089	-0.109	0.760	0.755	-0.083
0.257	0.895	0.852	0.276	-0.142	0.649	0.643	-0.092	-0.112	0.758	0.753	-0.085
0.262	0.908	0.846	0.329	-0.143	0.653	0.647	-0.093	0.415	0.761	0.696	0.307
0.283	0.897	0.845	0.303	-0.143	0.653	0.647	-0.093	0.386	0.749	0.694	0.282
0.297	0.920	0.905	0.167	-0.144	0.653	0.647	-0.093	-0.115	0.761	0.756	-0.087
0.296	0.919	0.898	0.195	-0.144	0.653	0.647	-0.093	-0.115	0.773	0.768	-0.089
0.291	0.916	0.892	0.207	-0.144	0.653	0.647	-0.093	-0.116	0.771	0.766	-0.089
0.271	0.904	0.877	0.218	-0.144	0.653	0.647	-0.093	-0.115	0.767	0.762	-0.088
0.271	0.904	0.877	0.218	-0.144	0.653	0.647	-0.093	-0.114	0.763	0.758	-0.087
0.258	0.886	0.865	0.193	-0.146	0.654	0.647	-0.095	-0.117	0.751	0.746	-0.088
0.244	0.879	0.858	0.190	-0.146	0.654	0.647	-0.095	-0.117	0.746	0.741	-0.087
0.230	0.874	0.847	0.214	-0.146	0.654	0.647	-0.095	-0.116	0.743	0.738	-0.086
0.233	0.886	0.838	0.285	-0.146	0.654	0.647	-0.095	-0.116	0.753	0.748	-0.087
0.244	0.895	0.842	0.303	-0.146	0.654	0.647	-0.095	0.387	0.746	0.691	0.282
0.270	0.913	0.860	0.306	-0.146	0.654	0.647	-0.095	-0.115	0.764	0.759	-0.088
0.270	0.913	0.860	0.306	-0.146	0.654	0.647	-0.095	0.382	0.764	0.709	0.285
0.277	0.912	0.877	0.250	-0.146	0.654	0.647	-0.095	-0.116	0.769	0.764	-0.089
0.277	0.907	0.876	0.235	-0.144	0.653	0.647	-0.093	-0.115	0.766	0.761	-0.088
0.280	0.903	0.871	0.238	-0.144	0.653	0.647	-0.093	-0.114	0.763	0.758	-0.087
0.283	0.889	0.863	0.215	-0.143	0.653	0.647	-0.093	-0.114	0.754	0.749	-0.086
0.281	0.866	0.850	0.166	-0.143	0.653	0.647	-0.093	-0.114	0.745	0.740	-0.085
0.281	0.866	0.850	0.166	-0.143	0.653	0.647	-0.093	-0.114	0.737	0.732	-0.084
0.271	0.898	0.861	0.255	-0.142	0.653	0.647	-0.092	-0.113	0.760	0.755	-0.086
0.264	0.915	0.888	0.217	-0.142	0.653	0.647	-0.092	-0.113	0.770	0.765	-0.087
0.255	0.919	0.892	0.223	-0.142	0.653	0.647	-0.092	-0.114	0.774	0.769	-0.088
0.242	0.898	0.885	0.153	-0.140	0.653	0.647	-0.091	-0.113	0.771	0.766	-0.087
0.242	0.898	0.885	0.153	-0.140	0.653	0.647	-0.091	-0.114	0.758	0.753	-0.086
0.239	0.895	0.868	0.220	-0.140	0.653	0.647	-0.091	-0.112	0.758	0.753	-0.085
0.239	0.898	0.871	0.218	-0.140	0.653	0.647	-0.091	-0.112	0.760	0.755	-0.085
0.243	0.906	0.869	0.255	-0.140	0.653	0.647	-0.091	-0.111	0.766	0.761	-0.085
0.230	0.888	0.875	0.153	-0.142	0.653	0.647	-0.093	-0.112	0.760	0.755	-0.085
0.230	0.888	0.875	0.153	-0.142	0.653	0.647	-0.093	-0.115	0.752	0.747	-0.086
0.214	0.888	0.876	0.144	-0.143	0.653	0.647	-0.093	-0.115	0.751	0.746	-0.086
0.210	0.898	0.888	0.133	-0.143	0.653	0.647	-0.093	-0.115	0.758	0.753	-0.087
0.211	0.900	0.880	0.187	-0.141	0.649	0.643	-0.091	-0.114	0.759	0.754	-0.086
0.208	0.891	0.878	0.156	-0.141	0.649	0.643	-0.091	-0.113	0.753	0.748	-0.085
0.204	0.900	0.880	0.188	-0.141	0.643	0.637	-0.091	-0.113	0.757	0.752	-0.085
0.199	0.887	0.863	0.204	-0.141	0.643	0.637	-0.091	-0.112	0.749	0.744	-0.084
0.196	0.894	0.867	0.219	-0.139	0.643	0.637	-0.089	-0.110	0.754	0.749	-0.083
0.203	0.896	0.868	0.219	-0.139	0.643	0.637	-0.089	-0.112	0.755	0.750	-0.084
0.232	0.887	0.844	0.272	-0.139	0.643	0.637	-0.089	-0.110	0.755	0.750	-0.083
0.250	0.877	0.864	0.150	-0.139	0.645	0.639	-0.089	-0.109	0.760	0.755	-0.083
0.241	0.870	0.867	0.075	-0.139	0.645	0.639	-0.089	-0.113	0.736	0.731	-0.083
0.231	0.888	0.880	0.124	-0.134	0.649	0.643	-0.087	-0.108	0.750	0.746	-0.081
0.223	0.895	0.884	0.140	-0.134	0.649	0.643	-0.087	-0.108	0.754	0.750	-0.081
0.219	0.903	0.885	0.178	-0.122	0.648	0.643	-0.079	-0.097	0.761	0.757	-0.074
0.216	0.903	0.878	0.211	-0.122	0.648	0.643	-0.079	-0.097	0.761	0.757	-0.074
0.207	0.885	0.860	0.207	-0.114	0.648	0.644	-0.073	-0.090	0.748	0.745	-0.067
0.203	0.892	0.870	0.196	-0.114	0.648	0.644	-0.073	-0.090	0.753	0.750	-0.068
0.195	0.893	0.873	0.189	-0.107	0.651	0.648	-0.070	-0.085	0.755	0.752	-0.064
0.195	0.909	0.884	0.213	-0.107	0.651	0.648	-0.070	-0.086	0.761	0.758	-0.065
0.211	0.894	0.854	0.264	-0.103	0.651	0.648	-0.067	-0.081	0.757	0.755	-0.061
0.231	0.902	0.847	0.310	-0.103	0.651	0.648	-0.067	-0.080	0.763	0.761	-0.061
0.254	0.903	0.838	0.335	-0.099	0.651	0.648	-0.065	0.426	0.755	0.688	0.312
0.267	0.902	0.852	0.296	-0.099	0.651	0.648	-0.065	-0.077	0.763	0.761	-0.059
0.277	0.911	0.886	0.209	-0.097	0.647	0.644	-0.063	-0.076	0.767	0.765	-0.058
0.277	0.911	0.886	0.209	-0.097	0.647	0.644	-0.063	-0.076	0.767	0.765	-0.058
0.281	0.901	0.869	0.236	-0.096	0.647	0.644	-0.062	-0.075	0.759	0.757	-0.057
0.280	0.896	0.869	0.217	-0.096	0.647	0.644	-0.062	-0.075	0.756	0.754	-0.057
0.276	0.887	0.860	0.217	-0.096	0.643	0.640	-0.062	-0.076	0.749	0.747	-0.057
0.271	0.890	0.855	0.246	-0.096	0.643	0.640	-0.062	-0.075	0.751	0.749	-0.056
0.250	0.903	0.875	0.220	-0.096	0.643	0.640	-0.062	-0.075	0.759	0.757	-0.057
0.249	0.892	0.863	0.226	-0.096	0.643	0.640	-0.062	-0.076	0.752	0.750	-0.057
0.249	0.887	0.866	0.192	-0.096	0.643	0.640	-0.062	-0.076	0.748	0.746	-0.057
0.247	0.890	0.871	0.185	-0.094	0.643	0.640	-0.060	-0.075	0.750	0.748	-0.056
0.241	0.890	0.878	0.144	-0.094	0.643	0.640	-0.060	-0.075	0.749	0.747	-0.056
0.232	0.894	0.881	0.152	-0.092	0.643	0.640	-0.059	-0.073	0.752	0.750	-0.055
0.225	0.893	0.879	0.161	-0.092	0.643	0.640	-0.059	-0.073	0.752	0.750	-0.055
0.225	0.890	0.851	0.261	-0.092	0.643	0.640	-0.059	-0.071	0.756	0.754	-0.054
0.230	0.898	0.862	0.250	-0.092	0.643	0.640	-0.059	-0.072	0.752	0.750	-0.054
0.231	0.897	0.867	0.231	-0.092	0.643	0.640	-0.059	-0.073	0.756	0.754	-0.055
0.229	0.885	0.875	0.133	-0.092	0.643	0.640	-0.059	-0.074	0.748	0.746	-0.055
0.229	0.885	0.875	0.133	-0.092	0.643	0.640	-0.059	-0.074	0.746	0.744	-0.055
0.233	0.905	0.878	0.220	-0.092	0.643	0.640	-0.059	-0.073	0.740	0.738	-0.054
0.233	0.905	0.878	0.220	-0.093	0.643	0.640	-0.060	-0.074	0.761	0.759	-0.056
0.233	0.895	0.871	0.207	-0.093	0.643	0.640	-0.060	-0.073	0.754	0.752	-0.055
0.230	0.899	0.871	0.225	-0.095	0.643	0.640	-0.061	-0.075	0.757	0.755	-0.057
0.224	0.900	0.867	0.242	-0.095	0.643	0.640	-0.061	-0.074	0.758	0.756	-0.056
0.219	0.889	0.861	0.218	-0.098	0.643	0.640	-0.063	-0.077	0.750	0.748	-0.058
0.222	0.893	0.852	0.267	-0.098	0.643	0.640	-0.063	-0.077	0.750	0.748	-0.058
0.236	0.887	0.874	0.149	-0.101	0.643	0.640	-0.065	-0.080	0.751	0.749	-0.060
0.233	0.883	0.862	0.194	-0.101	0.643	0.640	-0.065	-0.080	0.749	0.747	-0.060
0.233	0.883	0.862	0.194	-0.101	0.643	0.640	-0.065	-0.080	0.749	0.747	-0.060
0.232	0.883	0.860	0.202	-0.104	0.643	0.640	-0.066	-0.082	0.746	0.744	-0.061
0.233	0.897	0.869	0.222	-0.104	0.643	0.640	-0.066	-0.082	0.756	0.753	-0.062
0.234	0.899	0.870	0.225	-0.107	0.643	0.640	-0.069	-0.085	0.757	0.754	-0.064
0.230	0.896	0.869	0.220	-0.109	0.644	0.640	-0.070	-0.086	0.756	0.753	-0.065
0.237	0.905	0.862	0.275	-0.109	0.644	0.640	-0.070	-0.085	0.763	0.760	-0.065
0.269	0.912	0.844	0.347	-0.110	0.644	0.640	-0.070	-0.086	0.761	0.758	-0.065
0.283	0.902	0.846	0.314	-0.110	0.644	0.640	-0.070	-0.085	0.762	0.759	-0.065
0.290	0.897	0.858	0.263	-0.109	0.644	0.640	-0.070	-0.086	0.757	0.754	-0.065
0.295	0.890	0.856	0.244	-0.109	0.644	0.640	-0.070	-0.087	0.752	0.749	-0.065
0.297	0.887	0.859	0.221	-0.109	0.644	0.640	-0.070	-0.087	0.749	0.746	-0.065
